1.085679437504399436e+00
1.021412578781309310e+00
1.037038648007869046e+00
1.034467694777151170e+00
1.056323257770568347e+00
1.045511518395862094e+00
1.436959210786754371e+00
1.057348776811814828e+00
1.126614732667322816e+00
1.125913387710305136e+00
1.235761657812393555e+00
1.031119473411975740e+00
1.028486943034177648e+00
1.030914999232980245e+00
1.039967261499942452e+00
1.152723139784145756e+00
1.154155983292278975e+00
1.056971695165603409e+00
1.066993644337293379e+00
1.067827902588490030e+00
1.038641670475468182e+00
1.036459653863015085e+00
1.036675896770432592e+00
1.069232137420465190e+00
1.060814122314554186e+00
1.058139794908296016e+00
1.023873508445236169e+00
1.092424268393950237e+00
1.069968072529134506e+00
1.052747677730218490e+00
2.548044030696413387e+00
1.024633954743862985e+00
1.701048943724452922e+00
1.238751666677366137e+00
1.288811047569155432e+00
1.066234783059081703e+00
1.088407104783364554e+00
1.041475559401557227e+00
1.049363314672036918e+00
1.033486405677987552e+00
1.054740902626123633e+00
1.035641362015371270e+00
1.049953408503874641e+00
1.038411477504909142e+00
1.134447871876078207e+00
1.044788045347331273e+00
1.122988179696390088e+00
1.038311758301906140e+00
1.044198901860230455e+00
1.034412601656862440e+00
1.062668987839374912e+00
1.104878679930778373e+00
1.118219864327344659e+00
1.068625869596195432e+00
1.045052124414748596e+00
1.315271787286115934e+00
1.028410463849380507e+00
1.421466429518660091e+00
1.038286407854503546e+00
1.063558240656809151e+00
1.155181522987467568e+00
1.166322391845852291e+00
2.266962161101262474e+00
1.035208206158142463e+00
1.088338483776247312e+00
1.222471761675385071e+00
1.046982029296545491e+00
1.043156162223202621e+00
1.080426243688984211e+00
1.039949183233419117e+00
1.027418472346544487e+00
1.073631154075587402e+00
1.107648776097792664e+00
1.039021328713296111e+00
1.040982591775010180e+00
1.047421015804150590e+00
1.053882755307979480e+00
1.056930277893373793e+00
1.034737782346497159e+00
1.041788351233202015e+00
1.126738194587844966e+00
1.055175196931347870e+00
1.042223793186744185e+00
1.189948354740878900e+00
1.031061277193429326e+00
1.044393299516621187e+00
1.045183677294993174e+00
1.352467127201421926e+00
1.215488591090280179e+00
1.037149276026970934e+00
1.049679495009608443e+00
1.042728143135046803e+00
1.096327245429722153e+00
1.856343153200361806e+00
1.040999047149848700e+00
1.047809131500961444e+00
1.151175098104244121e+00
1.020208294484787448e+00
1.202505957769150813e+00
1.096670278347394945e+00
1.071344866373410643e+00
1.031510413686473449e+00
1.258129638810694395e+00
1.053189645015627285e+00
1.029562526264587552e+00
1.104005405964312736e+00
1.077669355400110218e+00
1.395760572832584590e+00
1.218519473911005901e+00
1.122056289836421028e+00
1.036498611418185334e+00
1.023278775216625025e+00
1.548218693204713503e+00
1.064259225967280287e+00
4.088498360110848218e+00
1.035009507786130101e+00
1.554016319860331619e+00
1.383593928521047678e+00
1.108828013876695051e+00
1.367312852162601677e+00
1.068191055356201513e+00
1.103582051958889476e+00
1.023047930645204939e+00
1.073170068758368512e+00
1.150318975454871495e+00
1.106188658285987891e+00
1.027002306043090174e+00
4.644683689718032582e+00
1.475716050906036303e+00
1.526949329083481910e+00
1.286754543493504599e+00
1.627409556863838924e+00
1.397503001281085622e+00
1.614479263787349073e+00
1.871676319055795235e+00
1.274646219235153977e+00
1.408153757413455498e+00
1.717948291788964132e+00
1.153481146322130391e+00
2.412526665748163435e+00
1.520193750076625605e+00
1.233881420256405015e+00
1.044860288631654477e+00
1.332828624204512868e+00
1.304564930036119730e+00
2.507586885858680503e+00
1.444041264191015639e+00
1.296155932904826225e+00
2.153833036828791236e+00
1.359009786496826466e+00
1.348222922079622466e+00
1.162618452507214295e+00
2.620160139620452355e+00
2.169471010023920954e+00
1.156915772435432643e+00
1.130890889450920200e+00
1.322990647139532960e+00
1.092990655201828698e+00
1.187271714680754542e+00
1.298335477578702823e+00
1.064132476259384674e+01
1.129284710744534070e+00
1.196959500646829211e+00
1.672712280628629644e+00
3.577147233878387400e+00
1.535757724476027652e+00
7.287870059455883620e+00
3.317692374866969551e+00
1.214322797887206873e+00
1.222275141597123804e+00
1.225449569230882441e+00
4.033709725194338347e+00
2.058844714266653053e+00
1.036219521713054537e+00
1.182800061061537900e+00
2.211307879732857362e+00
4.432774068471110773e+00
1.371585313905155035e+00
2.197276190735801382e+00
1.281336117441398414e+00
2.185084327596005682e+00
1.460292631395608387e+00
1.249928212269166838e+00
1.085203841249005707e+00
1.328225379042901055e+00
2.351370009206268374e+00
5.711804245914022360e+00
4.894833474720962307e+00
1.852092998477407448e+01
3.870373871692586398e+00
4.166534446233008282e+00
1.212610174587519296e+00
2.220789672412293303e+00
1.701899367198592028e+00
3.703436614901488344e+00
3.097511185718701210e+00
1.199071036376331501e+00
2.126102842413704064e+00
2.098205506721369851e+00
1.471722300758306012e+00
2.999339649916052064e+00
1.926036070727584981e+00
1.118016482949241386e+00
1.207344771426764662e+00
2.552562768433740192e+00
1.321690272295379165e+00
1.624305276012632415e+00
1.341209362967274998e+00
1.290990736252329851e+00
1.071939894080910172e+01
9.596697206181902473e+00
1.162511097974102015e+00
3.791512475283062233e+00
1.482173588667112352e+00
2.678434486096016087e+00
1.289698785112928014e+00
1.211263408580829370e+00
1.805157816810245119e+00
1.199648582339290614e+00
1.218677249544816377e+00
1.100142478811437341e+00
1.568344669128956870e+00
1.521933528026645721e+00
1.169284901387897202e+00
1.214776588812314317e+00
2.241984105262808669e+00
1.261662954373820922e+00
1.285949088721024536e+00
1.595985673716209474e+00
1.143046397045641926e+00
1.615644782927233347e+00
5.735396190801369087e+00
1.502331662287426539e+00
1.471784869165896570e+00
2.111887684780661356e+00
1.108605799106813006e+00
3.235365260273102006e+00
1.757060810439504683e+00
2.055035321916570457e+00
4.630550044147708988e+00
1.432571069548235876e+00
4.858563092933773753e+00
4.792349591558020094e+00
2.548602028810492470e+00
2.565855030961403660e+00
6.111882733580860538e+00
1.527930673541480822e+00
1.450687918447329805e+00
1.390947550070460670e+00
1.807297902263140799e+00
1.258935042684216521e+00
1.392366632587883402e+00
1.578455403801371171e+00
1.795056705139136399e+00
3.611976108293516230e+00
1.865893660278062471e+00
1.361051354883062947e+00
1.650781824021884781e+00
3.244574379120326313e+00
2.286765253516246599e+00
1.032950122356629086e+00
1.282228617884570099e+00
1.151271291650853179e+00
1.854192955990249914e+00
1.359844418552704770e+00
1.121428831307299978e+00
1.890792825527507270e+00
3.729585783587206382e+00
2.131545037477012627e+00
1.040140132972288578e+00
1.273989535329313583e+00
1.913452324319884212e+01
1.135216656878179409e+00
7.442930126672301583e+00
1.480254835756813270e+00
1.242304018535199672e+00
3.033006565115713649e+00
4.997091151118487673e+00
1.600502462924276781e+00
1.367296034984585074e+00
4.142495437914321954e+00
1.506436375956701657e+00
2.824924527127131491e+00
2.606798966783064220e+00
1.333068100822822455e+00
3.017286885664264062e+00
1.493994534206603664e+00
1.606047673762649453e+00
1.273184733963207638e+00
1.048485583693012124e+01
1.180364231519641649e+00
4.750802562617927549e+00
1.352478548587598084e+00
5.538283449286225846e+00
4.262770662402707522e+00
4.894509315076797762e+00
1.690049299950614259e+00
1.024872645467225452e+00
1.652789950415100684e+00
1.413445364343328459e+00
1.487998359244622426e+00
2.671409105112196425e+00
2.709065977728256858e+00
1.446779435343362952e+00
1.713207325602676967e+00
1.224606442987961730e+00
1.876848432424804702e+00
1.842812379217612317e+00
3.375593504325710814e+00
1.081771159371370361e+00
1.309652393036441431e+00
1.911087839685519096e+00
1.159748456808938455e+00
1.482756166201672610e+00
1.675097711300264525e+00
6.797937888305074061e+00
4.576597240968155234e+00
1.365592995832512813e+00
1.338179325588708668e+00
1.449559796512351451e+00
2.070321698368169372e+00
3.203803736579827977e+00
1.400164589123931824e+00
1.529718074578851894e+00
1.401602171352486881e+00
1.419779988345009736e+00
1.665936804019561013e+00
1.331573716958942555e+00
3.500640136774698430e+00
2.589850219806706821e+00
1.956324385465888938e+00
2.151337717164703012e+00
4.061704200529277387e+00
1.868145055248175979e+00
1.264502150250200962e+00
1.333785385928502976e+01
2.703866562663239659e+00
1.543270533677809198e+00
1.340360213678288837e+00
1.584319303427765835e+00
1.174991441959683636e+00
2.434144591359026943e+00
1.794082873254995825e+00
7.723423592522367542e+00
1.236187527290560695e+00
9.342111961362750350e+00
1.685238373420226088e+00
1.545961862129821451e+00
2.023390568495635033e+00
1.937960113513735649e+00
1.395644315346176390e+00
1.725045741705895974e+00
1.156336726206357524e+00
1.738431466299683592e+00
3.021693299906537344e+00
1.576846074926026464e+00
1.902005876653218408e+00
2.266601273002961214e+00
1.067982808650268733e+00
1.093582206432961001e+01
4.874183854712557995e+00
3.476988250471579445e+00
1.455135970562777770e+00
9.783410536787714662e+00
1.984663232120661869e+00
2.037216900362376570e+00
7.550254307069863557e+00
1.422876037297193808e+00
1.610772110068531271e+00
2.115070362338814736e+00
1.514295850348994721e+00
2.969827012652876519e+00
3.341839108849658402e+00
1.154356531634785688e+00
2.690958366148140435e+00
1.849942867544653202e+00
1.734274161003425574e+00
1.294558906770181039e+00
1.760350979896747825e+00
3.572826742997265548e+00
6.634957640466803142e+00
1.681405313949090985e+00
3.199098905572036688e+00
3.927832032674924534e+00
2.601533893758075866e+00
1.791079366947279095e+00
1.559535582501540008e+00
1.267565703706493574e+00
1.609886188541874041e+00
2.482140260890949968e+00
2.064113338801648823e+00
1.410077916443208457e+00
1.527380279197667168e+00
1.741444540995198409e+00
7.859868054833129669e+00
9.724810678134778286e+00
1.906414792853775575e+00
3.528473902431419340e+00
5.423948214038092352e+00
1.429253386821232930e+00
1.461140538670075539e+00
4.112157727666485130e+00
4.212540994185994592e+00
2.715438732772298192e+00
1.240496201550827626e+00
4.083874251990748938e+00
2.057226745301586668e+00
7.674108572555026875e+00
4.196099223845781268e+00
1.595644594597457333e+00
1.754612208757430070e+00
2.759921991405818176e+00
2.050989470001175707e+00
1.574667425746903549e+00
9.421480999736719042e+00
1.419792480354131747e+00
2.889658571354779326e+00
2.526291355872214872e+00
1.546373203808258712e+00
1.784878279789686495e+00
1.411986690065558214e+00
1.095495325326228553e+01
5.696312387158522839e+00
5.418188104047618303e+00
4.749009211227551042e+00
7.258262813221699083e+00
6.597599914771970830e+00
2.203207533787959971e+00
1.357751197991964753e+00
3.914197342597814266e+00
1.582933283152973880e+00
2.266401969206931710e+00
2.832704116395640348e+00
3.402491496438811769e+00
1.844115853168778463e+00
1.452586701700180116e+00
1.379452469566672557e+00
3.251008797088416724e+00
1.617266830812204681e+00
2.798572012278708332e+00
1.049341083088280513e+01
1.276168885490645666e+00
3.319254125978027048e+00
2.779165498718427330e+00
3.366529592831621009e+00
1.452440943128929574e+00
1.538254162578721917e+01
1.650785798511940072e+00
1.246486690560917232e+01
1.539054995898975875e+00
2.069290357184925710e+00
1.931347859772137410e+00
3.799987797558487923e+00
3.164406767638276996e+00
4.497392344404481435e+00
4.284832123716143748e+00
2.822230229272697954e+00
2.012153079888328921e+00
2.112736031893337252e+00
1.629977984231529398e+00
2.724462033354896562e+00
2.276450848144826011e+00
1.062719901695690972e+00
1.340557501352657610e+01
1.247662694765998914e+01
3.017784729042642944e+00
1.880354807269972284e+00
1.471077563995866200e+00
2.309352260571157611e+00
1.935939396379422561e+01
2.259262663592283449e+00
1.230204268773767318e+00
4.486073805423768768e+00
1.916876944990343556e+00
