2.203244934421580759e+00 2.642020789997054919e+00
-4.998856251826550690e+00 -4.677733612775681671e+00
-1.976674273681602312e+00 4.822712283503276964e+00
-3.532441091828869340e+00 -4.086772601962821660e+00
-4.076614052312022451e+00 1.140748319390118226e+00
-3.137397886223291188e+00 -3.506491891743495071e+00
-1.544392729569522338e+00 2.079649670508221249e-01
-1.032325257693300635e+00 -4.066549063996925284e+00
3.881673400335694524e-01 2.812004399897563012e+00
-8.080548559670521769e-01 2.729310172845504923e+00
1.852195003967595177e+00 9.814876492909299088e-01
-2.955477502684825453e+00 -4.854566804244369926e+00
3.781174363909453717e+00 -4.579757794553588113e+00
-4.726124068020737923e+00 -3.190293425890823542e+00
1.704675101784022040e+00 4.720306709820732749e+00
-8.269519763287300762e-01 -2.453998110694026735e+00
5.868982844575167945e-01 2.510088258632285019e+00
-3.596130614047662100e+00 -2.187647904341366356e+00
-3.018985109151212320e+00 -2.444813824636364874e+00
3.007445686755366054e+00 -2.421362640213737816e+00
4.682615757193975270e+00 -2.029470044898749048e+00
-1.865758218407571611e+00 -4.910553950628627540e+00
1.923226156693140787e+00 4.871761820679248345e+00
3.763891522960383540e+00 6.646063582231311884e-01
3.946066635038473436e+00 1.018424112867921671e+00
-4.149557886302220666e+00 3.826007085944578279e-01
-4.609452167671176603e+00 -4.561624519613901363e+00
-3.301695804354310759e+00 -2.847951110124267160e-01
3.781425034294130683e+00 3.967650120858889906e-01
-4.016531661669499265e+00 1.729557907518587179e+00
-7.889237499494781147e-01 3.416800271676576628e-01
4.578895301505019333e+00 -4.449276910133713514e+00
3.316528497301707290e-01 1.200989899363765545e+00
1.918771139504733547e+00 8.117520277669685314e-01
-1.844843689939370535e+00 4.559632582413399859e-01
1.865009276815836614e+00 3.432812802132525931e+00
3.346256718973728894e+00 -5.261324029611831321e-01
-4.817117226558082166e+00 1.035654463082336108e+00
2.501443149449674941e+00 -3.763871136011588625e+00
4.888610889064947784e+00 -2.476207470070022065e+00
2.481656543798393955e+00 3.503543257543007883e+00
-2.195560079355947991e+00 -4.837756375135331410e+00
2.892793284514885599e+00 -3.437490218970982170e+00
-3.967739934223579734e+00 3.233849747596623914e+00
-5.210647382409483441e-01 -2.706623185206501248e+00
4.085955030930955800e+00 -2.408050446618822171e+00
-2.063858516263205267e+00 2.007906066726735439e+00
-2.122246614136512832e+00 4.665252791289367096e+00
-3.699714278817223256e+00 -3.017201800355198138e+00
-4.806330421297029254e+00 2.474972878938462628e+00
1.788355329398909177e+00 -3.594937550182478958e+00
-2.883718839999409589e+00 -1.175024287206920537e+00
-2.344533406277737875e+00 -1.767107485966168401e+00
-8.426840719661754520e-02 3.837855189840368553e+00
-4.466374548829196378e+00 1.553813962406581872e+00
7.411760549201309445e-01 -1.664246399987696634e+00
-3.532714250941898726e+00 -4.783920408520765832e+00
8.930553690328419947e-01 -1.309913408718210714e+00
1.997583600209312138e+00 4.721806718439246708e+00
-3.976655711721741593e+00 2.909908678209172095e-01
-8.594401218043170587e-01 2.421448232056074623e+00
1.944001577277450821e+00 -1.546111631059809977e+00
-8.582073047309730640e-01 -3.941013467477088028e-01
-4.500465410539128186e+00 -2.883643017820202381e+00
3.589640591551157556e-01 3.369597301372854403e+00
1.637946452197888370e+00 -1.401911405998794713e+00
1.488911205830856233e-01 -4.629118670493152621e+00
4.445947559908132618e+00 1.889891899907270911e+00
8.655504050199294142e-01 -3.442111158910293511e+00
4.034019152878835612e+00 2.987511693104819344e+00
-3.625252958537624970e+00 -4.847375473746680541e+00
-3.607236527492414524e+00 8.562314731323192873e-01
3.073912887095238133e+00 -4.483722974385617732e-02
-1.023231630144664450e+00 4.974617337584914978e+00
-3.346458028830672227e+00 -3.656292635737334873e+00
4.275085803960338993e+00 1.725536822244122526e+00
-1.522341402544934219e+00 -4.050545247002801830e+00
2.508121031361555175e+00 -3.382315856809777976e+00
2.259979853504514580e+00 4.883312916279946236e+00
3.833060912058098069e+00 3.066650674613896399e+00
1.236722070556089292e+00 -2.553597113328975876e+00
2.509424340273371357e+00 3.463004457007919257e+00
-1.511016580221574479e+00 -4.643997409650735264e+00
-2.300721082349739266e+00 3.560705118183182805e-01
3.958862181960668636e+00 -4.085252443917993581e+00
-7.190881012870509181e-01 4.709056666420877946e+00
4.648400471483855156e+00 8.310093672468576997e-01
1.634414978184480560e+00 5.574127463755988998e-01
1.216957202091217383e+00 -1.820269269759335895e+00
-3.852540270466247918e+00 3.499045421492846586e+00
4.494892587070712153e+00 3.015451346571795810e-01
-5.008786652005952078e-01 -4.829017758482732070e+00
7.838961438713178964e-01 -3.151051094526726715e+00
-9.186319723871880782e-01 -6.653169016772952915e-01
-2.629730197569722705e+00 -4.200235888948851581e+00
4.033795205622537239e+00 -2.193424466145403873e+00
7.367948667228585435e-01 -2.496047136419081713e+00
-4.971296729688409854e+00 -4.993913576908008523e+00
1.171449136207238340e+00 1.928853192293603414e+00
-1.733550982279038699e+00 2.738896364811566286e+00
-1.427302399975002523e+00 -3.484751190191566206e+00
4.085351509197991504e+00 3.900366384529911912e+00
1.233601157918027269e+00 1.582128898145321649e+00
-3.276594916546714309e+00 2.868842837227376208e+00
4.325954630371635190e+00 3.909002067462010288e+00
2.115247586284717762e+00 2.302687217068667636e+00
-2.537889323969540811e+00 2.568652512075241034e+00
8.575927145828785569e-01 1.390532170869906103e+00
-1.121393559358282666e+00 1.863402441962448641e+00
-2.742906613921452852e+00 -9.109388928497832438e-01
2.129889803826766403e+00 -4.798842019169324402e+00
-4.874440198408841241e+00 4.400625138171678330e+00
6.810046191994212350e-01 -1.222297968592622741e+00
-2.967067653390095039e+00 2.631214106853785317e+00
-6.230285731270068794e-02 6.133970778301840454e-01
3.289808995501786626e+00 4.231779590175358763e+00
6.885143708648131522e-01 -1.210095239538078182e+00
-1.198588273764495948e+00 -1.145993004501448809e+00
2.453344309065021100e+00 1.825186327094861838e+00
1.692328934531845519e+00 -4.969339820121909668e-02
-1.299158020858937057e+00 3.625102968817710547e+00
2.527555537388138873e+00 1.851332782460625381e+00
-4.334635186458850598e+00 4.976633612725853695e+00
-2.396849014214590401e+00 2.843592980408395476e+00
-2.367032295128890240e+00 -1.099096014662236165e+00
2.721780295432467689e+00 1.473331254774046251e+00
4.490163206876164992e+00 4.127964154958704057e+00
5.665318819515636761e-01 -1.416357028404569007e-02
-1.099922858587537355e+00 -1.014848238969183747e+00
-1.051243870764451138e+00 -9.630338616440248245e-01
-1.552633473167065681e+00 1.107088220506566856e+00
8.201417994708002368e-01 -1.025085216280341438e+00
-9.746477380072260388e-02 1.627380175437828314e+00
9.911030764587831499e-01 -8.805356479678074777e-01
1.120311770449339051e+00 1.010894242616373617e-01
-1.234196852542255307e+00 1.505856339559448642e+00
1.280761983073503529e+00 9.753143424550216878e-01
8.683334065608292462e-01 -8.740591462097828668e-01
2.550821884676802043e+00 4.084988281538670662e-01
-8.918865007781437981e-01 1.001580645552184734e-01
1.219193679203014469e+00 7.557287247909671990e-01
-6.975272917873560630e-01 1.985352813761585011e+00
4.738020779272522631e+00 -9.451265318315638098e-02
-1.566537602255769990e+00 8.346257413769144762e-01
1.627198123752622294e+00 -8.851376414440625950e-01
2.771464630874662660e-01 -8.251965237509386597e-01
6.885799070471554373e-01 1.384683675245518941e+00
-3.429012140801912523e-01 1.845921351882760852e+00
6.949441274537573321e-01 -7.002930772857585140e-01
-3.311997723669364291e-01 -1.679351979870193912e+00
-1.548279488447850127e+00 7.872053698071415084e-01
2.285856679745962516e+00 1.040034328780132356e+00
-8.415128173247268251e-01 -4.895124560744257280e-03
-2.285901295021766089e-01 9.533781367885110214e-01
2.515278171352438363e+00 -4.517512733720039364e-01
-2.779508602000773099e+00 2.720940611905042772e-01
-1.756375402738135083e+00 -3.973866594111283845e-01
3.264069976293413333e+00 5.120616077608204364e-01
2.317286007395269465e+00 3.545736101367040760e-01
-1.547025384089184552e+00 -1.052098585560095056e+00
2.642593390552132604e-01 1.518077117819904842e-01
2.456371927074960659e+00 1.364175239710727183e+00
1.926777175073542736e+00 1.232778015415999739e+00
8.157740734429115292e-01 9.738324570743799313e-01
-4.302467256430722031e-01 5.191038231348912291e-01
-1.189838759377858324e+00 7.649550656123826897e-01
1.114147829712823778e-01 -4.013201271371862333e-01
4.095180496218864263e-01 5.797722996994654210e-01
2.093872512312950462e+00 -6.598371453154179278e-01
-3.499851843649395278e-01 2.128314840965011001e+00
-1.575458801564801892e+00 1.451406450065615417e+00
-4.759517325354849504e-01 4.005957695881807723e-01
-9.760748014226416913e-01 -3.194392212435994693e-01
-4.896357386647681054e+00 1.949907649340304694e+00
-1.855329888141503680e+00 1.477912340100235866e+00
1.229269227836136125e-01 9.565536042816455975e-01
-4.714650004846259179e-01 3.453996010433790786e-01
1.283090375213571832e+00 -1.090212921783864086e+00
7.675593498709076812e-01 -5.925774189058596875e-01
-1.885557858675372067e+00 -3.853586255243754977e-01
1.726759850112982164e-01 9.589164419099578396e-01
-1.287062387209455316e+00 8.090262386287694341e-01
1.070941619724604443e+00 1.733683325343512216e+00
-8.641358499883864397e-01 -3.339613160720986684e+00
7.421908884085972602e-01 1.625490004394448462e+00
-2.749906639468768788e-02 -9.158804440155190463e-01
-3.137165725389081672e-01 -3.813902099254935507e-01
-4.259508391056829879e-01 -3.438274742178206722e-01
4.519169700994662975e-02 1.027246526179972363e-01
1.908232221198948864e-01 -6.103220855809601275e-01
-5.075324641336242948e-01 -3.363630359892226807e-01
6.052999053605878643e-01 2.119198228127356920e+00
-7.226267066392377814e-01 -6.333710591701899872e-01
-1.229174007926658874e+00 1.993295461851865014e-01
-6.469404237047999828e-01 1.235217340783458795e-01
-2.196869203471667475e-01 -7.114946207627950159e-01
-6.881824483962901695e-01 -2.169012853994924050e+00
-9.579809422485272563e-01 2.793231295150500060e-01
1.009542481076399767e+00 -1.419453733267328488e-02
1.382187106203334181e+00 5.893447083991869562e-01
-7.443860973845310980e-01 1.622066452477906040e-01
7.240511243464933244e-01 -8.193818850277008181e-01
2.400775431590716380e+00 -1.694218276461010309e+00
-2.219149513870172008e+00 -2.292767205153349863e-01
-7.365184576376933023e-01 4.412085318458256467e-01
-1.543011788244976756e+00 -9.351375552502814159e-01
-4.303429943844960803e-01 1.243511027441567052e+00
1.562293317171313589e+00 -7.972216021349893822e-01
1.054790010309346826e+00 -1.572479727689597429e+00
4.700608095894320826e-02 2.989411284549614578e-01
1.786004817232189623e-01 -2.833762470948073542e-01
-2.483608576441471705e+00 -3.775851549806494845e-01
4.026094039689986914e-01 5.081589183730939041e-01
-6.016918579142753742e-01 -1.359853168657305655e+00
-2.213799556777882316e-01 7.974834085230666503e-01
-1.020093605920775470e+00 1.600028862021396492e+00
2.159456994623944581e+00 -4.735088492907744140e-01
7.079923284136402373e-02 1.165351093291490336e+00
1.477706331874811596e+00 1.726274664443595341e+00
-1.796806741779687577e+00 -1.223913875573368948e+00
1.195867393685738023e+00 2.952578782339053021e+00
-6.706149126583689224e-01 1.200997744812531742e+00
-1.424888326695585850e+00 1.440487377846713102e-01
-1.697230634749190337e+00 -1.784259551350708684e+00
4.412138358535724336e-01 -2.148284935713741461e+00
-1.207850819479761029e-01 -9.455230852240941175e-01
1.993076236968142290e+00 -2.362186617373751574e-03
1.884973179489187523e+00 -3.050673887043444665e-01
-1.280778783323127890e+00 -4.107090577823768740e-01
1.135886945028356187e+00 2.420611816254444548e+00
1.417504352588281336e-01 -1.316964223252271360e+00
-3.716088129174011101e-01 -3.231550680610428827e-01
-7.106766597009706032e-01 1.273511057972958938e+00
1.334740126224209789e+00 -6.898931218378256958e-01
-2.941212050111428056e-01 9.597594957556019324e-01
-1.214194067493977514e+00 -2.809760454468992474e+00
2.566944435097937571e-01 6.751250456239787923e-01
-1.175325427290824010e+00 -2.505686088641052578e-01
-4.816375057912933855e-01 9.090374918859289721e-01
-5.156915817436402705e-02 5.655036545213310006e-01
-1.306000743880937343e+00 -8.638456629282700305e-01
-5.112116329323441732e-01 -2.031666222594221693e-01
2.761877231156137924e-01 -4.815329266606891423e-01
5.791199424377246885e-01 6.352289193861420102e-01
-1.043503885483145766e-01 8.487363665372900101e-01
3.964911009335061465e-01 2.553611432349347510e-01
-5.336495417630953142e-01 1.320676125180188620e+00
2.580196995146994965e-01 -1.513712074181369438e+00
-1.605832759823905498e+00 -3.489126495132364170e-01
-3.052097144007426266e-01 1.125394717413318091e+00
-6.952821725502502659e-01 1.878665280273724036e+00
-7.834211396754913181e-01 -1.441303061419395348e+00
-1.355925682960528178e-01 -1.357368995636792697e+00
1.049268729742816930e+00 5.275697740505771449e-01
3.128781048105802043e-01 5.922574080977840438e-01
9.846469310463632496e-01 5.510918683346845981e-01
6.769033011914924458e-01 -1.567113105121566985e+00
1.157042872039487413e+00 5.711989212368164814e-01
-5.965291316876175642e-01 4.046999966438598051e-01
8.982364810988920922e-01 -2.686241546761465315e-01
4.974849927283294448e+00 2.401471971998388355e+00
-4.530777244759311984e-01 -1.867418548268488188e+00
1.724726505249298825e+00 1.947876567526881431e+00
1.135258996684315846e+00 -2.743285380703675003e-02
-3.839791910837799804e-01 1.666122685250694957e+00
-1.556608045499461301e+00 2.443910733655555667e+00
-7.066927738350772259e-01 -8.604959838516892390e-01
-3.842028903761383063e-01 -5.311261642995468435e-01
8.340631460822791610e-01 5.436998503245682457e-01
-4.992356145218119323e+00 -3.947445205710797822e-01
-1.130107657437078306e+00 -1.588229001378689276e+00
-7.119126568679767786e-02 6.118205056948067266e-02
-2.455618976855778790e+00 1.234871736928093711e+00
-4.004326892574159302e-01 8.856682745355470843e-02
9.138718226751683105e-01 -1.176632961205967831e+00
-1.178993574508604425e+00 -1.699692435764287524e+00
3.180690542887099070e-02 -7.551496747912889163e-01
3.700711684054072137e-01 -3.932009764068400415e-01
-1.111265973052756095e+00 7.492066742431724435e-01
3.798772013968090278e-01 -1.649928980511821131e+00
3.676832194246406615e-01 4.882530962326363522e-01
-1.093895012630942354e+00 9.559942450549225867e-01
-5.899337959112882501e-01 -5.337812586354298006e-01
3.483223251981151236e-01 7.696615287765702362e-01
1.495830548784788938e+00 9.544401343010155969e-01
-3.847874675288540658e-01 6.537905143213933457e-01
2.355530471689277761e-01 1.451021613642896391e+00
1.319949504631371617e+00 1.960460997890098866e-01
1.910273415567042221e+00 4.015904457171277642e-01
-9.804687755768259905e-02 2.931399900107889422e-01
-2.164554863963454867e+00 1.007584500142000294e+00
5.143157367337245489e-01 -2.172526035353419260e-01
-6.616017284727409020e-01 1.595058560338866727e+00
-3.486605648192249163e-01 3.642191486151791224e-01
5.782530371491043653e-01 -1.591130536892553238e-01
5.779386789866425289e-02 -5.443689702112530782e-01
1.251210683054896577e+00 -1.005645562236887613e-01
3.957291085287041099e+00 4.971177980982139033e+00
-9.371157231168494306e-01 -8.843096327069455143e-01
1.570403290247293526e+00 -3.061932424799689301e-01
1.095019257734966445e+00 9.935228152931099288e-01
-8.236765318581671380e-01 9.622258972469399652e-02
7.817391840853815665e-01 -2.495826574960826605e-01
-2.026243295084491081e-01 -1.528553461290304227e+00
-7.317865055176442368e-01 -9.959702046321714519e-01
-2.051791204630363019e+00 -6.288970236541171488e-01
-1.097352954004190195e+00 -2.326836001546688237e-01
1.054220077270481504e+00 -4.410182672651501434e-01
6.555423538038107623e-01 -2.494925925271216371e-01
2.996608375248388967e+00 -1.847441352359446842e+00
1.539369314312128978e-01 1.831195823283815471e+00
3.538089173052174630e-01 1.043460182479858389e+00
-2.051879882015046341e+00 -1.485693301215743389e+00
1.475529858164271957e+00 -1.775108305268862097e-01
-1.202355669660052584e+00 4.034948366069670556e-01
4.378749166382522873e-01 -4.192607138525872301e-03
5.522531853134449165e-01 1.499924603738982398e-01
1.196819920538628068e+00 1.202904995542293243e+00
9.526978067325622135e-01 1.481599259324841711e+00
-1.408806610758892575e+00 6.154629492961172232e-01
1.020078384720013887e+00 6.020953193950262516e-02
7.100876193707303941e-01 -1.569462954568585644e-01
9.139402516367667317e-02 -1.622535837526657421e+00
-5.210108437972014173e-01 -1.323263746134183627e+00
-7.544008969778337459e-01 1.436253564810349381e+00
-8.389922738185795481e-01 1.348756230014909185e+00
-7.386921957528782556e-01 -1.040975047668605491e+00
-1.776425108672893494e+00 -8.002197606496253002e-02
-2.703504813998689471e-01 -6.285138878268199392e-01
2.622966489163038872e-01 8.075036384710951864e-01
8.243986188922258762e-01 -6.932028579807454349e-01
9.866388160643566607e-01 -4.328713069781020550e-02
9.325959692949581381e-04 -6.192480168390464002e-01
-1.126394778555192211e+00 3.705511689153428989e-02
2.791879753073107651e-01 1.962957733286851969e+00
-2.117659881452826909e-01 1.056655714206957697e-01
7.268829329241546233e-01 3.833885974359585447e-01
-1.375346826999745975e+00 2.882341988967072055e-01
2.671586035861572839e-01 -1.735601717952537371e+00
5.508676652217445735e-01 -1.240857076064145748e+00
4.547116854871946501e-01 2.379993670736006983e+00
4.316404751920375205e-01 7.796108229070455309e-01
1.157259286130373432e+00 -2.040407278671718672e-01
-4.887637438821812452e-02 -3.959623827535994067e-01
-1.928392315149050074e+00 8.170500563439864194e-01
3.983009398782844102e-02 3.404915510409178836e-01
-1.259198122617438464e+00 2.168376901047874838e-02
9.408581438762375626e-02 1.398780930000528500e+00
-1.015418034509598666e+00 -2.404569975774650814e-01
9.842722238801480117e-01 4.611002138889643831e-01
-1.158857720037733685e+00 1.151886777346767587e+00
-5.242085594936183313e-01 -1.108699453947520119e+00
-5.247162040874471245e-01 -2.505797692124598353e+00
1.209523875804721982e+00 1.241975465891487218e-01
-7.350705414378158054e-01 -1.843359889397753193e-01
-1.216461611647509322e+00 -6.212601606670089538e-01
1.060352981689621998e+00 3.179331819035855489e-01
-9.444261586097582040e-01 -1.151539331778295150e-02
-3.499015386479500389e+00 1.622039424785926442e+00
-1.552993905149326892e-01 -2.528530007559526283e-01
5.213880755348139218e-01 -1.717162422052247450e-01
6.813971769219238084e-01 -9.032658250235670039e-02
1.527312009009547111e+00 5.725744202146287876e-02
-9.259883555586689852e-02 -3.160531755347264493e-01
1.052507855070619947e+00 -1.453424968817262908e-01
-9.181859714771780645e-01 4.819219631917261992e-01
1.330034946790661365e-01 3.833697382769374329e-01
1.199456938616298984e+00 -1.032827664067819118e+00
-1.326106424224668956e-01 1.322917161742105385e+00
-1.191955447867592000e-01 -9.953637123201133363e-01
-2.762655778476021950e-01 1.415486866239461961e+00
-2.089942577425594195e-01 -7.382504484549468060e-01
-5.353151893091023794e-02 -7.042467721011185233e-01
-1.849729110314324299e+00 1.793056674854859089e+00
-6.902634627412567170e-01 4.513779525416747873e-01
7.243081692707260544e-01 8.780574438072097365e-01
9.393614338376954365e-01 -7.770694777429980604e-01
2.925592686771691930e-01 1.859522908215362591e+00
-1.088482394649718188e+00 -5.034991226122595975e-01
2.965732057004260014e-01 -6.061105490124250039e-01
-1.019221528991174353e-01 4.336527491363497688e-01
5.659165910210184336e-01 1.128797977617296056e+00
-7.166478624027750044e-01 -1.278976195114092107e-01
-6.205807522287623001e-01 1.258048518611296629e-01
8.426940522758075147e-01 -7.603346422724222009e-02
1.127289363426182689e-01 -1.171790256175447631e+00
1.384779554015473479e+00 -5.168173102083883919e-02
-1.971714807673593306e+00 8.861707369796079092e-04
-1.328076740967344627e+00 -7.956885648411038403e-02
-3.345650862625939581e-01 8.111902098787826532e-01
9.971436561599302806e-01 2.357634731832956021e-01
5.828657844765183782e-01 -1.496745659202549650e+00
-8.760739177970302549e-01 1.124041082629853250e+00
5.489238107584526460e-01 1.082317093643890615e+00
-3.632628878729891042e-01 -1.518560811117284359e-01
3.201375007738160861e-01 -8.446404929654960370e-02
-5.640796137966628265e-01 9.495591439624746499e-01
-1.166588187955133193e-01 -6.704451905489205998e-01
-2.848006165141727664e-01 4.246365733167989376e-01
-6.191856257214549686e-01 1.444484651520534513e+00
-1.479565973048431182e+00 -3.433582328966275909e-01
-2.054046112573892913e-02 -6.138548151912326389e-01
5.968649900177291912e-01 9.555389463493124680e-02
-8.153573608857511701e-01 7.899325343234231411e-02
1.738518768832562067e+00 -1.134758528947201750e+00
-5.912096166274452003e-01 -1.765784592440411416e-01
-9.730044410293547941e-02 -1.023135005421261567e+00
-7.279170191772177390e-02 3.942259562408398921e-01
4.041665049608980098e-01 4.515794215920703181e-01
-6.664959744045511059e-01 1.168690615325800763e+00
7.621478982590730311e-01 -9.315071525757776527e-01
1.898366432904516898e-01 7.867574506043917282e-01
-7.359559207084309662e-02 1.027967097320923173e+00
5.113673055141454427e-01 1.269225257545172347e+00
2.741752040165224003e-01 2.016456414661007557e-01
2.806713925560817557e-01 1.563394817595641584e+00
-7.777237715170137733e-01 8.677509841204500418e-02
-5.815619719782318953e-01 -6.409544286309500905e-01
-1.378505400731056874e+00 -2.525117260552907084e-01
-5.110797925420431653e-01 1.065302354143834229e+00
1.537514725103030777e+00 4.523476667311303601e-01
-1.572209800318606909e-01 2.510554805059062033e-01
-4.893120573669680340e-01 7.311729276384859588e-02
3.877669998290489417e-01 3.338207018058492181e-01
-5.567482262722132091e-01 -4.366119148779024073e-02
-2.326594680315219321e-01 -3.469505321214869653e-01
-4.425313793751453062e-01 -6.473239242637696123e-02
-9.541734847781224715e-01 -1.597282972332925155e-01
-1.379768346244598654e+00 1.017856499007441684e+00
-6.043155153505672672e-01 -1.939399662267327074e-01
7.807998685023331831e-01 1.112508123028166374e+00
5.956102344761511347e-01 7.331119717167302596e-01
5.849380108985542392e-01 -5.368877799491453828e-01
-6.635639133480104590e-01 -2.152614404916004531e-01
-1.130102015754748113e+00 1.638795133507180424e-01
-1.108146757888501810e-01 1.528463732468122060e+00
-1.471882648933997562e+00 -7.824171187946094008e-01
6.460649036835359738e-01 -3.174925053198753844e-01
6.107589061926574914e-01 1.173503510292858820e+00
-7.722019407338205355e-01 2.131155883877422497e-01
1.004423641299521108e-01 -2.920752135861039989e-01
4.259478106641889639e-01 -1.894528811280415947e+00
-6.286388875698003531e-01 -3.291306879868898250e-01
2.575746417926314535e-01 -7.628791663155309877e-01
1.786876702309472265e-01 -6.796129295769883782e-01
8.447020468184778252e-01 1.278937000325981899e+00
1.850608159982769507e-01 4.024369995651966292e-02
-1.096994041853966984e+00 6.794195352834311308e-01
-2.228195475416958615e-01 -1.293000430185289318e-01
-7.178061812246392392e-01 -1.214097482504285175e+00
3.578559826153444590e-01 9.576355161948670869e-01
-3.154624353187891472e-01 -1.043904519859626401e+00
6.413933304023879955e-01 -8.763258165599374649e-02
-4.101709561630340062e-02 -7.323927041950453187e-01
-4.692798799283597333e-01 -3.389574044460177404e-01
-1.093343482087094642e-01 -5.876161911455621834e-01
-5.150588699663147807e-01 -6.070784927251686725e-01
1.002490211186909619e+00 -3.085586136495397369e-01
-9.958974283448327469e-01 1.229457347743343476e-01
-3.261801927448493288e-01 1.269019590533014608e+00
3.266433112796978122e-01 7.490249016096131029e-01
7.614885053674500526e-01 -5.529619703337509407e-01
3.177963318022827721e+00 2.451404231337917849e+00
1.150098124783482945e-02 2.347863160842482699e-01
9.918000477067501208e-02 2.374495325981715865e-01
4.440102451678686890e-01 6.149984376024111299e-01
5.621917209697926410e-01 -9.682824139784234063e-01
-1.502992789511305105e+00 -4.145689351856240989e-02
3.974394559101490643e-01 8.407330155464851629e-01
-4.370340549190832036e-02 7.460258283530407653e-02
-2.203951077846397766e-01 9.210656298081154603e-01
1.788545241061084923e+00 1.139219618958282609e+00
-1.066358657309498525e-01 -5.699658980272346298e-01
-1.307883316583380306e-01 -1.090737078642715296e+00
