-4.678055961314294464e+00 4.122179514650497367e+00
2.069562452487609505e+00 -4.537371884418131884e+00
-2.983212651970169382e+00 -4.139830901510460848e+00
-4.470054573320104474e+00 3.623752135825576204e+00
1.114994766596023368e+00 -4.932786741455126744e+00
5.828200979551070304e-01 -1.944562066471452688e+00
-1.394736950035391221e+00 2.790125449744021324e+00
-3.228388355615826377e+00 -2.859062101055696026e+00
-2.175719694410274130e+00 -5.526664617706771310e-01
-4.852562091000530486e+00 1.733090542921819299e+00
3.949395201529242172e+00 -2.125829053341012909e-01
-2.971010993771575848e+00 1.212051208794243884e+00
-3.277202985228745646e+00 -1.716633009796218801e+00
3.377609636553113859e-02 3.822147521600333775e+00
-5.588289298338553479e-01 -2.566109184768774476e+00
-1.473206727482620160e+00 -1.400677840821823672e+00
-2.024252846861247512e+00 1.194141656214694258e+00
-2.690100513302961183e+00 8.773469936040942940e-01
4.655425795923386900e+00 1.855224539843902676e-01
2.035477322014285662e+00 -4.165691952448797863e+00
-3.061648873712651486e+00 -2.240326815982760511e+00
2.778206109003843238e+00 -4.861230370203478479e+00
-3.448804869499635384e+00 -2.851685119416523584e+00
2.467030912373369134e-01 3.643221540234216960e+00
2.459009287946740230e+00 -2.069544169611723383e+00
3.798763561773554898e-01 3.361595422444189296e+00
4.899551783590736065e+00 1.403577853758530836e-01
2.806462711010127897e+00 2.669701368924508600e+00
-3.038492080566572717e+00 4.986269028304342044e+00
-4.163450658369382218e+00 7.850725473339448257e-01
-1.889869321151584902e+00 -3.737927308818733696e+00
2.197957093739196566e+00 4.251080304867517867e+00
-2.571084250351293399e+00 2.106472655321049992e+00
-3.795991231422766177e+00 -1.487884321078496441e-01
-3.146194753521976750e+00 -4.173193317317180906e+00
9.545566328900232378e-01 -1.406626355995959976e+00
-2.381195958964798187e+00 4.323309436951436879e-01
3.370775463427637675e-01 -3.196155819794730402e+00
1.495830548784788938e+00 9.544401343010155969e-01
2.073166026816995355e+00 -6.964528957823867827e-01
4.108061390867584706e+00 -4.807315439900438747e+00
3.386188430341663391e-01 2.701848526879157220e+00
3.230030406484710070e+00 1.413201908616454894e+00
2.546957273232504093e-01 -3.876730263913711561e+00
8.202997634346171907e-01 3.441892804830194663e+00
-4.904802837834419726e+00 4.315337702137311382e+00
4.490163206876164992e+00 4.127964154958704057e+00
-4.777284884671958665e+00 4.409982541036846726e+00
3.556879781683193187e-01 -2.151162158395064417e+00
5.890381116093834635e-01 -2.801427698009955058e+00
-3.000921369386241544e+00 1.942923299437063989e+00
2.452918728580154806e+00 -4.563700035923377030e-01
-4.728411706741377785e+00 2.775310617128282864e+00
3.399537717220329824e+00 2.451908113280666157e+00
3.880133489969917804e+00 -1.418537123327565652e+00
-1.347255387929062742e+00 3.865268357389526344e+00
1.323033174301277981e+00 -3.496143621891713238e+00
-4.617004950998770951e-01 -1.519516928579467407e+00
-4.601400733645474084e+00 4.134167947720097658e-01
2.660933570630739098e-01 -1.438549292580919570e+00
-1.724759441517108804e+00 3.237821973880791404e+00
2.461601407734210767e+00 3.686291906958279796e+00
-2.858878631793515535e+00 -1.973244590633892237e+00
2.965886780072874984e+00 -3.372597398247849654e+00
4.640361333390817578e+00 1.643212704498314025e+00
-2.755065211640422618e+00 3.300568207173695257e+00
-2.344533406277737875e+00 -1.767107485966168401e+00
-4.101709561630340062e-02 -7.323927041950453187e-01
-1.997516604660999562e+00 2.408451571254662582e+00
3.556231314791920894e+00 3.775364141210113544e-01
2.883011896679689379e+00 1.203611222951350257e+00
3.816595339350156380e+00 -3.020432700163596884e+00
3.893198435637795995e+00 3.566592782335984424e+00
3.519546448042982334e+00 1.133762322104727716e+00
2.645309404104735584e+00 3.720366201040503640e-01
1.370725251508275733e-01 2.722296784102040235e+00
3.660875195869820686e+00 -2.521297274287399581e+00
-1.919630129454686696e+00 2.252611363548896684e+00
-4.912606358665083661e-01 -2.654644863231336860e+00
1.450856402604435935e+00 3.901083766800944375e+00
3.284681480854713342e+00 2.037578038522244839e+00
-1.993677114762518521e+00 -4.269293942353577620e+00
-4.286435250553838117e+00 -4.527220327449832382e-01
1.701979675084021260e+00 -2.832345446139747924e+00
3.726927229848721268e+00 -2.371579814445299306e+00
-3.276143366675405844e-01 4.171890350221731936e+00
9.052054764711714441e-01 -2.390834913729018574e+00
-1.280778783323127890e+00 -4.107090577823768740e-01
-2.733685073074958449e+00 8.659847311020634208e-01
-1.813246436996727162e+00 -1.913330149752297871e+00
-4.545178543297058837e+00 -3.619404953562851190e+00
-4.849106923670208680e+00 5.491070319900126506e-01
-1.236367833129125238e+00 1.456374067585067600e+00
-9.458713406063967710e-01 -3.421296301949396934e-01
2.147796349456051246e+00 2.837309748996047709e+00
-4.425313793751453062e-01 -6.473239242637696123e-02
6.885799070471554373e-01 1.384683675245518941e+00
-2.882786651515138132e+00 -5.088854139201881566e-02
-2.476332984954102479e+00 -1.404603382975438741e+00
4.359794025149380303e+00 -2.707588007236579664e+00
4.971116548587962924e+00 3.530473143058387109e+00
-4.280257203105132469e+00 5.886108899804796124e-01
3.799355762219235544e+00 -3.438161854193647393e+00
3.372059959494196235e+00 4.588763259674680128e+00
4.795978714178412261e+00 4.046026812360445035e+00
-3.370510014178154989e+00 -1.424223288583359448e-02
1.544693512274343483e+00 3.360325144622136051e+00
-1.314231302347240948e+00 -3.535954873374629326e+00
-2.635303486738446388e+00 1.819472188631947596e+00
2.389613566613171258e-01 -4.148100225402842511e+00
2.529259149799422346e+00 1.927604650610964754e+00
4.473759179539593234e+00 -3.438391375525569060e+00
-4.238111909676788081e+00 2.292627220134196619e+00
-4.252071373201520288e-01 -1.259284665503303202e+00
-1.543011788244976756e+00 -9.351375552502814159e-01
1.735666979760319251e+00 -4.926446943724132055e+00
-4.888966666300770925e+00 -3.155210123225158370e-01
-4.012565981796516468e+00 -2.622633055103344990e+00
-9.139150382287510865e-01 -3.887217347686799052e+00
1.834649001663011703e+00 1.250336673744066651e+00
1.535310326636594169e+00 2.424499740345822829e+00
-2.688804711412151605e-01 -3.020612571883602993e+00
4.824909449748952639e+00 4.574640379521861533e+00
4.084442933454479174e+00 -2.158320983869519427e+00
4.372520621284488485e+00 2.362364420776445151e+00
1.334740126224209789e+00 -6.898931218378256958e-01
1.830640476222469282e+00 1.874973135347399733e+00
-2.285505918815894155e+00 -3.241773358705162256e+00
-2.955477502684825453e+00 -4.854566804244369926e+00
3.974394559101490643e-01 8.407330155464851629e-01
-6.975272917873560630e-01 1.985352813761585011e+00
3.473042054246386456e+00 3.684171673751796661e+00
2.277282942169529534e+00 -3.105752462116415646e+00
1.839992141169576101e+00 -2.821022429855558400e+00
2.622966489163038872e-01 8.075036384710951864e-01
3.877669998290489417e-01 3.338207018058492181e-01
1.415826775618764799e-01 3.567249603357828036e+00
4.952902913150422748e+00 -2.027389848484730805e-01
3.512376625014974607e+00 -2.408625694001704787e+00
-7.119930708591128976e-01 -3.873707028770084548e+00
1.900150292649250616e+00 -3.072267805643966732e+00
1.332092658064775392e+00 -3.821063491946317114e+00
-3.575041530154543512e+00 4.359960378062671893e+00
-3.003544293483377814e+00 3.627572746214633881e+00
-8.331551393933809280e-01 -2.722317903172712050e+00
-3.115462130887384440e+00 -2.858832230371017857e-01
-8.005174559807093360e-01 -4.681027373409229142e+00
-1.189511031435853461e+00 -2.716888978526675658e+00
-3.826223958990520035e+00 3.774879579884055758e+00
5.758781517111177806e-01 1.969928688832002450e+00
5.590021112657552749e-01 -4.571041902239895371e+00
-4.321930656590462050e+00 -2.851267386762042833e+00
3.634118432842225133e+00 4.125999166272078966e+00
4.525351410703031263e-01 4.338839448867430448e+00
1.738518768832562067e+00 -1.134758528947201750e+00
1.851729969076996163e+00 2.479799802018421317e+00
3.905068324120895440e+00 1.682438116944487305e+00
-1.410888582111431422e+00 -3.518682358351971295e+00
4.875189087044415004e+00 4.550987818063347845e+00
-1.928392315149050074e+00 8.170500563439864194e-01
-1.126394778555192211e+00 3.705511689153428989e-02
3.885421033562280968e+00 1.975439912793657271e-01
-1.747820489210709649e+00 -2.511201922867241976e+00
-2.682968585352804247e+00 -1.778469812988713095e+00
-3.311997723669364291e-01 -1.679351979870193912e+00
2.473827346542433858e+00 -3.717121600230199885e+00
2.703225253299575748e+00 -4.839503226959360305e+00
-3.812695948874064378e+00 -3.170016153344844767e+00
-3.147107606314476502e+00 4.315896640765171099e-01
-4.222854296676135100e+00 -3.066260764459103338e+00
-1.650262577470672731e+00 -2.841518269698438459e+00
-3.246674082286617136e+00 -4.299270762139788538e+00
2.713625072014619555e+00 -3.282944861535186387e+00
5.849380108985542392e-01 -5.368877799491453828e-01
3.837555081806009127e+00 -4.183328184999549393e+00
2.311908242003646308e+00 3.951464285353230466e+00
3.947762383513413909e+00 2.107620299489312288e+00
-2.040649481125886844e+00 2.249779210258287421e+00
-3.162605881239982430e+00 -4.208568824372499684e+00
9.059586175887801573e-01 -1.229478639362120429e+00
1.634886875982823895e-01 4.067893609551134659e+00
2.339859615174912477e+00 1.965717274019879390e+00
-8.248424869776060930e-01 -1.460715789684339239e+00
4.682014382446995526e+00 -8.498335786931399127e-01
3.871211766573063429e+00 -2.007628340924919819e+00
2.819485950343506353e+00 4.689104709978394681e+00
4.738020779272522631e+00 -9.451265318315638098e-02
2.667745872371021676e+00 3.486791565183329666e+00
3.778095014799500717e+00 -2.495701015808338141e+00
-2.717508953846140329e+00 -2.275386078392971356e+00
-3.623741737395965501e+00 -2.983337548542478679e+00
-4.076614052312022451e+00 1.140748319390118226e+00
-2.150678542778552416e+00 1.779141628611712989e+00
-1.844843689939370535e+00 4.559632582413399859e-01
-1.478446399034681669e+00 -1.148103493562509847e+00
-9.792182619943847754e-01 -2.423557919462802079e+00
3.201375007738160861e-01 -8.446404929654960370e-02
3.708371928269384554e+00 -6.063495918663530659e-02
-2.311079777873541463e+00 -2.604619561088810098e+00
-1.947385284341867973e+00 4.043357962233184111e+00
3.211769648927358389e+00 1.614200066765210551e+00
3.134492549192449573e+00 -3.085822698178946055e+00
-2.820310699388320685e+00 4.348325927594068219e+00
3.593733283008569757e+00 2.211452759996735296e+00
-1.662025431762833350e+00 -3.096457297822254873e+00
4.733195963038493659e+00 4.956033740392188136e+00
8.221504213930703742e-01 4.981836169938683057e+00
2.581322827790502927e+00 -3.565217675111149731e+00
3.826020025030700822e+00 3.333307692794827304e+00
-1.826375906778392455e+00 -2.113944038010047155e+00
3.141358147238202392e+00 3.222070987863384417e+00
2.087611375080664189e+00 -3.733601052874893966e+00
1.527312009009547111e+00 5.725744202146287876e-02
3.772997642215113245e+00 2.333105638994048547e-02
-3.956626001853292607e+00 2.577192717193744542e+00
1.636026316710935902e+00 -3.909795619128556332e+00
-2.960937747668781483e+00 1.800379256025161467e+00
-2.739014152664525081e+00 -1.520887152932619557e-01
-1.227597810746906326e+00 2.065896446864501357e-01
3.719856311909184754e+00 9.725856622045325750e-01
3.217109388322668906e+00 1.986843282186870674e+00
4.227065240960875769e+00 4.053566257526874494e+00
2.517077209192668974e+00 4.019522825060606763e+00
-5.783274069762089908e-02 -2.031128720167839852e+00
-1.845021174926197105e+00 1.951205220535861429e+00
4.490117656563958448e+00 2.272007910424274968e+00
-3.611834819543263464e+00 1.707615072940806833e+00
6.370625528645579294e-01 2.509153988160962356e+00
-4.452358739334767890e+00 -4.487067398257245543e+00
-1.575593588651894805e+00 -3.649800528455213744e+00
1.154721413751027548e+00 1.059828478347686342e-01
1.060352981689621998e+00 3.179331819035855489e-01
1.192132979332390263e+00 -3.433393234649083858e+00
2.023157547948074786e+00 -2.114992670310814837e+00
1.545375346228315294e+00 5.702640921558632670e-01
-1.419200859870641818e+00 1.399418677732040095e+00
-1.891831727625581383e+00 1.853840204710871298e+00
1.888452590186649793e+00 3.129464775291612710e+00
2.572264662657039125e+00 -3.402940326362053014e+00
4.344454925295845982e+00 2.862791636413168028e+00
-4.243031182416966196e+00 -3.915065795747033839e+00
1.517403667487239538e+00 -8.765638906031583133e-01
-1.265928682628047142e+00 4.173117720217062399e+00
-8.223875748955302711e-01 -1.463139574961225264e-02
-5.815619719782318953e-01 -6.409544286309500905e-01
1.289244383408125749e+00 8.503188594516348786e-01
2.677889776581729997e+00 -2.389753945168089366e+00
-1.232431130798535612e+00 -4.589146156387337250e+00
-3.688498128119437336e+00 2.421956122728802896e+00
-4.813527106270569789e+00 2.881763786137155670e+00
2.002894376334497295e+00 -1.512407146512616762e+00
1.253311549032551042e+00 -8.254624446955531880e-01
1.513653619978679643e+00 -3.382249884115999805e+00
-3.321839940159165838e+00 2.103316823305711125e+00
-3.267557284918271243e+00 -3.775504651662409117e-02
9.840123939405032161e-03 -3.059081656742087318e+00
4.010699353512650944e+00 -2.018217104339549373e+00
-1.188113862534620147e+00 -4.231633076121367409e+00
2.256425454948689513e+00 -4.956361482632818394e-01
-6.343722831885676428e-01 2.995845221791254787e+00
-4.930450824605369320e+00 4.253021153103478724e+00
-1.952643637118467446e+00 -2.410246041499130243e+00
-2.606842925624953899e+00 9.599048787651200954e-01
-3.831082729016075383e+00 -3.962309089611488755e+00
4.147886867419343204e+00 -4.718422407675420871e+00
4.305598192498450771e+00 3.333433192606571893e+00
-3.649208419532686598e+00 -2.928567601713429891e+00
5.920971611182697103e-01 1.926232341110074131e+00
1.015993359119542916e+00 2.679291021284132768e+00
3.832328216518346764e+00 2.843552046306687231e+00
-4.901270246410814657e+00 -1.730223390262763949e+00
-2.992633780779219155e+00 7.043275759855527340e-01
-3.309899038021487883e+00 2.888315492198893608e+00
3.567024965177921558e+00 2.576376637788952983e+00
1.784824539979240399e+00 -1.437183029533598777e+00
-1.368374050468701419e+00 3.304245554799479123e+00
-3.511236908817760849e-01 -2.554839576324256178e+00
3.539254092751905389e+00 -3.924674689600117006e+00
-7.722019407338205355e-01 2.131155883877422497e-01
-4.324859495866303583e+00 -3.073161807290593295e+00
2.988260890560821892e+00 -3.641323171875722409e+00
3.287328515283018504e+00 -1.469022919991714637e+00
-1.471882648933997562e+00 -7.824171187946094008e-01
-5.432704359834392704e-01 -2.694090243776001703e+00
-3.532526202392204162e+00 3.723085941787250164e+00
1.046740203819878978e+00 -2.132972164480601229e+00
-1.558036410697318797e+00 4.479463625887667888e+00
-3.028036535333307189e+00 -3.472889899892004362e+00
1.441956925382164023e+00 2.067439625466683140e+00
2.638727180664298899e+00 1.809256525625847267e+00
2.853689498688658510e+00 1.323467659345258340e+00
-7.473652067425549106e-01 2.513657168706862066e+00
-3.744568901912763703e+00 1.233628520982010812e+00
-5.912780017770913332e-01 -2.845342095367602298e+00
2.062632445513161272e+00 2.506541517885657377e+00
-1.411539663464591587e+00 -2.591058713169322125e+00
2.375077987941283553e+00 7.872146641988351234e-01
-3.175145235882869343e+00 -3.580986141252084032e+00
-4.672428002540228498e+00 4.389951304571027890e+00
5.343370624826571103e-01 3.274460944074837343e+00
2.305193866733153740e+00 -1.308092056670011605e+00
-2.522670982376451487e+00 -2.872263549620073242e+00
1.553896564824752247e+00 -3.808221092538235375e+00
-2.227049596567899137e+00 1.534366263095492400e-01
2.021113049141089135e+00 2.298625279784359599e+00
-9.010139629092916991e-01 -2.609259077399471494e+00
1.131123353670123066e+00 -3.953890039983172233e+00
-3.484846834504136126e-01 -4.946870056042237174e+00
6.664555668789873266e-01 -7.734198185416367721e-01
4.630182395955346308e+00 4.961107880647215751e+00
4.932367844655455968e+00 2.501563205148165991e+00
3.574844990835966740e+00 3.492665472444203445e+00
-1.663897711521022948e+00 -2.226546868190135697e+00
-4.110408890389464887e+00 6.512847839518087767e-02
7.407475519655095653e-01 -4.311997415484008833e+00
-2.989668512883284279e+00 3.124845444902064173e+00
1.309592003395304793e+00 8.632981505565870961e-01
1.152216915084545157e+00 -2.984441679006843984e-01
7.030507411963711206e-01 3.151452670136350775e+00
4.054020337027781196e+00 -3.178573428499633646e+00
-4.736521211300171785e+00 -1.376428011992689715e+00
4.635670871883419863e+00 3.784825575892744709e+00
4.639177674239977733e+00 8.052788132776811381e-02
-3.614221609970433846e-01 -4.683351447355903474e+00
-1.922077216652894549e+00 3.829054331575175496e+00
-9.637720875864577152e-01 4.046236940863945364e+00
-5.899337959112882501e-01 -5.337812586354298006e-01
-9.912626762887910559e-01 1.687412544085101551e+00
-4.366565565436602014e+00 -4.428409586186258018e+00
2.879292338255043049e+00 6.149972414644686580e-01
2.964888671311955548e+00 1.879789143747679248e+00
-3.003294308894185249e+00 -4.671250669195341487e-01
9.582994205870152271e-01 -3.791653159461630729e+00
2.473208103319231910e+00 2.545818666792484919e+00
-2.153760310312645920e+00 -6.541513536972054510e-02
3.342359894963491840e+00 1.523879842914615423e+00
-6.540502659149050046e-01 3.464873809428485885e+00
5.791199424377246885e-01 6.352289193861420102e-01
-2.733923034459376566e+00 -5.465253198405406465e-02
-7.809364748102467502e-01 3.585093964804711320e+00
9.325959692949581381e-04 -6.192480168390464002e-01
-1.194659227903599685e+00 -3.572900635988716100e+00
3.777052823130242487e-01 2.551185946539490601e+00
2.040306955363342389e+00 9.828481783533593585e-01
-2.313498760937734211e+00 4.180777884851581305e+00
4.441816100323761063e-01 -4.187604233006326560e+00
-1.408467847392494754e+00 2.112309949296435008e+00
-2.894780622090297406e+00 -3.752066071402669678e+00
-1.653194671154067930e+00 -2.010917004884340553e+00
-2.051649950791258892e+00 -1.784310790422557247e+00
-2.327273864801111536e+00 4.944193869185282253e+00
-4.676769333764259962e+00 -1.190136389991720556e+00
-7.570762567418798383e-01 4.154967669436137712e+00
-1.350923015765463919e+00 -1.979209514781484991e+00
-1.965274020384749853e+00 -4.724375425447838950e+00
1.923601216234088973e+00 -4.748197985274047461e+00
-3.192707863970102089e+00 3.698021145244874575e+00
2.970066110633041490e+00 2.200336661063668764e+00
2.949674246929232524e+00 -4.629648882624604944e+00
3.007445686755366054e+00 -2.421362640213737816e+00
-7.166760196114365655e-01 -3.174125863639626566e+00
6.040118108478189640e-01 -1.237602700101300357e+00
3.438517313619268378e+00 -4.696808560643455976e+00
-1.526305796271871795e+00 -1.297373252328526405e-01
6.109880587263658569e-01 4.679079963954041688e+00
2.578694442446710866e+00 -2.929405437655911992e+00
4.657612589875490983e+00 -4.852261810648926144e+00
-3.888230480801939670e+00 -2.403002873358705216e+00
3.106291034469014889e+00 3.724864294518697605e+00
-2.385792855941621049e+00 -1.315544266762635139e+00
2.559010975378051000e+00 -4.302646268180877698e+00
3.073605288848414219e+00 -2.366855122011638279e+00
1.028742701114563118e+00 2.189455516790453693e+00
3.799982885634317853e+00 -1.159451259336096385e+00
3.964911009335061465e-01 2.553611432349347510e-01
-4.434882245122560462e+00 -2.849912922852984920e+00
-4.989670673422653913e+00 2.603137129611016398e+00
-4.737890131222807000e+00 -1.361055173445564481e+00
-7.302987884533465035e-01 -4.927161590594248963e+00
-3.708340036283238383e+00 -3.239380188330750698e+00
-3.114223965005321837e+00 -4.610165834655902017e+00
3.447344453922218221e+00 -3.548738599383423065e-01
-4.056274640657856700e+00 4.110314036052390207e+00
3.030000397465009598e+00 8.893666836241829188e-01
-1.818912476553832036e+00 1.434073879449621280e+00
7.327227154968465328e-01 3.624587457320549433e+00
2.508121031361555175e+00 -3.382315856809777976e+00
-2.614144040574162275e+00 3.153929088159870275e-01
-1.427302399975002523e+00 -3.484751190191566206e+00
-1.911005294898833196e+00 3.379004051984074053e+00
5.640691567092526171e-01 3.072154960969385229e+00
5.508676652217445735e-01 -1.240857076064145748e+00
4.707420095213945999e+00 -4.893584708840004183e-01
-2.253892366034691008e-01 2.414379149281771220e+00
1.443610847569929412e+00 -4.205636161753502300e+00
2.122448043972555709e+00 2.888433093672563956e+00
3.948392016800109872e+00 1.354077616693247776e-01
-2.460661441222647738e+00 3.695956745574754621e+00
3.282002587074487110e+00 -3.973123490278458458e+00
-9.351713102291370205e-01 2.768788234369575996e+00
-3.426772044698682684e+00 4.248542679035265834e+00
-1.630510706828310674e+00 3.758376884740972201e+00
4.334804583342924289e+00 4.064960425635620211e+00
1.824537097668153862e+00 -2.822640603805026682e+00
-3.115316003335815154e+00 1.790094248468796501e+00
-1.514867906111845297e+00 1.272446692641491239e-01
1.721444096568486515e+00 -3.394460896690784324e+00
-4.162667338495886327e+00 -3.488153114355324824e+00
-2.922819599370123367e+00 4.494482815918718899e-01
-1.489344771517883359e+00 -3.555662183133767584e+00
-3.129392448245373881e+00 3.917337709331969009e+00
-4.832844109229935903e+00 -3.319803038440874765e+00
2.362572574465340303e+00 3.813180230342405608e-01
3.699876263426784107e+00 2.872176199142137065e+00
-3.841732532937509603e+00 -6.561405736344392281e-01
1.189701087401422441e+00 -2.666022148948509418e+00
2.724901682620344268e+00 -3.565280680633500232e+00
-2.976326535260551687e+00 -4.473858179804080848e+00
-3.110374067541885612e+00 -2.297803486091773095e+00
-3.260443333195356175e+00 -1.973449848594083456e+00
-2.938218362657684324e+00 -1.413904765066924529e+00
-3.876410019143131436e+00 1.192088794612324421e+00
-1.633768194877008639e+00 -2.352616446499808944e-01
4.013084363492737339e+00 3.899202098221197232e+00
-4.593225200777315109e+00 -5.211474554568837902e-01
-3.921860992054075901e+00 2.684351810912600556e+00
7.071585154625639191e-01 1.324579967325410834e+00
-2.054046112573892913e-02 -6.138548151912326389e-01
4.737835383583226090e+00 1.510400688076165565e-01
1.870733460577697294e+00 3.879597855333347667e+00
2.379954964038408782e+00 1.604882621268274079e+00
2.043133983839096501e+00 2.293324628217345840e+00
2.429212503896970077e+00 -4.955603746690055544e+00
2.554630526024663340e+00 -4.351089953655701059e+00
1.959965104454940210e+00 3.265687969803465762e-02
1.593449361953647170e+00 -2.129129689845910001e+00
-3.752486999308207949e+00 2.464771504966384086e+00
2.261520125492257449e+00 3.645761611211153053e+00
7.493972727776654352e-01 -3.616068316923580994e+00
1.243367024026759360e+00 3.051575446656331181e+00
2.214027529342647682e+00 -4.047412560699585882e+00
2.334477000687659398e+00 1.988769650155451707e+00
6.573214662926325502e-01 -7.913645320893669677e-01
3.599985915803449288e+00 -4.528397717659399468e+00
4.664972006802194926e+00 4.687961754036511053e+00
-4.386017410913706449e+00 2.422788517388063667e+00
1.715983809063899024e+00 -6.565124801850350522e-01
-1.834810434583635796e-01 -3.840282503140221237e+00
-4.505018638807012366e-02 8.111066563578193112e-01
2.976388039585665446e+00 -4.149121970261098191e+00
-3.329658619728185442e+00 2.846707420929051047e+00
-4.968871421748079165e+00 4.698793429288752321e-01
1.993076236968142290e+00 -2.362186617373751574e-03
4.110192396569683382e+00 -4.805773685553203833e+00
-2.855351288666802212e+00 -3.193972585297050415e+00
-4.016531661669499265e+00 1.729557907518587179e+00
-5.008786652005952078e-01 -4.829017758482732070e+00
4.557287749268825294e+00 4.543625728003577890e+00
-3.906170858064154316e+00 2.020282284835248632e+00
1.852195003967595177e+00 9.814876492909299088e-01
-5.640796137966628265e-01 9.495591439624746499e-01
1.518210713262586609e+00 7.512111775329302077e-01
-4.558452039681375467e+00 -1.779775940371827403e+00
-3.791580700225782863e-01 1.681102630115943519e+00
-1.686759048421428986e-01 3.856643552449996903e+00
-1.191955447867592000e-01 -9.953637123201133363e-01
-2.427637268963058759e-01 -3.174975035342435525e+00
4.841598458987846243e+00 -1.778914656588517218e-01
4.621724971568285767e+00 3.205985733434296492e+00
8.555734269055754737e-01 -4.430580073553044507e+00
-2.389502685953134531e+00 4.302965492002890358e+00
2.538690716212129495e+00 -3.057997387827509073e-01
-2.852843043316194205e+00 -4.133109924363336241e+00
-1.019882847837027207e+00 1.709108607079717679e+00
