1.025833987644211298e+00
1.040479046778202799e+00
1.038653440947510109e+00
1.030353196596878185e+00
1.039356420057048203e+00
1.251907725795746051e+00
1.104510971773615235e+00
1.054256032510666907e+00
1.204720524668366100e+00
1.037901670017170153e+00
1.064607284600190384e+00
1.098679513006716402e+00
1.073949001653554669e+00
1.069225566807626482e+00
1.148395849444468375e+00
1.251199723495066918e+00
1.186295947858619027e+00
1.127447429228878084e+00
1.046422692303102808e+00
1.046882379682870123e+00
1.070281883322530492e+00
1.032069145876225447e+00
1.050351309627835183e+00
1.075930006784530102e+00
1.098352050624923137e+00
1.088639073701229698e+00
1.041913380245064413e+00
1.067390109954796218e+00
1.029474412038460684e+00
1.056226466580475254e+00
1.057542800268034489e+00
1.043982557352909568e+00
1.091869337662313200e+00
1.070090188076615823e+00
1.036836349421340842e+00
1.364216955410650911e+00
1.175424209498601380e+00
1.098358879683883238e+00
1.333068100822822455e+00
1.216012965505016252e+00
1.025113943790284754e+00
1.137828275177812820e+00
1.081521078338137709e+00
1.066982332330452143e+00
1.080932324483200313e+00
1.023523230461582445e+00
1.027002306043090174e+00
1.023751641609219831e+00
1.217372720760001803e+00
1.124459596176448084e+00
1.079259176306745838e+00
1.164804602091376262e+00
1.033452683195779098e+00
1.057460149878866718e+00
1.059162939832686723e+00
1.060276280904172808e+00
1.072415162659150267e+00
1.419946166321069958e+00
1.047219599245248434e+00
1.499033618349850938e+00
1.075220040168141544e+00
1.051328376993206692e+00
1.084008180584969949e+00
1.049987597316387911e+00
1.041551544950744201e+00
1.054589432101624924e+00
1.118219864327344659e+00
3.164406767638276996e+00
1.103853546518294815e+00
1.079203741024062246e+00
1.104180830213213449e+00
1.042511795861241763e+00
1.036087361547745278e+00
1.074027053391669151e+00
1.143323325398165613e+00
1.137543542092812165e+00
1.051038388279642799e+00
1.116300649052553329e+00
1.140264030770725912e+00
1.058281310542805054e+00
1.067675879514264681e+00
1.045381692184111477e+00
1.054309775644746594e+00
1.092968575705044909e+00
1.051683388544407682e+00
1.057647949931874054e+00
1.156798248642515237e+00
1.595985673716209474e+00
1.124027859934499274e+00
1.147272363213372337e+00
1.029769715083012960e+00
1.042285429872334301e+00
1.285669492250106405e+00
2.107092544753011332e+00
1.080001480528125946e+00
6.597599914771970830e+00
1.444041264191015639e+00
1.122658931162428653e+00
1.125865122687817133e+00
1.038208829041363579e+00
1.027020847155046823e+00
1.054049814957415121e+00
1.038330043496534794e+00
1.030998062733580189e+00
1.025507702924371989e+00
1.089304308734223792e+00
1.073998367392078102e+00
1.071093903454911622e+00
1.099076852498140688e+00
1.058484408389342990e+00
1.100494530695481199e+00
1.031575975522435851e+00
1.043381555960641638e+00
1.611173723060065344e+00
1.321690272295379165e+00
1.036879361031342928e+00
1.041955154881700540e+00
1.043835683761974442e+00
1.063368066505838039e+00
1.209419073964550284e+00
1.123837419385536940e+00
1.110678934044873056e+00
1.022707168169912695e+00
1.047225794403192189e+00
1.040761371003285030e+00
1.471784869165896570e+00
1.149068078006570293e+00
1.064235071568509161e+00
1.031119473411975740e+00
2.309352260571157611e+00
1.233881420256405015e+00
1.039264418215531727e+00
1.068179283822479730e+00
1.089438428114553492e+00
2.589850219806706821e+00
5.418188104047618303e+00
1.079480590534826812e+00
1.040974040332267592e+00
1.055639697264058041e+00
1.065155917994766055e+00
1.077605838134482852e+00
1.061690370608104450e+00
1.031622782381398817e+00
1.045425093071114642e+00
1.125864702790901006e+00
1.103884571921539992e+00
1.044669804421206161e+00
1.115800364714785609e+00
1.034815841139047121e+00
1.246269865469778138e+00
1.047526762821062496e+00
1.037534887446328602e+00
1.033263023428814265e+00
1.053009284149790226e+00
1.240496201550827626e+00
1.106194089297683592e+00
1.055820134004443744e+00
1.070385855459596192e+00
1.022567852144481204e+00
1.236187527290560695e+00
1.868145055248175979e+00
1.066796214845880941e+00
1.108700271134210880e+00
1.098048167993527668e+00
1.359009786496826466e+00
1.050579319398106337e+00
1.032721547995465672e+00
1.040951722387289946e+00
1.100719624485129611e+00
1.036944707236205243e+00
1.094028436990684305e+00
1.034653083933263940e+00
1.055629730902074126e+00
2.832704116395640348e+00
1.031191882429368434e+00
1.048093330393127465e+00
1.050349971025970941e+00
1.110320773640670611e+00
1.036301463238287646e+00
1.455870437582208465e+00
1.060940619659808792e+00
1.108960894916013240e+00
1.374459438522092958e+00
1.044489719069013889e+00
1.053047135582997784e+00
1.033590911566821591e+00
1.044860288631654477e+00
1.052331816844420453e+00
1.049172608165992004e+00
1.080653617495606511e+00
1.045734077173771759e+00
1.056323257770568347e+00
1.131044041147319934e+00
1.288811047569155432e+00
1.298004285427485804e+00
1.149832211493570178e+00
9.724810678134778286e+00
1.073574775884671650e+00
1.083599299201942978e+00
1.050062268241909180e+00
1.078385912902202426e+00
1.052133348569438631e+00
1.037459980527141612e+00
1.056689223368793229e+00
1.082055001969838282e+00
1.021368810608956013e+00
1.039482230419804809e+00
1.052061007595566533e+00
1.039089122284577282e+00
1.130810430635910802e+00
1.049791072763647914e+00
1.055149984294869947e+00
1.455135970562777770e+00
1.071064234434380369e+00
1.045186518648042684e+00
1.056187227597565892e+00
1.084421876113158767e+00
1.135760087424443787e+00
1.702344935325722952e+00
1.068405220116369181e+00
1.070756207057429021e+00
1.029298117008778490e+00
1.044791042086457011e+00
1.251414055233653233e+00
1.141796666547560957e+00
1.039751276433243721e+00
1.063305503642125505e+00
1.152822255804733631e+00
1.025132359169381280e+00
1.063943917820918461e+00
1.816937825942405382e+00
1.902005876653218408e+00
1.076654641363655962e+00
1.118966529000453791e+00
1.388996270810981315e+00
1.261653054496954196e+00
1.145834421004034764e+00
1.075781173097719368e+00
1.055459898966604193e+00
1.037170705839301821e+00
1.030153606005551614e+00
1.341839860743377688e+00
1.053045349603749514e+00
2.700689290102045170e+00
2.526291355872214872e+00
1.445272537795950329e+00
1.078626709905765146e+00
1.044617388624647036e+00
1.051799788071297037e+00
1.031941507847839112e+00
1.162825939425951471e+00
1.472954073841316047e+00
1.073709959329730790e+00
1.065385802487460731e+00
1.095093869355721949e+00
1.108734920591043283e+00
1.050017564507925494e+00
1.052212302888090756e+00
1.192982830526452265e+00
1.108505770828495551e+00
1.023680137462460227e+00
1.105702935682891352e+00
1.132320630339962664e+00
1.033101838971882014e+00
1.025444923997932634e+00
1.033918159017578997e+00
1.046025724718487426e+00
1.255760223861946967e+00
1.124214379875189573e+00
1.044235779758428073e+00
1.037245098787186848e+00
1.107637390569983671e+00
1.052268331867465045e+00
1.052095229850317226e+00
1.196231681458879370e+00
1.079196397297816246e+00
1.154025604211244671e+00
1.036020018793042619e+00
2.798572012278708332e+00
1.035737694858144264e+00
1.045407820684251865e+00
1.078119966478957803e+00
1.379452469566672557e+00
1.135247846112185099e+00
1.038206970087252934e+00
1.182176730303032164e+00
1.044789376406269898e+00
1.047474736705457321e+00
1.161394183369464095e+00
1.099263703058565911e+00
1.102740510943994279e+00
1.148840838095543493e+00
1.065024219740814182e+00
1.120698963240299273e+00
1.096386747701102449e+00
1.117024078602758985e+00
1.163844671520665619e+00
1.043978090135959880e+00
1.024428813338708721e+00
1.092208732888626965e+00
1.145637779445497495e+00
1.069207299726704141e+00
1.059694457959162950e+00
1.207083610207451363e+00
1.108611042533551139e+00
1.134038582991486077e+00
1.059710336135363695e+00
1.040939464967393757e+00
2.072346912015462728e+00
1.021794575306051334e+00
1.032874442878553012e+00
1.040303856477930111e+00
1.132163107143625114e+00
1.059756649522402006e+00
1.052697289411123949e+00
1.053945710417299342e+00
1.431012860804465214e+00
1.772723550447071528e+00
1.097430933146356979e+00
1.037919707555855720e+00
1.041386331919501362e+00
1.028053123381507561e+00
1.046811512236253128e+00
1.045666004375534364e+00
1.054973758055644417e+00
1.058357982663137964e+00
2.824924527127131491e+00
1.271740921019234083e+00
1.025967387356217619e+00
1.117539132649687739e+00
1.082231724152536767e+00
1.110172313824456802e+00
1.066092523382737189e+00
1.080422078581722012e+00
1.222731603805589096e+00
1.075020964996745931e+00
1.081501845457432553e+00
2.548602028810492470e+00
1.136649490677799967e+00
1.075194744226089849e+00
4.061704200529277387e+00
1.071283116883665176e+00
1.154008603636653030e+00
1.201041385024617769e+00
1.044121323204778795e+00
1.056921871221464082e+00
1.159034861784417281e+00
1.044860326645167925e+00
1.151090227492051143e+00
1.138239552020234413e+00
1.033676818031233902e+00
1.043248621565374901e+00
1.056588267376519008e+00
1.179019594467258791e+00
1.038439113246969470e+00
1.038345379426210524e+00
1.042190198685477354e+00
1.074081048275560502e+00
1.033370082315489435e+00
1.067827902588490030e+00
1.095911019601735203e+00
1.566959767438191431e+00
1.029659642878110182e+00
1.453000141732952777e+00
1.045247264883197635e+00
1.066372697045937512e+00
1.022187890909202368e+00
1.048246980838258180e+00
1.042813439952035015e+00
1.137676375294671471e+00
1.040169379878046696e+00
1.067184114757554925e+00
1.175577177186894140e+00
1.064023075984933620e+00
6.111882733580860538e+00
1.036201522518001239e+00
1.031740247752064743e+00
1.041436251094604915e+00
1.040578532505013865e+00
1.041530376663798441e+00
1.032483685909544757e+00
1.084410470426821815e+00
1.030138165577819231e+00
1.101937179724221005e+00
1.191952002773523311e+00
1.074016687734675735e+00
1.056930277893373793e+00
1.147608198282696446e+00
1.071344866373410643e+00
1.067091487132959760e+00
1.104225610719859807e+00
1.584319303427765835e+00
1.044978303136705255e+00
1.174720087821798264e+00
1.051006008636074629e+00
1.078838522002401712e+00
1.064752735581733445e+00
1.051153228711917853e+00
1.037892638009111135e+00
1.119329949952718728e+00
1.033754536005895064e+00
1.060172704032866342e+00
1.028452115103917874e+00
1.089819801976564140e+00
1.078456448741436535e+00
1.460300391212162596e+00
1.069825776682416629e+00
1.034097334644548338e+00
1.116495003142465636e+00
1.068044028591226935e+00
1.040045004596287015e+00
1.029231325421488430e+00
1.179504074103135292e+00
1.045930083475812067e+00
1.066556632806567650e+00
1.119581840767138514e+00
1.050074142076314665e+00
1.034834976146444152e+00
1.067614260149297500e+00
1.069634952154756347e+00
1.095512309985685828e+00
1.061415264529366631e+00
1.387329719365073544e+00
1.032111741689699658e+00
1.047162797752404950e+00
1.044602287931944540e+00
1.472422895367623719e+00
4.112157727666485130e+00
1.044835907561655564e+00
1.054391171655290282e+00
1.123769182252019272e+00
1.107848481017306597e+00
1.033012246950902657e+00
1.039539206465522225e+00
1.270820512666829716e+00
1.144643940109814739e+00
1.050024199562378246e+00
1.054823062948635926e+00
1.074219698362658182e+00
1.093497075695390341e+00
1.047354489764202645e+00
1.108183587832069605e+00
2.055029474857141381e+00
1.030031157143914244e+00
1.022951129599627196e+00
1.040095702177673109e+00
1.309782601314628536e+00
1.068413728987919420e+00
2.746092635695369211e+00
1.038599226524828945e+00
1.052563416583248479e+00
1.040414211244365283e+00
1.261662954373820922e+00
1.025112246042282571e+00
1.054978429657712491e+00
1.052747677730218490e+00
1.042728143135046803e+00
1.024245126360297853e+00
1.052154100655085189e+00
1.235761657812393555e+00
1.906414792853775575e+00
1.366933804460124469e+00
1.042051225313441520e+00
1.353972042504486328e+00
1.067853554055702592e+00
2.115070362338814736e+00
1.100226921805818270e+00
1.042906997277682768e+00
1.031774989443080104e+00
1.049514576833042723e+00
1.041565128725311151e+00
1.156725257216410840e+00
1.039912874338816851e+00
1.262424815992321037e+00
