7.291999999999999871e-03
2.967000000000000019e-03
7.682700000000000085e-01
-1.361153999999999975e+00
3.527779999999999805e-01
-1.355159999999999976e-01
-8.499999999999999526e-04
3.584470000000000156e-01
-7.879700000000000593e-02
3.192800000000000082e-01
-6.949199999999999822e-02
3.067670000000000119e-01
-1.592940000000000023e+00
-8.789600000000000191e-02
1.880680000000000129e-01
2.346350000000000102e-01
-5.564480000000000537e-01
9.497799999999999576e-01
1.034305999999999948e+00
-2.484109999999999929e-01
-1.868648000000000087e+00
1.006207999999999991e+00
-7.285179999999999989e-01
-7.297999999999999800e-03
1.397170000000000079e-01
-1.363847000000000032e+00
9.641060000000000185e-01
1.299026999999999932e+00
8.167000000000000648e-03
9.119000000000000369e-03
8.628000000000000252e-03
2.932710000000000039e-01
3.387720000000000176e-01
3.441841999999999846e+00
1.362714999999999899e+00
-1.458059999999999912e-01
1.869419999999999971e-01
-5.042440000000000255e-01
-6.943179999999999907e-01
1.528712999999999989e+00
-1.037525000000000031e+00
-1.742710999999999899e+00
-5.610920000000000352e-01
-2.037499999999999867e-01
2.690585000000000004e+00
3.793410999999999866e+00
-6.625729999999999675e-01
1.308910000000000018e+00
5.180909999999999682e-01
9.188399999999999346e-02
6.869520000000000071e-01
5.948050000000000281e-01
-1.293770000000000087e+00
2.253157999999999994e+00
3.004319999999999879e+00
-2.330649000000000193e+00
-1.700601999999999947e+00
-5.421939999999999538e-01
-2.053729000000000138e+00
-2.573500000000000093e-02
-3.299599999999999755e-01
-3.680680000000000063e-01
-1.679728000000000110e+00
-3.319710000000000161e-01
1.656522999999999968e+00
-6.936069999999999736e-01
-2.646395000000000053e+00
-8.570750000000000313e-01
-1.835291000000000006e+00
-2.172692000000000068e+00
1.827771999999999952e+00
-2.240899999999999836e-02
-6.757799999999999918e-02
-1.946495000000000086e+00
6.484000000000000180e-03
1.215451999999999977e+00
-3.001441999999999943e+00
-1.109058000000000099e+00
1.235872000000000082e+00
-3.580229999999999801e-01
1.501268999999999965e+00
1.150869999999999949e-01
-3.975000000000000061e-02
-1.603116999999999903e+00
-2.509450000000000180e+00
1.464912999999999910e+00
2.109392999999999851e+00
-1.829938000000000065e+00
-2.605120000000000213e-01
2.516502000000000017e+00
3.877295999999999854e+00
-1.006882000000000055e+00
1.743821999999999983e+00
-6.633850000000000025e-01
8.094059999999999588e-01
-6.353680000000000438e-01
7.956969999999999876e-01
-1.282048999999999994e+00
6.507060000000000066e-01
3.019399999999999862e-01
-2.770738999999999841e+00
-1.547187000000000090e+00
-2.278764999999999930e+00
-7.005599999999999328e-02
-5.409119999999999484e-01
5.481110000000000149e-01
7.942620000000000235e-01
3.400313999999999837e+00
4.289810000000000012e-01
9.566399999999999904e-02
2.139777000000000040e+00
6.839180000000000259e-01
1.358845000000000081e+00
-1.297552999999999956e+00
-1.445035999999999987e+00
3.870391000000000137e+00
-4.078490000000000171e-01
-5.228519999999999834e-01
-3.014310000000000045e-01
2.315777999999999892e+00
3.979840000000000044e-01
9.790090000000000181e-01
-2.206137000000000015e+00
4.403059999999999974e+00
1.464973999999999998e+00
8.799329999999999652e-01
-6.080560000000000409e-01
1.619474999999999998e+00
-4.360589999999999744e-01
-1.412590000000000012e+00
2.132903000000000215e+00
8.731719999999999482e-01
4.498338999999999643e+00
9.484810000000000185e-01
-3.293569000000000191e+00
-2.955626000000000086e+00
5.686090000000000311e-01
2.980231999999999992e+00
1.155931999999999960e+00
-2.708200000000000052e-01
2.606609999999999761e-01
3.676931000000000171e+00
-1.032427999999999901e+00
4.296496000000000315e+00
-2.741660000000000208e-01
-2.428818999999999839e+00
6.627399999999999958e-02
5.619011999999999674e+00
2.625350000000000183e-01
-2.522380000000000178e-01
-1.947940999999999923e+00
-3.644206000000000056e+00
-2.388170000000000015e-01
2.773033999999999999e+00
-5.981680000000000330e-01
5.424050000000000260e-01
3.583978000000000108e+00
-1.974024999999999919e+00
-1.992644000000000082e+00
4.218792999999999793e+00
4.533389999999999920e-01
2.385429999999999939e+00
9.914629999999999832e-01
8.234780000000000433e-01
-1.788731000000000071e+00
-1.161480000000000012e-01
4.510654999999999859e+00
1.668395999999999990e+00
-1.309970999999999997e+00
1.323353999999999919e+00
3.038107999999999809e+00
-2.123505999999999894e+00
1.402957999999999927e+00
-3.721216000000000079e+00
-1.626420999999999895e+00
4.778419999999999890e-01
1.148133999999999988e+00
-2.437533000000000172e+00
-7.058649999999999647e-01
3.554781000000000191e+00
-1.354930000000000023e-01
9.946300000000000141e-01
-3.992208000000000201e+00
1.744928999999999952e+00
2.094968999999999859e+00
-1.022637000000000018e+00
-2.317601999999999940e+00
1.590020999999999907e+00
5.254640000000000422e-01
2.536128000000000160e+00
-2.122244999999999937e+00
-2.652865999999999946e+00
-2.708927000000000085e+00
-6.728629999999999889e-01
7.561020000000000518e-01
5.558149000000000228e+00
-1.461122999999999950e+00
2.055308999999999831e+00
-8.244639999999999747e-01
1.736585000000000045e+00
-6.487079999999999513e-01
5.427300000000000180e-02
4.040420000000000122e-01
1.891490000000000116e-01
4.257411000000000278e+00
-1.377256000000000036e+00
-3.209897999999999918e+00
-3.759799999999999809e+00
2.219053000000000164e+00
-2.220260000000000011e-01
2.188658999999999910e+00
-3.502530999999999839e+00
2.893249999999999988e-01
2.373263000000000122e+00
1.235754000000000019e+00
-6.258650000000000047e-01
1.929988000000000037e+00
1.906403999999999987e+00
2.674760000000000026e+00
3.980182000000000109e+00
2.828434999999999810e+00
-1.799601999999999924e+00
-3.015686999999999784e+00
-1.689748999999999945e+00
1.813301999999999969e+00
-3.139546000000000170e+00
-8.550809999999999800e-01
-1.396512999999999893e+00
2.021659000000000095e+00
-5.518579999999999597e-01
8.647070000000000034e-01
4.077810000000000046e-01
1.176363000000000048e+00
2.508507999999999960e+00
2.437307999999999808e+00
6.062220000000000386e-01
-1.828089999999999993e+00
2.316742000000000079e+00
-3.112495000000000012e+00
-1.718768000000000074e+00
-3.230259999999999909e+00
3.466256000000000004e+00
-1.521409000000000011e+00
-2.500992000000000104e+00
-2.454015000000000057e+00
-8.384059999999999846e-01
4.720038999999999874e+00
-1.185319999999999929e+00
1.837167999999999912e+00
5.308012999999999870e+00
2.524279999999999857e-01
1.349482999999999988e+00
-2.777760000000000229e-01
2.681220000000000270e-01
-1.811337999999999893e+00
3.538324999999999942e+00
-2.444412999999999947e+00
2.831046000000000173e+00
5.474999999999999867e-01
1.390978999999999965e+00
1.720593999999999957e+00
3.472200000000000286e-02
-3.922623999999999889e+00
2.452202999999999911e+00
-1.456801000000000013e+00
-1.428172999999999915e+00
2.322059999999999957e-01
-2.560081999999999969e+00
-2.740342000000000056e+00
-1.970447000000000060e+00
1.784826000000000024e+00
5.682583000000000162e+00
3.691749999999999865e+00
-2.093579999999999885e-01
-1.332197000000000076e+00
-6.362700000000000022e-01
2.359375000000000000e+00
6.172480000000000189e-01
-4.262739999999999863e-01
-8.609449999999999603e-01
9.421049999999999702e-01
-1.525667000000000106e+00
-3.502692000000000139e+00
9.218539999999999512e-01
2.752995999999999999e+00
3.801572000000000173e+00
-7.480780000000000207e-01
-1.231090999999999935e+00
-4.052499999999999991e-01
-3.145201000000000136e+00
-1.120505000000000084e+00
-1.022825000000000095e+00
1.259033999999999986e+00
-8.634659999999999558e-01
3.550240000000000062e-01
1.134580000000000033e-01
-1.466445999999999916e+00
-2.149382000000000126e+00
2.638720999999999872e+00
1.242788000000000004e+00
1.285025000000000084e+00
-4.053060000000000329e+00
-2.003354999999999997e+00
6.226656000000000191e+00
3.945960000000000023e-01
-1.915642000000000067e+00
-1.777441000000000049e+00
2.033899999999999944e-02
-1.928428000000000031e+00
-1.796335999999999933e+00
-9.724000000000000421e-01
8.747439999999999660e-01
1.152115999999999918e+00
-8.009399999999999853e-01
-3.449209999999999887e+00
3.796450000000000102e-01
-1.974189999999999889e+00
-3.256249999999999978e-01
-2.139676000000000133e+00
-1.079771000000000036e+00
-4.196770000000000223e-01
-1.477152999999999938e+00
1.950337999999999905e+00
1.694074000000000080e+00
-6.647680000000000256e-01
5.029660000000000242e-01
1.288540999999999936e+00
9.383620000000000294e-01
2.214281000000000166e+00
1.529739999999999989e-01
1.624114999999999975e+00
-2.568820999999999799e+00
-1.716296999999999962e+00
2.254542999999999964e+00
-3.001894000000000062e+00
2.877486000000000210e+00
2.719211000000000045e+00
-4.240688999999999709e+00
8.831719999999999571e-01
8.999719999999999942e-01
3.009182000000000023e+00
-7.600789999999999491e-01
-2.087264999999999926e+00
1.637488999999999972e+00
-1.995263999999999927e+00
3.785559999999999814e+00
-1.214439999999999964e-01
5.237224999999999575e+00
3.497832999999999970e+00
-6.086859999999999493e-01
-7.717650000000000343e-01
-1.357259999999999911e+00
-2.012896000000000019e+00
-6.971910000000000052e-01
-1.128730999999999929e+00
1.677948999999999913e+00
-1.050448000000000048e+00
8.112500000000000266e-01
2.930555000000000021e+00
-1.576977000000000073e+00
1.521921999999999997e+00
-2.186307999999999918e+00
-3.780919999999999837e-01
2.427442000000000100e+00
-1.435432000000000041e+00
3.468859000000000137e+00
-1.116511000000000031e+00
-3.779250000000000109e-01
5.742599999999999788e-02
1.988641000000000103e+00
-4.239434000000000147e+00
-1.210528000000000048e+00
4.058060000000000223e+00
-1.145049999999999957e-01
5.138423000000000407e+00
-1.815166000000000057e+00
1.564772000000000052e+00
-1.089695999999999998e+00
-2.678814000000000028e+00
-1.079606000000000066e+00
5.677692999999999657e+00
-2.873080999999999996e+00
2.915811999999999848e+00
2.821826999999999863e+00
-1.120092000000000088e+00
-2.664568000000000048e+00
-1.274993999999999961e+00
-1.338661000000000101e+00
7.306209999999999649e-01
1.523997000000000046e+00
-1.752895000000000092e+00
-1.251614000000000004e+00
2.556165000000000020e+00
4.136870000000000047e+00
-3.751809999999999867e-01
-1.269424000000000108e+00
2.529752999999999918e+00
2.701189999999999980e-01
-2.244402000000000008e+00
4.334470000000000267e-01
4.067895000000000039e+00
-1.875553999999999943e+00
-1.098022999999999971e+00
-4.282585000000000086e+00
-1.975713000000000052e+00
-2.155698999999999810e+00
-7.063099999999999934e-02
-8.389400000000000190e-01
-1.057649999999999979e+00
-1.498040000000000038e+00
9.159000000000000474e-02
-2.519740000000000091e+00
3.299247999999999958e+00
-8.959439999999999626e-01
-3.340839999999999921e-01
-2.275619999999999976e+00
-2.277880000000000127e+00
1.198121999999999909e+00
-1.989399999999999849e-02
-9.099819999999999576e-01
-1.443743999999999916e+00
-1.646992000000000012e+00
-2.277257000000000087e+00
-1.686503000000000085e+00
6.597960000000000491e-01
2.310290000000000177e+00
-2.489860999999999880e+00
3.264238999999999891e+00
-1.784283000000000063e+00
4.100132000000000332e+00
-9.152850000000000152e-01
-2.883354000000000195e+00
2.161077000000000137e+00
2.521330999999999989e+00
2.975506000000000206e+00
-2.512936999999999976e+00
1.032669999999999977e+00
-3.764721000000000206e+00
-5.157899999999999707e-01
-2.640922999999999909e+00
-1.086751000000000023e+00
2.701737000000000055e+00
-1.023981999999999948e+00
-1.149302999999999964e+00
-3.458851999999999816e+00
1.643113000000000046e+00
7.066050000000000386e-01
-1.167083000000000093e+00
-3.144852999999999899e+00
-9.790410000000000501e-01
-2.076794000000000029e+00
-2.876434999999999853e+00
3.460290000000000088e+00
7.123899999999999677e-01
-3.211467999999999989e+00
2.553414000000000073e+00
-8.793710000000000138e-01
4.121033999999999864e+00
3.069000000000000061e-01
5.398269999999999458e-01
-1.273689999999999989e+00
-2.664781000000000066e+00
2.686036999999999786e+00
6.316490000000000160e-01
-3.531089000000000144e+00
-1.482035999999999909e+00
-3.288590000000000124e-01
2.416583000000000148e+00
1.801033000000000106e+00
-2.694599999999999773e-01
-3.245009000000000032e+00
-1.902155000000000040e+00
-2.017876999999999921e+00
8.403289999999999926e-01
-2.811145999999999923e+00
9.278889999999999638e-01
-3.160600000000000076e-01
3.582581999999999933e+00
-3.745462999999999987e+00
7.260159999999999947e-01
1.027687000000000017e+00
-3.875554999999999861e+00
-2.996782000000000057e+00
7.293269999999999476e-01
3.977529000000000092e+00
-1.916582999999999926e+00
-2.205757000000000190e+00
-7.075099999999999445e-02
1.040707000000000049e+00
-6.226049999999999640e-01
-2.228377000000000052e+00
-1.021911000000000014e+00
2.462490999999999985e+00
5.357677999999999940e+00
3.151299999999999935e-02
5.259784999999999933e+00
-3.539959999999999773e-01
1.794812999999999992e+00
1.461171999999999915e+00
4.758805999999999869e+00
-1.484844000000000053e+00
-1.461302000000000101e+00
5.560927000000000398e+00
9.669339999999999602e-01
-2.522031999999999829e+00
2.563797000000000104e+00
-3.238761999999999919e+00
-2.173681999999999892e+00
-2.649372000000000060e+00
-1.632349999999999968e+00
1.219014999999999960e+00
-3.482467999999999897e+00
-1.965888000000000080e+00
-3.042619000000000185e+00
-5.278990000000000071e-01
4.600239000000000189e+00
1.006123000000000101e+00
-3.515731000000000162e+00
3.066441999999999890e+00
1.658728999999999898e+00
-2.592960999999999849e+00
4.437992999999999633e+00
4.238758999999999943e+00
-1.490309000000000106e+00
4.126209000000000238e+00
-3.891291999999999973e+00
-3.647730000000000139e-01
-9.724499999999999811e-02
-1.321484000000000103e+00
-1.098999999999999977e-02
-3.224339999999999984e-01
-7.451560000000000406e-01
5.342939000000000327e+00
4.566006999999999927e+00
-9.563650000000000206e-01
-3.301819000000000059e+00
1.689305000000000057e+00
-3.585735000000000117e+00
-1.190310999999999897e+00
-4.093478000000000172e+00
-1.387761999999999940e+00
-3.194322000000000106e+00
6.614100000000000534e-01
2.267354000000000092e+00
1.881745000000000001e+00
-4.188362999999999836e+00
1.486804999999999932e+00
-2.469756999999999980e+00
-1.275995999999999908e+00
-2.494536999999999782e+00
3.672756999999999827e+00
3.977116000000000096e+00
-1.714814999999999978e+00
2.780844999999999789e+00
-3.209763999999999839e+00
2.796896999999999966e+00
-9.513479999999999714e-01
-4.176249999999999574e+00
-1.526763000000000092e+00
3.822086999999999790e+00
-2.086253999999999831e+00
8.147130000000000205e-01
6.989020000000000232e-01
-2.274401999999999813e+00
-4.272639999999999993e+00
1.286874000000000073e+00
3.356991999999999976e+00
5.214140999999999693e+00
-1.014416999999999902e+00
-4.234327999999999648e+00
-4.200466999999999729e+00
7.815300000000000025e-02
-2.608261000000000163e+00
-2.598685000000000134e+00
6.720169999999999755e-01
6.095300000000000162e-01
-1.268523000000000067e+00
-3.020281000000000216e+00
-5.665059999999999540e-01
-3.126869000000000121e+00
-2.741518999999999817e+00
1.872886999999999968e+00
-2.495308000000000082e+00
8.231570000000000276e-01
2.512872999999999912e+00
2.549685999999999897e+00
1.680496999999999908e+00
2.867312000000000083e+00
-2.004786999999999875e+00
-1.743309999999999915e+00
-1.032666000000000084e+00
5.856419999999999959e-01
-1.273476000000000052e+00
-3.313934000000000157e+00
3.184874999999999901e+00
3.424458000000000002e+00
5.002091000000000065e+00
1.555239999999999956e-01
-4.220506999999999564e+00
2.611461999999999950e+00
3.238519999999999843e+00
8.310999999999999499e-01
1.458855999999999931e+00
-2.970114000000000143e+00
-7.232779999999999765e-01
-3.876449000000000034e+00
-7.315399999999999681e-02
5.887411000000000172e+00
7.754980000000000206e-01
5.737339999999999662e-01
-1.214642999999999917e+00
1.048564999999999969e+00
5.231890000000000152e-01
-4.498414000000000357e+00
3.834311000000000025e+00
3.683985999999999983e+00
9.420380000000000420e-01
-3.795892999999999962e+00
6.141329999999999956e+00
3.849591000000000207e+00
1.001273999999999997e+00
1.200774000000000008e+00
1.889788000000000023e+00
-1.489300999999999986e+00
-7.078969999999999985e-01
-8.916950000000000154e-01
-1.747980000000000089e-01
-2.351233000000000128e+00
1.542756999999999934e+00
-2.710764999999999869e+00
-3.767059999999999853e+00
4.343715999999999688e+00
5.826183999999999585e+00
-1.564465999999999912e+00
-3.763847999999999860e+00
5.291050000000000475e-01
1.044464000000000059e+00
-2.931773000000000184e+00
6.595659999999999856e-01
1.590208999999999984e+00
4.048243000000000258e+00
-2.329905999999999811e+00
4.416273999999999589e+00
1.104648000000000074e+00
1.706981999999999999e+00
-1.796472999999999987e+00
4.478489999999999971e-01
4.872569999999999957e-01
1.995193999999999912e+00
8.991820000000000368e-01
3.801966999999999874e+00
1.090581000000000023e+00
1.747611000000000026e+00
3.915738000000000163e+00
-1.331574999999999953e+00
2.868517999999999901e+00
-3.656921999999999784e+00
1.922425999999999968e+00
3.233172999999999853e+00
4.965220999999999663e+00
2.604950999999999794e+00
-3.288110000000000088e+00
-5.307900000000000118e-02
-4.054809999999999803e-01
3.269477000000000189e+00
-1.789806999999999926e+00
-4.478123000000000076e+00
-6.119449999999999612e-01
4.563851999999999798e+00
5.741115999999999886e+00
-1.783441000000000054e+00
5.047570999999999586e+00
2.081850999999999896e+00
-1.004823000000000022e+00
1.448009000000000102e+00
4.156972999999999807e+00
5.046298000000000172e+00
-2.745956000000000063e+00
3.963192999999999966e+00
-2.362940000000000040e+00
-1.766931999999999947e+00
1.855568000000000106e+00
-7.001699999999999591e-01
1.758332000000000006e+00
-3.193747000000000114e+00
4.987238999999999756e+00
-2.384974000000000149e+00
-3.106799000000000088e+00
-1.281393999999999922e+00
-1.558084000000000024e+00
4.506192000000000419e+00
-3.573839999999999795e-01
-4.473434000000000133e+00
1.392905000000000060e+00
4.319589999999999819e-01
5.525290000000000479e-01
-3.314817000000000125e+00
3.296294000000000057e+00
-3.291317999999999966e+00
1.846165000000000056e+00
1.696808000000000094e+00
-8.761520000000000419e-01
8.227710000000000301e-01
-2.336879000000000151e+00
-3.796949999999999825e+00
-1.117210999999999954e+00
-1.632800000000000085e-01
2.089933999999999958e+00
3.412615999999999872e+00
5.291019999999999612e+00
1.891037999999999997e+00
2.901548000000000016e+00
2.911675999999999931e+00
-2.604788999999999799e+00
5.447579999999999645e-01
3.817530000000000090e+00
2.669541000000000164e+00
1.992342999999999975e+00
2.484663999999999984e+00
1.339205999999999896e+00
-3.408068000000000097e+00
2.315208999999999850e+00
6.056739000000000317e+00
1.528849999999999931e-01
2.816111999999999949e+00
4.180400000000000088e-02
-6.655429999999999957e-01
-2.271030000000000104e+00
1.280402000000000040e+00
-1.178156999999999899e+00
6.364880000000000315e+00
-4.115173000000000414e+00
6.128656000000000326e+00
2.578110000000000124e+00
2.001149999999999984e+00
-1.820094000000000101e+00
-4.029047000000000267e+00
-2.993837000000000081e+00
6.317949999999999955e-01
1.954064999999999941e+00
4.592741000000000184e+00
5.041064000000000433e+00
3.152222000000000079e+00
-1.657955999999999985e+00
-1.119844999999999979e+00
3.495404999999999873e+00
-3.637861000000000011e+00
1.411777000000000060e+00
2.886966999999999839e+00
4.524175999999999753e+00
4.618269999999999875e-01
3.159637000000000029e+00
1.021530000000000049e+00
7.424429999999999641e-01
-4.595460000000000100e-01
2.332409999999999872e+00
5.398774999999999658e+00
-1.334127999999999981e+00
2.258521000000000001e+00
-3.062431000000000125e+00
-1.382551000000000085e+00
1.964123999999999981e+00
3.491137999999999852e+00
-3.502857000000000109e+00
-6.544410000000000505e-01
4.893258999999999581e+00
-7.467639999999999834e-01
-2.113903000000000088e+00
2.285550000000000082e-01
4.089048000000000016e+00
4.711440000000000072e-01
-2.690998000000000001e+00
1.194598999999999966e+00
1.497961000000000098e+00
-1.645299999999999985e+00
-2.146068999999999782e+00
3.349880999999999887e+00
6.719031000000000198e+00
1.186163999999999996e+00
3.526710000000000123e-01
-1.515783000000000103e+00
6.170766000000000417e+00
1.546774000000000093e+00
3.114774000000000154e+00
2.964354999999999851e+00
1.030402999999999958e+00
-1.211994000000000016e+00
1.319855999999999918e+00
-1.568057000000000034e+00
3.013335999999999792e+00
-3.772206999999999866e+00
-3.711837000000000053e+00
-3.034562000000000204e+00
-2.101935000000000109e+00
-2.458568000000000087e+00
1.895540000000000003e-01
1.192431999999999936e+00
-3.978920000000000012e+00
-1.979816000000000020e+00
1.799257000000000106e+00
2.333871999999999947e+00
-7.161309999999999620e-01
5.661349000000000409e+00
-7.738059999999999938e-01
2.065341000000000093e+00
1.625105000000000022e+00
-4.282814000000000121e+00
-2.785705000000000098e+00
6.019451000000000107e+00
3.487589999999999857e-01
-1.044745000000000035e+00
4.422812999999999661e+00
1.385143000000000013e+00
4.593125999999999820e+00
-1.269902000000000086e+00
-7.973120000000000207e-01
-1.458031000000000077e+00
3.232683999999999891e+00
-2.875858000000000025e+00
-3.697359000000000062e+00
1.907615000000000061e+00
1.170082999999999984e+00
-6.776290000000000369e-01
1.476935000000000109e+00
6.526722000000000357e+00
-1.937829000000000024e+00
-3.414703999999999962e+00
6.533566999999999680e+00
-2.633952999999999989e+00
4.421615000000000073e+00
-4.116270000000000095e+00
-4.235586999999999769e+00
-2.527318000000000175e+00
2.358540000000000081e+00
1.681537999999999977e+00
9.149119999999999475e-01
6.258010000000000517e-01
1.090494000000000074e+00
-8.024820000000000286e-01
-3.955973000000000184e+00
-3.455149000000000026e+00
-1.256459999999999910e+00
4.168249999999999567e+00
-4.188689000000000107e+00
-2.790903000000000134e+00
5.898944000000000187e+00
5.749750000000000139e-01
2.955367999999999995e+00
4.276239999999999597e+00
2.762560000000000016e-01
2.424211999999999811e+00
4.522217000000000375e+00
1.858314000000000021e+00
-4.094616000000000255e+00
-3.638701999999999881e+00
-2.604610000000000092e+00
-3.280250000000000110e-01
9.987019999999999786e-01
6.857671999999999990e+00
-4.037026000000000003e+00
-4.147867999999999888e+00
3.196680999999999884e+00
2.023137999999999881e+00
-2.885710000000000219e-01
-5.503540000000000099e-01
-3.715793000000000124e+00
3.539651999999999799e+00
-1.243859999999999966e+00
5.970987000000000045e+00
1.683235999999999954e+00
3.451543000000000028e+00
-1.340754999999999919e+00
-2.957488000000000117e+00
-2.205948999999999938e+00
5.649801000000000073e+00
-9.859919999999999796e-01
2.738153000000000059e+00
-5.287420000000000453e-01
5.248010999999999981e+00
1.577817000000000025e+00
1.622128000000000014e+00
-2.303090000000000082e+00
-1.934075999999999906e+00
-3.383443999999999896e+00
1.623672999999999922e+00
-2.651124999999999954e+00
1.108932000000000029e+00
-5.811100000000000154e-01
-4.434438000000000102e+00
-6.621350000000000291e-01
3.211100000000000065e-02
-2.609909999999999730e-01
-2.613332000000000210e+00
-3.303929999999999811e+00
-1.470094999999999930e+00
3.490581999999999852e+00
-1.894662999999999986e+00
4.704062999999999661e+00
4.442652999999999963e+00
-3.591263000000000094e+00
1.538650000000000018e-01
-1.665046000000000026e+00
-2.207743999999999929e+00
2.138151000000000135e+00
9.928599999999999648e-01
-2.908195999999999781e+00
1.342450000000000032e-01
3.448116999999999877e+00
-9.085060000000000358e-01
4.065656999999999854e+00
1.090875000000000039e+00
4.356036999999999715e+00
-3.581284999999999830e+00
2.181115000000000137e+00
-1.566059999999999952e-01
-2.901610999999999940e+00
2.153169999999999806e+00
1.475443000000000060e+00
1.246782000000000057e+00
1.137715999999999950e+00
-3.103537999999999908e+00
3.913149000000000211e+00
2.083669999999999967e-01
1.398128000000000037e+00
-7.880970000000000475e-01
8.714349999999999596e-01
-2.698855000000000004e+00
-1.808090999999999893e+00
-4.190730000000000288e+00
-4.508563999999999794e+00
-2.397950999999999944e+00
