2.716450000000000253e-01 -1.593829999999999969e-01 1.834900000000000073e-02
3.158569999999999989e-01 -1.458389999999999964e-01 1.576100000000000070e-02
-3.131669999999999732e-01 -8.649670000000000414e-01 6.007949999999999680e-01
8.704319999999999835e-01 7.187099999999999600e-01 -1.402460999999999958e+00
-4.191449999999999898e-01 -1.735869999999999913e-01 3.399170000000000247e-01
1.018296000000000090e+00 -1.132662000000000058e+00 -2.034799999999999942e-01
-5.592899999999999955e-02 -2.203219999999999901e-01 3.883000000000000167e-03
-3.116143999999999803e+00 1.255975999999999981e+00 5.900790000000000202e-01
-2.195561999999999792e+00 9.876260000000000039e-01 7.231200000000000128e-02
4.762999999999999873e-03 -2.186899999999999955e-01 3.025570000000000204e-01
2.768930000000000002e-01 -1.204619999999999996e-01 -5.061000000000000221e-02
-4.985419999999999852e-01 3.241249999999999964e-01 3.713290000000000202e-01
1.510418000000000038e+00 9.107520000000000060e-01 -1.706409000000000065e+00
-2.470500000000000126e-02 -1.195930000000000049e-01 -6.816200000000000037e-02
-4.157469999999999777e-01 2.044829999999999981e-01 2.379010000000000014e-01
-2.687399999999999789e-01 -3.382620000000000071e-01 2.086240000000000039e-01
1.036744000000000110e+00 5.598629999999999995e-01 -4.872639999999999749e-01
-9.818379999999999885e-01 -1.326904000000000083e+00 6.765780000000000127e-01
-6.824949999999999628e-01 -7.851920000000000011e-01 8.375439999999999552e-01
7.760719999999999841e-01 -1.560429999999999873e-01 -2.262389999999999957e-01
1.987300999999999984e+00 -2.584750000000000103e-01 -1.892473999999999990e+00
-1.772289999999999976e-01 -1.441869000000000067e+00 7.032399999999999762e-01
7.006900000000000350e-01 8.214200000000000668e-02 -6.917360000000000175e-01
-1.717306999999999917e+00 2.572475999999999985e+00 4.342159999999999909e-01
1.694999999999999979e-02 1.871649999999999980e-01 1.884490000000000054e-01
1.008143000000000011e+00 -1.505938999999999917e+00 -1.297792000000000057e+00
-4.148600000000000065e-01 -8.864999999999999547e-01 7.611010000000000275e-01
-3.876164999999999861e+00 2.240550000000000042e-01 1.280068999999999901e+00
-3.319520000000000248e-01 -1.977869999999999906e-01 1.488599999999999993e-02
4.491299999999999737e-01 -1.324390000000000012e-01 2.311699999999999866e-02
4.170130000000000225e-01 -1.486590000000000134e-01 2.082099999999999923e-02
-1.322059999999999902e-01 -7.183720000000000105e-01 2.129860000000000086e-01
-1.102889999999999981e-01 2.924900000000000277e-01 3.974679999999999880e-01
-1.506761000000000017e+00 -2.174107999999999929e+00 2.315347000000000044e+00
-1.346284999999999954e+00 1.286721999999999921e+00 1.632009999999999961e+00
-6.817900000000000349e-02 3.649459999999999926e-01 -7.392799999999999372e-02
-2.594770000000000132e-01 1.092051000000000105e+00 3.752820000000000045e-01
-1.083889999999999992e-01 8.994149999999999645e-01 -4.066199999999999815e-01
1.235539999999999972e-01 5.617670000000000163e-01 -6.370620000000000172e-01
-5.287560000000000038e-01 -1.417389999999999928e+00 1.115577000000000041e+00
9.537999999999999812e-01 -5.463230000000000031e-01 -1.011741999999999919e+00
1.366030000000000078e+00 -1.744539999999999980e+00 -1.626212999999999909e+00
-8.958000000000000407e-01 2.192756999999999845e+00 -3.662369999999999792e-01
-1.017508999999999997e+00 2.200140000000000207e+00 1.062560000000000032e-01
-1.037833999999999923e+00 -1.475062000000000095e+00 1.973058999999999896e+00
-2.125763000000000069e+00 -1.585989000000000093e+00 2.723396000000000150e+00
6.443929999999999936e-01 1.962021000000000015e+00 -5.214959999999999596e-01
-5.758210000000000273e-01 -7.597760000000000069e-01 1.070316999999999963e+00
-1.518529999999999880e-01 -1.833874000000000004e+00 2.653380000000000183e-01
4.298399999999999999e-01 -2.115527999999999853e+00 -9.577700000000000102e-02
-2.778074000000000154e+00 1.178230000000000111e+00 9.194229999999999903e-01
-1.421580000000000066e-01 -6.476640000000000175e-01 4.862009999999999943e-01
2.362155000000000005e+00 5.176539999999999475e-01 -1.311652999999999958e+00
-3.388596000000000164e+00 2.325145000000000017e+00 2.925241999999999898e+00
-3.583289999999999864e+00 7.638880000000000114e-01 2.941291000000000100e+00
1.523212000000000010e+00 2.115089000000000219e+00 -3.168769999999999865e+00
1.487578000000000067e+00 -4.261600000000000110e-02 -1.730915999999999899e+00
9.413569999999999993e-01 -1.760899999999999910e+00 -5.859309999999999796e-01
1.340152999999999928e+00 -3.210704999999999920e+00 -1.777198000000000055e+00
-9.617700000000000138e-01 2.990038999999999891e+00 5.071620000000000017e-01
4.690429999999999877e-01 -5.538809999999999567e-01 -3.347019999999999995e-01
1.351671000000000067e+00 -1.011490000000000000e+00 -3.993200000000000083e-01
1.588962999999999903e+00 -2.211459000000000064e+00 -1.540424000000000015e+00
1.605240000000000000e-01 1.766369999999999885e-01 -2.807450000000000223e-01
-5.437180000000000346e-01 -1.908646999999999982e+00 1.119032999999999944e+00
5.754610000000000003e-01 -3.742553000000000019e+00 -7.546319999999999695e-01
1.897218000000000071e+00 -1.242179999999999951e-01 -2.819386999999999865e+00
-2.431329999999999880e-01 2.658233000000000068e+00 -7.600740000000000274e-01
1.571298000000000084e+00 -1.253424000000000094e+00 -1.752334999999999976e+00
2.013085999999999931e+00 -1.266073000000000004e+00 -2.078988999999999976e+00
-6.551890000000000214e-01 -9.937789999999999679e-01 1.437672999999999979e+00
5.828280000000000127e-01 -1.820090000000000041e-01 -1.231900000000000009e-02
5.448629999999999862e-01 -3.220999999999999905e-03 -3.624399999999999844e-02
1.750088000000000088e+00 2.460491999999999901e+00 -2.585297999999999874e+00
5.767729999999999801e-01 -1.556939999999999991e-01 1.799600000000000158e-02
-2.686957000000000040e+00 2.637710000000000221e+00 1.951567000000000052e+00
2.624763000000000179e+00 6.131560000000000343e-01 -3.565043999999999880e+00
5.944230000000000347e-01 1.135567999999999911e+00 -1.112659000000000065e+00
-4.087953999999999866e+00 3.894369999999999776e-01 1.263179999999999970e+00
-1.167035999999999962e+00 2.532969000000000026e+00 -4.624899999999999844e-02
-1.120452999999999921e+00 9.795930000000000470e-01 1.672398000000000051e+00
1.960689999999999933e-01 -1.092479999999999896e+00 1.616899999999999935e-02
-1.053749999999999964e-01 1.343806000000000056e+00 1.670520000000000060e-01
8.717589999999999506e-01 1.136188999999999893e+00 -1.746723000000000026e+00
1.589450999999999947e+00 8.075989999999999558e-01 -2.922010000000000218e+00
-2.495283000000000140e+00 1.955538999999999916e+00 1.961669000000000107e+00
-3.368945000000000078e+00 9.825709999999999722e-01 2.238804000000000016e+00
1.474765000000000104e+00 -3.586625999999999870e+00 -1.580915999999999988e+00
-1.310307000000000111e+00 1.308713000000000015e+00 -8.959599999999999509e-02
-1.828429000000000082e+00 -9.729029999999999623e-01 1.975897999999999932e+00
-2.134015999999999913e+00 -3.417441999999999869e+00 2.280990000000000073e+00
8.019509999999999694e-01 9.357400000000000440e-02 -9.832649999999999446e-01
-6.804090000000000416e-01 -3.959265999999999952e+00 8.504920000000000258e-01
1.315193999999999974e+00 4.077729999999999966e-01 -6.103779999999999761e-01
-1.145335999999999910e+00 1.337652000000000063e+00 1.085650999999999922e+00
3.533129999999999882e-01 -5.285630000000000051e-01 -6.215309999999999446e-01
-3.458031000000000077e+00 1.230401000000000078e+00 1.044308000000000014e+00
1.534558000000000089e+00 -8.704929999999999612e-01 -1.243622000000000005e+00
2.333700000000000011e-02 -1.237865999999999911e+00 4.475450000000000261e-01
-2.569046000000000163e+00 9.676360000000000516e-01 4.750349999999999850e-01
2.756205000000000016e+00 1.194128999999999996e+00 -3.484738000000000113e+00
1.162686000000000108e+00 -4.417969999999999953e-01 -1.531080999999999914e+00
1.837715999999999905e+00 2.380688000000000137e+00 -3.207631999999999817e+00
-1.730601000000000056e+00 3.234259999999999913e+00 5.056460000000000399e-01
2.179480000000000028e-01 2.431519999999999904e+00 -3.138219999999999898e-01
-4.950249999999999928e-01 1.521371999999999947e+00 8.533530000000000282e-01
-2.416291000000000189e+00 1.986966000000000010e+00 1.248945999999999890e+00
-2.068210999999999800e+00 1.266690000000000038e-01 3.017263999999999946e+00
-3.927089999999999748e-01 1.774985999999999953e+00 7.816130000000000022e-01
-4.645679999999999810e-01 4.217219999999999858e-01 1.769189999999999929e-01
-9.458410000000000428e-01 -2.444618000000000180e+00 1.362837999999999994e+00
-1.076180000000000053e-01 -2.737908000000000008e+00 2.884059999999999957e-01
-7.549069999999999947e-01 -2.174798000000000009e+00 8.542969999999999731e-01
4.398810000000000220e-01 1.946986000000000105e+00 -1.404970999999999970e+00
1.274600000000000039e-02 3.081577999999999928e+00 -1.797411000000000092e+00
-3.722932000000000130e+00 2.221445000000000114e+00 4.397140000000000271e+00
-2.962100000000000150e-02 3.325370000000000270e-01 -3.459180000000000033e-01
-4.052370000000000139e-01 3.831615999999999911e+00 -8.404300000000000659e-02
3.111610000000000209e-01 -1.019832000000000072e+00 -3.406549999999999856e-01
-3.049535999999999802e+00 1.195109999999999895e+00 2.504954999999999821e+00
-2.694158999999999970e+00 8.164940000000000531e-01 5.465299999999999603e-01
-8.124759999999999760e-01 1.325239000000000056e+00 1.257392999999999983e+00
1.743622999999999923e+00 -3.244504000000000055e+00 -1.894173000000000107e+00
-3.366969999999999796e+00 1.167361000000000093e+00 4.277886999999999773e+00
-7.751510000000000344e-01 -1.501886999999999972e+00 1.050434000000000090e+00
-1.300509999999999999e-01 -4.254636999999999780e+00 2.675379999999999980e-01
1.305174000000000056e+00 1.183592999999999895e+00 -5.059740000000000348e-01
-3.468169000000000057e+00 -2.606760000000000188e-01 1.440997000000000083e+00
6.840439999999999854e-01 -1.708849999999999980e+00 -4.951699999999999990e-01
2.199345000000000105e+00 6.439369999999999816e-01 -1.459060999999999941e+00
-1.844173999999999980e+00 -4.647149999999999892e-01 1.812448999999999977e+00
-4.501180000000000181e-01 -1.805130000000000068e-01 8.109480000000000022e-01
-3.438740999999999826e+00 1.284337000000000062e+00 4.414919000000000260e+00
-1.559266000000000041e+00 -7.992599999999999705e-02 8.979219999999999979e-01
2.719688000000000105e+00 -3.160430000000000184e-01 -3.565380999999999911e+00
2.853451999999999877e+00 6.656189999999999607e-01 -3.520776000000000128e+00
-1.737365999999999966e+00 3.015292999999999779e+00 1.311716000000000104e+00
-3.560204000000000146e+00 1.278742000000000045e+00 3.134816999999999965e+00
-8.031570000000000098e-01 -2.614739999999999842e-01 1.043568000000000051e+00
1.453265000000000029e+00 -1.345469999999999999e-01 -2.461359999999999937e-01
5.354130000000000278e-01 -1.620467000000000102e+00 8.370400000000000063e-02
-1.907914000000000110e+00 -2.135009000000000157e+00 2.483740000000000059e+00
-1.222440000000000054e-01 1.871953999999999896e+00 -1.024860000000000104e+00
-3.301483999999999863e+00 8.461589999999999945e-01 4.034515999999999991e+00
-1.044889999999999985e-01 1.349382999999999999e+00 -1.004599999999999937e-01
2.073920999999999903e+00 -6.939380000000000548e-01 -2.436507000000000200e+00
-9.832589999999999941e-01 3.562062000000000062e+00 8.013339999999999907e-01
-3.855059999999999931e+00 7.600230000000000041e-01 5.002710999999999686e+00
5.627710000000000212e-01 -1.817331999999999947e+00 6.546799999999999842e-02
8.311250000000000027e-01 2.754050000000000109e-01 -1.911909999999999998e-01
1.433187999999999906e+00 6.373259999999999481e-01 -2.119568000000000119e+00
2.603302999999999923e+00 -1.197146000000000043e+00 -3.649087999999999887e+00
1.448484000000000105e+00 -2.262119999999999964e-01 -2.230090000000000128e-01
-1.441746999999999890e+00 -3.589820000000000233e-01 2.353885000000000005e+00
-9.828230000000000022e-01 1.651291000000000064e+00 -4.611680000000000224e-01
2.479919999999999902e-01 -2.345127000000000184e+00 2.269009999999999916e-01
-2.276194999999999968e+00 -1.750005999999999950e+00 2.530006000000000199e+00
1.009425000000000017e+00 2.132585999999999871e+00 -2.520551999999999904e+00
1.404285000000000005e+00 1.748855000000000048e+00 -2.434091000000000005e+00
-2.527525999999999939e+00 -9.246309999999999807e-01 3.241120000000000001e+00
-1.080748000000000042e+00 7.348850000000000104e-01 5.873880000000000212e-01
-3.874311000000000060e+00 1.128946000000000005e+00 2.542968000000000117e+00
-6.756090000000000151e-01 7.491069999999999673e-01 1.121131000000000100e+00
-2.900789000000000062e+00 2.575464000000000198e+00 1.472096999999999989e+00
1.064642000000000088e+00 3.177380000000000204e-01 -1.874384999999999968e+00
5.938980000000000370e-01 -2.695910000000000029e+00 -2.958669999999999911e-01
-2.177506999999999859e+00 -9.947179999999999911e-01 3.420784999999999965e+00
-4.963859999999999939e-01 -2.971638000000000002e+00 9.463610000000000078e-01
2.242815999999999921e+00 -9.191989999999999883e-01 -1.268842999999999943e+00
-2.453050000000000175e+00 3.735221999999999820e+00 2.593383000000000216e+00
-9.465780000000000305e-01 -3.627219000000000193e+00 1.717559000000000058e+00
1.678643000000000107e+00 -4.231929999999999858e-01 -2.149703999999999837e+00
-1.712495000000000100e+00 2.174685000000000201e+00 1.978118000000000043e+00
3.113210000000000033e+00 -9.383029999999999982e-01 -3.840755999999999837e+00
1.211051000000000100e+00 1.625456000000000012e+00 -1.847650999999999932e+00
-2.636664999999999814e+00 1.463856999999999964e+00 7.635939999999999950e-01
-2.065970999999999780e+00 3.157548999999999939e+00 2.092586999999999975e+00
1.496612000000000053e+00 1.050253000000000103e+00 -2.900269999999999904e+00
-1.025803000000000020e+00 3.066354000000000024e+00 -4.967860000000000054e-01
-3.694249999999999812e+00 2.339539999999999953e+00 4.180208000000000368e+00
-1.647200000000000053e-01 2.041739000000000193e+00 1.661880000000000024e-01
-1.248898000000000064e+00 2.552738000000000174e+00 1.664665000000000061e+00
2.811012999999999984e+00 -2.560191000000000106e+00 -3.559340999999999866e+00
-1.242351999999999901e+00 1.056448999999999971e+00 1.926840000000000108e+00
-3.601491000000000220e+00 1.101282000000000094e+00 2.267748000000000097e+00
8.197429999999999994e-01 2.208320000000000061e+00 -1.014283999999999963e+00
1.323531999999999931e+00 4.267650000000000055e-01 -2.549932999999999783e+00
-1.379291999999999963e+00 1.910236999999999963e+00 2.074345000000000105e+00
-7.049199999999999910e-01 -8.308680000000000510e-01 3.995870000000000255e-01
-7.090109999999999468e-01 -4.108980999999999995e+00 1.319863999999999926e+00
1.795897999999999994e+00 1.074516999999999944e+00 -2.448026000000000035e+00
1.862279000000000018e+00 1.630444999999999922e+00 -3.511915000000000120e+00
2.769331000000000209e+00 1.465154999999999985e+00 -3.521068999999999782e+00
7.071399999999999908e-01 -1.056375999999999982e+00 -6.749309999999999476e-01
1.839989999999999959e-01 -2.184575000000000156e+00 4.058240000000000181e-01
-3.816675000000000040e+00 -1.366999999999999986e-02 4.570081000000000060e+00
1.624643000000000059e+00 1.083399999999999988e-02 -1.470618999999999899e+00
-3.288187999999999889e+00 2.435604999999999798e+00 2.775199999999999889e+00
-8.229100000000000303e-01 3.406727000000000061e+00 -6.699429999999999552e-01
-3.400132000000000154e+00 1.615364000000000022e+00 2.112502000000000102e+00
4.924680000000000168e-01 2.678425999999999974e+00 -4.440970000000000195e-01
-1.512539999999999996e-01 -1.613688000000000011e+00 -8.363700000000000301e-02
-2.264292000000000193e+00 2.517009999999999970e+00 9.454040000000000221e-01
-2.071209999999999996e-01 2.136261000000000188e+00 5.846379999999999910e-01
-2.494869000000000003e+00 -1.092413000000000078e+00 3.208622999999999781e+00
2.318970000000000198e+00 -7.176909999999999679e-01 -1.342632000000000048e+00
3.237692000000000014e+00 6.875539999999999985e-01 -3.925308999999999937e+00
3.042664999999999953e+00 -1.306618999999999975e+00 -3.739260999999999946e+00
-1.514772999999999925e+00 -2.765989999999999838e-01 1.934622999999999982e+00
1.462048000000000014e+00 -6.278540000000000232e-01 -2.404409999999999881e-01
-2.184689999999999799e+00 2.362134000000000178e+00 2.877439999999999998e+00
2.560608999999999913e+00 -2.586377999999999844e+00 -3.095225999999999811e+00
-2.345382999999999996e+00 1.841269000000000045e+00 6.370360000000000467e-01
-1.742140999999999940e+00 5.232179999999999609e-01 2.313553000000000193e+00
-8.774500000000000355e-02 -3.148690000000000211e+00 6.260390000000000121e-01
7.257800000000000362e-02 3.491668999999999912e+00 -3.173690000000000122e-01
-2.422343000000000135e+00 3.035625000000000018e+00 2.936291999999999902e+00
-3.840393999999999863e+00 6.632249999999999535e-01 1.948801999999999923e+00
-3.235632999999999981e+00 2.254477000000000064e+00 3.307198000000000082e+00
-1.697284000000000015e+00 -3.102152999999999938e+00 2.422334000000000209e+00
-3.363652999999999782e+00 2.593215999999999966e+00 3.633646999999999849e+00
4.191819999999999991e-01 2.414919999999999956e+00 -2.297785999999999884e+00
1.928307999999999911e+00 -2.543743000000000087e+00 -2.664308000000000121e+00
9.279269999999999463e-01 2.887363999999999820e+00 -2.230332999999999899e+00
-9.104339999999999655e-01 -1.861490000000000089e-01 1.623316999999999899e+00
2.009269000000000194e+00 -3.232660999999999785e+00 -2.649658000000000069e+00
5.333069999999999755e-01 8.780679999999999596e-01 -8.079319999999999835e-01
1.475001000000000007e+00 -2.163521999999999945e+00 -1.302843999999999891e+00
-3.819430000000000103e+00 1.442917000000000005e+00 2.324831999999999788e+00
5.394039999999999946e-01 -1.663079999999999892e+00 -5.903410000000000046e-01
-4.409600000000000186e-01 9.768540000000000001e-01 1.051938000000000040e+00
-3.541774999999999896e+00 8.023869999999999614e-01 5.538939999999999975e-01
-1.631154999999999911e+00 9.447999999999999732e-01 1.350425999999999904e+00
-4.142439999999999678e+00 3.241979999999999862e-01 2.361272000000000038e+00
-1.705629000000000062e+00 7.499179999999999735e-01 2.448520999999999948e+00
-3.786839000000000066e+00 6.271160000000000068e-01 7.186320000000000485e-01
1.307855999999999908e+00 -2.363684000000000118e+00 -1.656395000000000062e+00
-1.088171999999999917e+00 -9.370799999999999963e-02 2.068294999999999995e+00
2.148010999999999893e+00 6.187599999999999767e-01 -3.736091000000000051e+00
1.414228000000000041e+00 3.180074999999999985e+00 -2.390681999999999974e+00
2.852771000000000168e+00 4.944799999999999751e-01 -3.851001999999999814e+00
-2.115327000000000179e+00 1.730520000000000114e-01 3.087111000000000161e+00
1.930730000000000057e+00 -5.268570000000000197e-01 -1.498579000000000105e+00
1.342208000000000068e+00 1.249052000000000051e+00 -3.072630999999999890e+00
2.102832999999999952e+00 1.492167999999999939e+00 -3.097512000000000043e+00
4.110840000000000050e-01 -4.647479999999999944e-01 -8.159859999999999891e-01
-3.769661000000000151e+00 1.289482000000000017e+00 4.595333000000000112e+00
9.613230000000000386e-01 1.330457999999999918e+00 -1.215303000000000022e+00
-3.437040999999999791e+00 2.131540000000000101e-01 1.752791999999999906e+00
-3.981872000000000078e+00 9.547909999999999453e-01 4.873604000000000269e+00
-1.679694000000000020e+00 2.223071000000000019e+00 6.818889999999999674e-01
-3.871089000000000002e+00 9.173199999999999410e-02 1.293071000000000081e+00
9.973469999999999835e-01 -1.923899000000000026e+00 -3.763190000000000146e-01
-1.386212000000000000e+00 3.446098999999999801e+00 1.056669000000000080e+00
1.725832000000000033e+00 2.531244000000000050e+00 -2.354519999999999946e+00
-3.057230999999999810e+00 1.920347000000000026e+00 3.936490000000000045e+00
1.571477999999999930e+00 -6.116150000000000198e-01 -2.469880999999999993e+00
-8.687899999999999512e-01 -3.984595000000000109e+00 1.521705000000000085e+00
-6.267740000000000533e-01 1.305280000000000051e-01 5.697419999999999707e-01
-3.499248999999999832e+00 9.126379999999999493e-01 1.547738000000000058e+00
-2.995941000000000187e+00 3.144848999999999783e+00 2.758246000000000198e+00
-4.949600000000000111e-01 2.585582000000000047e+00 4.924439999999999928e-01
3.331983000000000139e+00 -1.239699999999999969e-01 -4.527275999999999634e+00
-3.155117999999999867e+00 2.797471999999999959e+00 3.366108000000000100e+00
9.071150000000000047e-01 2.251110000000000055e-01 -1.480598000000000081e+00
8.890940000000000509e-01 -2.680649999999999977e+00 -1.311145999999999923e+00
-5.651850000000000485e-01 1.787420999999999927e+00 5.591660000000000519e-01
2.686630000000000074e+00 -9.452299999999999591e-02 -2.721976000000000173e+00
2.515156000000000169e+00 1.651375000000000037e+00 -3.686100000000000154e+00
1.446126999999999940e+00 -3.892974999999999852e+00 -1.666765999999999970e+00
-1.318249999999999922e+00 6.989560000000000217e-01 1.850125999999999937e+00
-3.886255999999999933e+00 -2.842149999999999954e-01 4.531121999999999872e+00
-2.799291999999999891e+00 1.172749000000000041e+00 3.697154999999999969e+00
-1.869213999999999931e+00 2.716547999999999963e+00 1.911279999999999923e-01
1.164122000000000101e+00 1.756879000000000079e+00 -1.439694000000000029e+00
-2.439099999999999879e-01 3.805457999999999785e+00 -2.919059999999999988e-01
-3.956109000000000098e+00 -1.864010000000000111e-01 2.075429000000000190e+00
3.100789999999999935e-01 -3.339579000000000075e+00 1.802630000000000066e-01
1.738240000000000007e+00 -1.126233999999999957e+00 -4.575000000000000178e-01
-3.265599999999999753e-02 1.095561000000000007e+00 -8.101209999999999800e-01
-1.199920000000000014e-01 -1.087663000000000046e+00 7.090079999999999716e-01
4.360609999999999764e-01 2.064697999999999922e+00 -1.763106999999999980e+00
2.583469000000000015e+00 8.396759999999999780e-01 -4.517708999999999975e+00
-1.868489999999999984e+00 3.262284999999999879e+00 1.858540999999999999e+00
-2.872759999999999980e+00 2.250827999999999829e+00 3.380889999999999951e+00
-1.781093999999999955e+00 -1.707292000000000032e+00 2.692077999999999971e+00
3.514800000000000146e-01 -6.254199999999999759e-01 -7.322929999999999717e-01
1.694366999999999956e+00 1.147815999999999947e+00 -1.265954999999999941e+00
1.693276000000000003e+00 -3.513499999999999956e-01 -3.920259999999999856e-01
2.212753999999999888e+00 -1.287924000000000069e+00 -3.070565000000000211e+00
1.470640000000000003e-01 1.692341000000000095e+00 -1.141953999999999914e+00
1.088146999999999975e+00 -3.190383999999999887e+00 -9.888010000000000410e-01
-2.824284000000000017e+00 2.061141999999999808e+00 1.781952999999999898e+00
6.856910000000000505e-01 -3.840758000000000116e+00 -8.751200000000000090e-01
-1.643896999999999942e+00 3.958451999999999860e+00 1.379442000000000057e+00
-1.857507000000000019e+00 3.517752000000000212e+00 8.570999999999999730e-01
6.516499999999999515e-01 1.189956999999999931e+00 -1.572189999999999976e+00
1.654921000000000086e+00 -8.027339999999999476e-01 -2.119845000000000201e+00
-3.587781000000000109e+00 2.352793999999999830e+00 3.321492000000000111e+00
-3.324321999999999999e+00 1.815166000000000057e+00 1.679831999999999992e+00
-9.060970000000000413e-01 3.385589999999999988e-01 1.295520000000000005e+00
3.326897999999999911e+00 -5.143069999999999586e-01 -4.475675999999999988e+00
1.187748000000000026e+00 1.403286999999999951e+00 -2.358194999999999819e+00
-4.145986999999999867e+00 1.801300000000000123e-01 5.136047999999999725e+00
1.073260000000000047e-01 -4.574900000000000078e-01 3.374369999999999870e-01
1.869965000000000099e+00 1.277335000000000109e+00 -2.200887999999999955e+00
9.442690000000000250e-01 2.030248999999999970e+00 -2.158856000000000108e+00
-1.468679000000000068e+00 1.876360999999999946e+00 3.273329999999999851e-01
2.080989999999999895e+00 1.583147000000000082e+00 -2.289750999999999870e+00
1.916406000000000054e+00 1.845004000000000088e+00 -2.146465000000000067e+00
-4.467499999999999943e-02 3.027239999999999931e+00 -9.377119999999999900e-01
-1.066049999999999942e+00 4.615190000000000126e-01 9.432530000000000081e-01
-3.231456000000000106e+00 6.006209999999999605e-01 1.237732999999999972e+00
2.280473999999999890e+00 2.066330000000000111e-01 -7.637840000000000185e-01
2.237883000000000067e+00 -2.899427000000000199e+00 -2.977186000000000110e+00
-6.837520000000000264e-01 2.733378999999999781e+00 9.778480000000000505e-01
1.939694999999999947e+00 2.348092999999999986e+00 -2.595852999999999966e+00
7.141599999999999338e-02 -9.410420000000000451e-01 -3.570079999999999920e-01
2.339039000000000090e+00 1.185928000000000093e+00 -2.502441000000000138e+00
-5.061700000000000227e-02 1.711527000000000021e+00 -1.087148000000000003e+00
-4.826889999999999792e-01 2.299357999999999791e+00 -1.632480000000000042e-01
-3.416099999999999692e-02 2.645360000000000156e+00 -1.776510999999999951e+00
-1.938450999999999924e+00 -3.317649999999999766e-01 1.699051000000000089e+00
-1.629197000000000006e+00 1.385574000000000083e+00 1.989019000000000092e+00
1.471907999999999994e+00 -1.748159000000000018e+00 -6.882599999999999829e-01
-1.472066000000000097e+00 3.851706000000000074e+00 1.550419999999999909e+00
-3.219650999999999819e+00 2.410225000000000062e+00 1.943951999999999902e+00
-1.850199999999999900e-01 -4.313525000000000276e+00 2.990459999999999785e-01
-8.274470000000000436e-01 -2.698468000000000089e+00 1.365086999999999939e+00
-1.760513999999999912e+00 1.484170999999999907e+00 4.083160000000000123e-01
-2.378309999999999869e-01 -2.174145000000000216e+00 1.047490999999999950e+00
1.978564999999999907e+00 -2.999343000000000092e+00 -2.212223999999999968e+00
1.414265000000000105e+00 2.300158000000000147e+00 -2.120689000000000046e+00
-2.789036999999999988e+00 1.943643000000000010e+00 2.753185999999999911e+00
2.126673999999999953e+00 -3.245030999999999999e+00 -2.534056999999999782e+00
-2.757092000000000098e+00 2.638297999999999810e+00 3.706516999999999840e+00
-9.484510000000000440e-01 -3.181595000000000173e+00 1.605021000000000031e+00
2.584144999999999914e+00 -2.150761000000000145e+00 -3.941688000000000081e+00
-2.531740000000000101e-01 -3.026507000000000058e+00 3.975480000000000125e-01
-1.158044999999999991e+00 2.042765000000000164e+00 1.383688999999999947e+00
-3.771221000000000156e+00 1.174287000000000081e+00 3.115063000000000137e+00
2.013434999999999864e+00 6.354539999999999633e-01 -7.067860000000000253e-01
1.925494000000000039e+00 6.575889999999999791e-01 -2.303504000000000218e+00
-7.902869999999999617e-01 2.733630000000000226e-01 1.594624999999999959e+00
1.563887000000000027e+00 -1.114554999999999962e+00 -1.922603000000000062e+00
-3.063673000000000091e+00 1.856726000000000099e+00 4.120409999999999684e+00
7.524340000000000472e-01 -2.956090000000000106e+00 -3.150580000000000047e-01
-3.885184999999999889e+00 2.635109999999999952e-01 4.471040000000000347e+00
-2.150412000000000212e+00 -1.173349999999999893e+00 2.643038000000000221e+00
1.337220000000000075e-01 1.690072999999999936e+00 -4.714979999999999727e-01
2.076064000000000132e+00 5.594900000000000428e-01 -7.222389999999999644e-01
1.193794999999999940e+00 -3.756257000000000179e+00 -1.227062000000000097e+00
1.501503999999999950e+00 3.076188999999999840e+00 -3.017526000000000153e+00
-1.181780999999999970e+00 2.589245000000000019e+00 -5.234159999999999924e-01
8.625660000000000549e-01 -4.162530000000000285e+00 -1.059561999999999893e+00
-9.913100000000000245e-01 -1.959105000000000096e+00 1.125464000000000020e+00
8.723079999999999723e-01 -2.243981999999999921e+00 -1.013932999999999973e+00
-8.356130000000000502e-01 2.279589000000000087e+00 1.358767000000000058e+00
-1.484088999999999992e+00 -9.261900000000000688e-02 2.565758000000000205e+00
1.132271999999999945e+00 -3.493409000000000209e+00 -1.396365999999999996e+00
-1.843334999999999946e+00 5.396290000000000253e-01 1.564165999999999945e+00
2.389327999999999896e+00 2.261585999999999874e+00 -2.961961000000000066e+00
-3.691900000000000182e-01 3.388135999999999814e+00 7.261700000000000099e-02
-6.941030000000000255e-01 -2.103258999999999990e+00 1.634721000000000091e+00
1.350511999999999935e+00 2.344138000000000055e+00 -1.659537999999999958e+00
-1.848873999999999906e+00 -3.768603999999999843e+00 1.952531999999999934e+00
1.821290999999999993e+00 1.256045000000000078e+00 -1.124867999999999979e+00
-1.283902000000000099e+00 1.806996999999999964e+00 -1.703330000000000122e-01
2.602789999999999826e-01 -2.657760000000000122e+00 -1.635890000000000122e-01
-1.107061000000000073e+00 -2.540935999999999861e+00 1.239705000000000057e+00
3.131594999999999906e+00 -6.483010000000000161e-01 -4.651341000000000392e+00
2.145239999999999814e+00 8.887260000000000160e-01 -1.229457000000000022e+00
-3.489561999999999831e+00 1.215324000000000071e+00 4.021454999999999558e+00
-4.615409999999999791e-01 3.017066999999999943e+00 3.882470000000000088e-01
-3.656992999999999938e+00 -1.397650000000000003e-01 4.212833999999999968e+00
1.100376000000000021e+00 -3.922391000000000183e+00 -1.552000000000000046e+00
-1.399453999999999976e+00 -4.535100000000000242e-02 1.447667000000000037e+00
4.620360000000000023e-01 3.046559999999999935e+00 -1.139577999999999980e+00
1.861132000000000009e+00 -2.159740000000000215e+00 -2.426614999999999966e+00
6.346119999999999539e-01 3.663551000000000002e+00 -1.145907999999999927e+00
-3.818334999999999813e+00 3.619319999999999760e-01 4.839221000000000217e+00
2.142983000000000082e+00 3.991489999999999760e-01 -3.287401000000000018e+00
-1.372322000000000042e+00 -1.947635000000000005e+00 2.013488000000000167e+00
-2.869266999999999790e+00 1.606972999999999985e+00 3.138307000000000180e+00
-1.699170000000000125e-01 2.569386999999999865e+00 -1.171634000000000064e+00
1.682093999999999978e+00 -1.857820000000000027e-01 -2.824692000000000203e+00
9.415090000000000403e-01 3.551585999999999910e+00 -1.535541999999999963e+00
1.512315999999999994e+00 5.866400000000000503e-01 -1.367701999999999973e+00
-2.039050000000000029e+00 3.383178000000000019e+00 1.663542000000000076e+00
-2.258281000000000205e+00 3.055003999999999831e+00 2.489033000000000051e+00
6.731979999999999631e-01 1.208803000000000072e+00 -1.959649999999999892e+00
1.261646999999999963e+00 2.360927000000000220e+00 -1.367488999999999955e+00
-2.374026000000000192e+00 2.120503999999999944e+00 3.127069000000000099e+00
-3.978329000000000004e+00 1.041606999999999950e+00 4.000726000000000226e+00
-1.523773999999999962e+00 1.818384999999999918e+00 -1.655469999999999997e-01
7.838399999999999812e-01 -2.249909999999999966e-01 -1.253358999999999890e+00
-3.144330000000000069e+00 9.522110000000000296e-01 2.604569999999999830e+00
-3.297845999999999833e+00 9.026710000000000012e-01 4.302380000000000093e-01
1.474159999999999915e+00 -2.007502000000000120e+00 -2.053465000000000096e+00
-1.020656000000000008e+00 7.931399999999999562e-02 4.538650000000000184e-01
-3.688956999999999820e+00 -1.288449999999999873e-01 3.432126999999999928e+00
2.080398999999999887e+00 8.711379999999999679e-01 -2.067076999999999831e+00
9.394219999999999793e-01 1.163273000000000001e+00 -1.099536999999999987e+00
2.774722000000000133e+00 -1.517514000000000030e+00 -4.247722000000000442e+00
1.723573000000000022e+00 1.890620000000000078e-01 -2.078011000000000053e+00
2.311288999999999927e+00 -4.416320000000000245e-01 -2.182205000000000172e+00
-1.005769999999999997e-01 2.437844999999999818e+00 3.225779999999999759e-01
8.899700000000000388e-01 1.953079000000000010e+00 -7.587420000000000275e-01
2.131784999999999819e+00 -1.256218999999999975e+00 -1.026121999999999979e+00
9.534869999999999735e-01 -1.499073000000000100e+00 -1.419707999999999970e+00
-2.850214999999999943e+00 9.895180000000000087e-01 2.562510000000000066e-01
2.479543000000000053e+00 -1.372562999999999978e+00 -2.406690999999999914e+00
-3.298566999999999805e+00 -2.173339999999999994e-01 2.812285000000000146e+00
1.493676000000000004e+00 -1.337204999999999977e+00 -8.807490000000000041e-01
1.621884000000000103e+00 -4.836679999999999868e-01 -3.335859999999999936e-01
1.499630999999999936e+00 -3.616407999999999845e+00 -1.915214999999999890e+00
1.893969999999999931e+00 -2.140549999999999953e-01 -2.360523999999999845e+00
-1.719279999999999975e-01 -4.984371000000000329e+00 3.938639999999999919e-01
-1.374878000000000045e+00 1.120228000000000002e+00 1.554310000000000136e-01
1.181243000000000043e+00 -2.948754999999999793e+00 -9.033759999999999568e-01
1.352481000000000044e+00 -2.579445999999999906e+00 -1.327188000000000034e+00
9.797759999999999803e-01 -4.115224999999999689e+00 -1.422811000000000048e+00
2.327552999999999983e+00 1.454309000000000074e+00 -2.794964999999999922e+00
1.410819000000000045e+00 2.723593000000000153e+00 -2.176324000000000147e+00
-3.104735999999999940e+00 7.583520000000000261e-01 7.984750000000000458e-01
-3.602691999999999783e+00 1.926759999999999862e-01 2.151321999999999957e+00
1.558453000000000088e+00 -1.561987000000000014e+00 -2.345450000000000035e+00
-3.616499000000000130e+00 1.101954000000000100e+00 3.303662999999999794e+00
9.937099999999999822e-01 3.244449999999999834e-01 -1.869974000000000025e+00
-2.573919000000000068e+00 -6.848400000000000321e-02 3.480599999999999916e+00
6.988039999999999807e-01 2.960078000000000209e+00 -8.433730000000000393e-01
2.006152999999999853e+00 -1.879779000000000089e+00 -2.668206000000000078e+00
-1.425516999999999923e+00 -1.301704999999999890e+00 1.623196000000000083e+00
-2.185360000000000191e+00 1.186917999999999918e+00 2.688168999999999809e+00
-2.289391000000000176e+00 1.295099999999999862e-01 2.678894999999999804e+00
2.180267000000000177e+00 2.099533000000000094e+00 -3.520874000000000059e+00
-4.037385999999999697e+00 1.851720000000000033e-01 1.029703000000000035e+00
2.179476999999999887e+00 -2.792717000000000116e+00 -3.283760000000000012e+00
2.495100000000000096e-01 -1.515614000000000017e+00 -5.538499999999999535e-01
2.236953000000000191e+00 -4.038109999999999755e-01 -2.739630000000000010e+00
7.959659999999999513e-01 3.289304000000000006e+00 -1.143747999999999987e+00
-5.701110000000000344e-01 -3.798055000000000181e+00 1.476237999999999939e+00
-6.303860000000000019e-01 2.336075999999999819e+00 -1.017508999999999997e+00
-3.956700000000000217e-01 3.267363000000000017e+00 -1.258518999999999943e+00
1.958865999999999996e+00 -3.157185000000000130e+00 -2.931938999999999851e+00
-3.887118000000000073e+00 -4.318199999999999816e-01 1.419402999999999970e+00
-3.874276000000000053e+00 5.291249999999999565e-01 7.966649999999999565e-01
2.287094000000000182e+00 -1.032443000000000000e+00 -1.130049999999999999e+00
2.766199999999999992e+00 -5.697929999999999939e-01 -3.287259999999999849e+00
4.781150000000000122e-01 3.712159999999999904e+00 -9.468729999999999647e-01
1.919113999999999987e+00 -1.478604000000000029e+00 -1.959956000000000031e+00
2.206192999999999849e+00 1.769411999999999985e+00 -4.033413999999999611e+00
-2.590456999999999788e+00 -3.368920000000000248e-01 2.893778000000000183e+00
-1.973338000000000036e+00 3.898206000000000060e+00 1.868211000000000066e+00
2.442461999999999911e+00 7.147189999999999932e-01 -3.943370999999999960e+00
-3.370811999999999919e+00 2.811808999999999781e+00 3.477609999999999868e+00
1.245935999999999932e+00 1.667534000000000072e+00 -8.205259999999999776e-01
-3.115483999999999920e+00 1.280626999999999960e+00 4.105794000000000388e+00
-8.954099999999999560e-02 1.189289000000000041e+00 5.216389999999999638e-01
3.667499999999999927e-02 -4.280776999999999610e+00 4.744899999999999812e-02
-1.284740000000000049e-01 2.393612000000000073e+00 -1.405006999999999895e+00
2.033939999999999859e+00 2.037755999999999901e+00 -3.793045999999999918e+00
-3.622545000000000126e+00 -3.940239999999999854e-01 2.274395999999999862e+00
-9.738909999999999512e-01 2.876507999999999843e+00 1.343113999999999919e+00
2.663264999999999993e+00 -1.744486999999999899e+00 -3.345518999999999910e+00
1.004569999999999963e+00 2.807789999999999786e+00 -1.814594999999999958e+00
-3.829569999999999919e-01 3.499407999999999852e+00 1.741890000000000105e-01
-1.205893000000000104e+00 -4.324651000000000245e+00 1.212026000000000048e+00
-9.979919999999999902e-01 -1.029115999999999920e+00 1.408663999999999916e+00
6.699990000000000112e-01 -4.498577000000000048e+00 -4.889439999999999897e-01
1.785514999999999963e+00 -3.250675000000000203e+00 -2.734134000000000064e+00
9.997089999999999588e-01 2.627943999999999836e+00 -2.562469000000000108e+00
2.181217999999999879e+00 2.465190000000000214e+00 -2.724771000000000054e+00
-1.802980000000000138e-01 -5.417999999999999483e-01 7.161429999999999740e-01
1.972383999999999915e+00 -3.795215999999999923e+00 -2.305810999999999833e+00
7.180799999999999683e-02 -1.877304000000000084e+00 5.769250000000000211e-01
7.840700000000000447e-02 1.624956000000000067e+00 -1.164599999999999941e-01
-4.030929000000000428e+00 1.215408000000000044e+00 3.625392000000000170e+00
3.081649000000000083e+00 -1.121863999999999972e+00 -3.794582999999999817e+00
-1.894376000000000060e+00 2.618726000000000109e+00 1.370481000000000060e+00
-2.585541000000000089e+00 3.362119999999999997e+00 2.036061000000000121e+00
2.702110999999999930e+00 1.199090000000000017e-01 -4.617079999999999629e+00
1.883024000000000031e+00 -9.259779999999999678e-01 -3.007706999999999908e+00
-3.163942000000000032e+00 4.034400000000000208e-01 7.929110000000000325e-01
-2.258753000000000011e+00 6.847200000000000508e-02 3.443020000000000191e+00
1.366892999999999914e+00 3.170938000000000034e+00 -2.840273999999999965e+00
1.787498000000000031e+00 -2.104979000000000156e+00 -2.007537000000000127e+00
4.193910000000000138e-01 -5.035061999999999927e+00 -3.842189999999999772e-01
-2.212549000000000099e+00 2.272228000000000137e+00 1.616772000000000098e+00
6.394790000000000196e-01 6.322710000000000274e-01 -5.550739999999999563e-01
1.672689000000000092e+00 -3.854890000000000150e+00 -1.859644999999999992e+00
1.006042000000000103e+00 8.908740000000000547e-01 -1.003514000000000017e+00
-1.420301999999999953e+00 -1.011702000000000101e+00 1.924387000000000070e+00
-3.890204999999999913e+00 -5.070949999999999624e-01 4.205833000000000155e+00
-2.150056000000000189e+00 2.321403000000000105e+00 4.298100000000000254e-01
-3.909802000000000000e+00 1.071437999999999890e+00 4.899581000000000408e+00
4.313520000000000132e-01 -1.985141000000000044e+00 -4.413000000000000256e-01
-4.141469999999999874e-01 -3.605151999999999912e+00 9.337900000000000089e-01
-4.048699000000000048e+00 5.133000000000000410e-03 1.370236000000000010e+00
-3.451875999999999944e+00 1.188225000000000087e+00 4.572327999999999726e+00
1.550566000000000111e+00 1.613340999999999914e+00 -1.642312999999999912e+00
2.332937999999999956e+00 2.887290000000000134e-01 -1.490272000000000041e+00
-3.553075000000000205e+00 4.073740000000000139e-01 4.777594999999999814e+00
-1.721683000000000074e+00 3.418842000000000159e+00 1.984860999999999986e+00
1.617817999999999978e+00 -3.669058000000000153e+00 -2.098460000000000214e+00
-2.147675000000000001e+00 1.990560000000000107e+00 3.073158999999999974e+00
2.706679999999999975e+00 1.123885999999999941e+00 -4.253935000000000244e+00
1.462577000000000016e+00 8.897810000000000441e-01 -2.473298999999999914e+00
2.359626000000000001e+00 -6.775149999999999784e-01 -2.683339999999999836e+00
1.106403000000000025e+00 -9.461100000000000065e-01 -1.580605000000000038e+00
-8.454850000000000421e-01 1.632781999999999956e+00 1.595468000000000108e+00
2.491676000000000002e+00 -8.995279999999999943e-01 -3.571975999999999818e+00
1.984099000000000057e+00 -2.339733999999999980e+00 -1.775365000000000082e+00
3.150765999999999956e+00 9.920309999999999961e-01 -3.827310000000000212e+00
4.213060000000000138e-01 -4.676090000000000302e+00 -6.621529999999999916e-01
-4.148316999999999588e+00 5.897499999999999964e-01 4.149452000000000140e+00
-3.518543000000000198e+00 -1.571770000000000111e-01 9.336699999999999999e-01
2.951976999999999851e+00 1.072786999999999935e+00 -4.733120000000000438e+00
-2.013653999999999833e+00 6.116549999999999487e-01 2.933321999999999985e+00
-2.485184999999999977e+00 2.459109000000000211e+00 2.367907000000000206e+00
2.596165000000000056e+00 -9.914039999999999520e-01 -2.553749999999999964e+00
-2.211348999999999787e+00 -7.731580000000000119e-01 3.452370999999999857e+00
-4.118085999999999913e+00 8.157180000000000542e-01 3.974293999999999993e+00
1.608462999999999976e+00 -2.695138000000000034e+00 -1.360397999999999996e+00
-2.090253999999999834e+00 -2.341358000000000050e+00 2.721410000000000107e+00
2.937905000000000211e+00 -2.214967000000000130e+00 -3.566561000000000092e+00
1.423989999999999978e-01 2.747733000000000203e+00 -2.197599999999999901e-02
7.221680000000000321e-01 -4.263137000000000398e+00 -3.662300000000000000e-01
2.436306000000000083e+00 3.238860000000000072e-01 -1.333700000000000108e+00
4.755100000000000299e-02 6.165059999999999985e-01 9.457599999999999341e-02
2.839030000000000165e-01 1.593136000000000108e+00 -1.280320000000000069e-01
8.302340000000000275e-01 -3.725271000000000221e+00 -7.906389999999999807e-01
-3.254243999999999915e+00 3.214040000000000230e-01 4.576235999999999748e+00
-2.210389000000000159e+00 -2.053329000000000182e+00 3.095025000000000137e+00
2.328310000000000102e-01 3.694183999999999912e+00 -9.026459999999999484e-01
2.214821999999999846e+00 -3.276819999999999844e+00 -2.776711999999999847e+00
-3.152290999999999954e+00 2.797264999999999890e+00 2.553279999999999994e+00
2.367763000000000062e+00 -1.537390000000000034e+00 -3.467057000000000055e+00
2.320075999999999805e+00 -9.734369999999999967e-01 -1.153151000000000037e+00
2.712455999999999978e+00 -4.650730000000000142e-01 -4.560902999999999707e+00
2.501651999999999987e+00 -2.920679999999999943e-01 -1.374036999999999953e+00
2.998298999999999825e+00 3.193030000000000035e-01 -3.709395999999999916e+00
3.899329999999999741e-01 -4.254845000000000432e+00 1.277159999999999962e-01
-1.085579000000000072e+00 1.988099999999999937e-02 2.061745000000000161e+00
-2.066183999999999799e+00 5.396879999999999455e-01 1.888358999999999899e+00
3.143076000000000203e+00 -4.417499999999999760e-01 -4.709486000000000061e+00
-8.272350000000000536e-01 9.752990000000000270e-01 1.657356999999999969e+00
1.286527999999999894e+00 1.170287000000000077e+00 -2.992935000000000123e+00
1.695969999999999978e+00 -1.378320000000000101e-01 -1.263536999999999910e+00
2.638958000000000137e+00 2.371376000000000150e+00 -3.665617000000000125e+00
-2.232552000000000092e+00 4.518480000000000274e-01 3.362712999999999841e+00
-1.836791999999999980e+00 -1.361237999999999948e+00 2.921853000000000034e+00
1.878014000000000072e+00 1.222647999999999957e+00 -1.909588999999999981e+00
-1.583274000000000070e+00 -1.218930999999999987e+00 2.107308999999999877e+00
2.762620000000000076e+00 1.563104000000000049e+00 -4.554612999999999801e+00
-3.294175000000000075e+00 2.900440000000000129e+00 3.774236999999999842e+00
6.564179999999999460e-01 -4.261428999999999689e+00 -9.377510000000000012e-01
2.451127000000000056e+00 -1.911869999999999958e+00 -3.964507999999999921e+00
7.939920000000000311e-01 3.502153999999999989e+00 -2.071832999999999814e+00
-3.669688999999999979e+00 2.577239000000000058e+00 4.563882000000000438e+00
2.285149000000000097e+00 1.397686999999999902e+00 -2.481161000000000172e+00
-3.720752000000000059e+00 1.066902000000000017e+00 1.023535000000000084e+00
-1.906909999999999994e-01 -2.845550999999999942e+00 2.875119999999999898e-01
1.507560000000000011e+00 -3.088786999999999949e+00 -1.962906999999999957e+00
2.656214999999999993e+00 -1.940061999999999953e+00 -4.056305000000000049e+00
-4.107541000000000331e+00 3.265319999999999889e-01 1.294222999999999901e+00
-1.172671000000000019e+00 -3.693300999999999945e+00 1.900373000000000090e+00
-2.517959999999999976e+00 -2.364892999999999912e+00 3.407639999999999780e+00
-6.520869999999999722e-01 3.030067999999999984e+00 -1.009141000000000066e+00
2.567731999999999903e+00 -1.495190000000000019e+00 -4.202296999999999727e+00
3.117347999999999786e+00 -1.742369000000000057e+00 -4.058106999999999687e+00
3.100749999999999895e-01 -4.190602000000000160e+00 -2.469379999999999908e-01
1.519069000000000003e+00 1.690612000000000004e+00 -3.463912000000000102e+00
2.221985000000000099e+00 2.407699000000000034e+00 -3.934479000000000060e+00
-2.780588999999999977e+00 2.195934999999999970e+00 1.172311000000000103e+00
-3.250859999999999861e-01 1.458009000000000110e+00 9.044919999999999627e-01
6.044310000000000516e-01 3.235672000000000104e+00 -1.480979000000000045e+00
1.928293999999999953e+00 7.226350000000000273e-01 -3.646847000000000172e+00
2.016014000000000195e+00 -9.231179999999999941e-01 -5.734730000000000105e-01
3.197264999999999802e+00 8.418660000000000032e-01 -3.879796999999999940e+00
1.756162000000000001e+00 2.193070000000000019e-01 -3.043886000000000092e+00
-4.428090000000000082e-01 -2.934912000000000187e+00 1.091107000000000049e+00
2.477034000000000180e+00 -1.544183000000000083e+00 -2.353647000000000045e+00
-2.443198999999999899e+00 3.412269999999999914e+00 1.796777999999999986e+00
-1.699551000000000034e+00 -1.343560000000000088e+00 1.876158999999999910e+00
-1.546953999999999940e+00 -1.993257999999999974e+00 1.745654000000000039e+00
-2.101055000000000117e+00 3.099880999999999887e+00 2.689969000000000054e+00
-1.991905000000000037e+00 -9.151489999999999903e-01 2.257702000000000098e+00
1.104667000000000066e+00 -4.233076999999999757e+00 -1.670609000000000011e+00
1.664093000000000044e+00 3.189255999999999869e+00 -2.448694000000000148e+00
6.821970000000000534e-01 -2.812565999999999899e+00 -9.973769999999999580e-01
-1.011501999999999901e+00 3.062549999999999883e+00 1.350511999999999935e+00
1.084932999999999925e+00 2.442476000000000091e+00 -1.408854999999999968e+00
2.579632000000000147e+00 2.747180000000000177e-01 -3.861326000000000036e+00
-1.947399000000000102e+00 6.657880000000000464e-01 3.053352999999999984e+00
-3.897297000000000011e+00 7.886100000000000054e-02 3.018202000000000051e+00
-4.062012000000000178e+00 8.462349999999999595e-01 4.583758000000000443e+00
-2.085431999999999952e+00 1.003725999999999896e+00 3.267630000000000257e-01
2.650583999999999829e+00 -1.078181000000000056e+00 -4.386182999999999943e+00
-1.777344999999999953e+00 1.249754999999999949e+00 2.794535999999999909e+00
-3.230411999999999839e+00 5.714749999999999552e-01 3.059899999999999842e+00
-3.808854999999999880e+00 8.499309999999999921e-01 9.884230000000000516e-01
-3.537649000000000044e+00 1.796078000000000063e+00 1.897772999999999932e+00
1.897664999999999935e+00 -4.324520999999999837e+00 -2.359424999999999883e+00
1.081827000000000094e+00 -7.376059999999999839e-01 -7.118889999999999940e-01
2.958410000000000206e+00 -8.166440000000000365e-01 -4.085449999999999804e+00
-3.509030000000000205e-01 2.958340000000000192e+00 4.329990000000000228e-01
-3.840838999999999892e+00 6.305589999999999806e-01 5.130348999999999826e+00
2.477700000000000041e-02 -5.022109999999999630e+00 1.357369999999999965e-01
-2.138291999999999859e+00 3.031950000000000145e+00 1.324211999999999945e+00
1.211462000000000039e+00 -4.136848999999999776e+00 -1.119296000000000069e+00
-2.841902000000000150e+00 1.730955999999999939e+00 1.447845999999999966e+00
-2.913116000000000039e+00 1.783646999999999982e+00 8.898949999999999916e-01
3.377753999999999923e+00 -1.683016999999999985e+00 -4.418162999999999840e+00
-1.644147000000000025e+00 -1.935210000000000097e+00 2.646491000000000149e+00
-3.842732999999999954e+00 1.728542999999999941e+00 3.964609999999999967e+00
-4.007607000000000141e+00 2.836899999999999977e-01 9.677710000000000479e-01
2.117954999999999810e+00 -2.713471000000000188e+00 -3.332742000000000093e+00
-4.004737999999999687e+00 2.342380000000000018e-01 5.104108000000000089e+00
-2.111553999999999931e+00 -3.760129999999999861e-01 3.173302000000000067e+00
-5.706120000000000081e-01 1.291627000000000081e+00 1.270910999999999902e+00
-3.279554000000000080e+00 -4.013829999999999898e-01 1.052979000000000109e+00
-6.397140000000000049e-01 -1.692639999999999922e+00 1.333850999999999898e+00
9.146290000000000253e-01 -9.081899999999999695e-02 -1.494386999999999910e+00
-9.684819999999999540e-01 3.441990999999999801e+00 -4.638939999999999730e-01
1.493972999999999995e+00 6.948889999999999789e-01 -8.533190000000000497e-01
-2.969550000000000245e-01 6.287099999999999911e-01 -7.470499999999999363e-02
1.422344000000000053e+00 -2.087009999999999810e+00 -2.140007999999999910e+00
-1.280747999999999998e+00 1.988442999999999961e+00 2.055012000000000061e+00
1.972045999999999966e+00 -1.316497000000000028e+00 -2.610199999999999854e+00
3.306381000000000014e+00 2.516220000000000123e-01 -4.536801999999999779e+00
-3.752896999999999927e+00 -5.672110000000000207e-01 3.463490000000000180e+00
-3.734916999999999820e+00 -2.854490000000000083e-01 4.630034000000000205e+00
1.379504999999999981e+00 2.775695999999999941e+00 -1.960083000000000020e+00
2.526911000000000129e+00 -2.356024000000000118e+00 -3.400138999999999800e+00
-1.809317999999999982e+00 3.932838999999999974e+00 1.624031999999999920e+00
-3.985170000000000101e+00 6.165869999999999962e-01 1.139858000000000038e+00
2.662119000000000124e+00 -8.256930000000000103e-01 -2.962396000000000029e+00
-1.632911000000000001e+00 3.819672999999999874e+00 1.757805999999999980e+00
-3.613515000000000033e+00 1.718244000000000105e+00 2.003738999999999937e+00
-2.265829999999999789e+00 -3.227052000000000032e+00 2.432856000000000130e+00
1.264809999999999990e+00 -4.117988000000000426e+00 -1.912727000000000066e+00
-2.030419000000000196e+00 -2.491519999999999957e+00 2.864285999999999888e+00
-1.459232000000000085e+00 -4.119280000000000164e-01 9.683469999999999578e-01
-1.106184000000000056e+00 1.334489000000000036e+00 1.983918999999999988e+00
4.008680000000000021e-01 2.328739000000000114e+00 -2.267678999999999778e+00
-2.259224999999999817e+00 3.180142000000000024e+00 1.211430999999999925e+00
-3.652981000000000034e+00 7.357230000000000159e-01 6.216570000000000151e-01
-1.648746999999999963e+00 -1.319797000000000109e+00 1.493305000000000105e+00
-3.989752000000000187e+00 3.296250000000000013e-01 9.377649999999999597e-01
-1.460205999999999893e+00 -4.165623000000000076e+00 2.066301999999999861e+00
-3.138190000000000146e-01 -2.030994000000000188e+00 6.777969999999999828e-01
-4.196289000000000158e+00 1.320999999999999952e-01 1.652460000000000040e+00
-4.077861999999999654e+00 -1.296229999999999882e-01 3.317054999999999865e+00
2.510857999999999812e+00 -3.385029999999999983e-01 -1.313366999999999951e+00
-3.315774000000000221e+00 3.091982999999999926e+00 3.959471000000000185e+00
3.343555999999999973e+00 -3.205339999999999856e-01 -4.041408999999999807e+00
-1.707611999999999908e+00 1.538388000000000089e+00 2.265595999999999943e+00
-1.696442000000000005e+00 -3.927293999999999841e+00 1.776968000000000103e+00
-3.936878999999999795e+00 1.215591000000000088e+00 4.749382999999999910e+00
-1.439219000000000026e+00 4.604570000000000052e-01 2.489644000000000190e+00
2.357206999999999830e+00 -2.927131999999999845e+00 -2.831059000000000214e+00
-6.796720000000000539e-01 3.512391000000000041e+00 6.066899999999999515e-01
-5.673890000000000322e-01 3.851998000000000033e+00 1.254850000000000132e-01
-1.518597999999999892e+00 -2.811533999999999978e+00 2.041786000000000101e+00
1.137332000000000010e+00 -1.164781000000000066e+00 -1.716450000000000031e+00
3.165795999999999832e+00 -2.349139000000000088e+00 -4.110007000000000410e+00
2.101679999999999993e+00 -8.336799999999999766e-01 -6.114720000000000155e-01
-1.923202000000000078e+00 -3.565154999999999852e+00 2.658358999999999916e+00
-4.110489000000000281e+00 3.004999999999999893e-01 4.853867000000000154e+00
1.083118000000000025e+00 -2.512731000000000048e+00 -1.608889000000000014e+00
-2.308983000000000008e+00 -2.865707000000000004e+00 3.146357000000000070e+00
-2.907004000000000143e+00 3.276018999999999792e+00 3.233554999999999957e+00
1.524400000000000061e-02 3.804062000000000054e+00 -9.986490000000000089e-01
-4.149985000000000035e+00 1.220910000000000051e-01 1.387679000000000107e+00
-3.810890999999999806e+00 2.017291999999999863e+00 4.530844000000000094e+00
-2.356057999999999986e+00 -1.956507999999999914e+00 3.438247000000000053e+00
1.528899999999999926e+00 -3.559282000000000057e+00 -2.284686999999999912e+00
-1.362754999999999939e+00 -2.824889999999999901e+00 2.483406000000000002e+00
1.554747000000000101e+00 -4.603372000000000241e+00 -1.896911000000000014e+00
1.840472000000000108e+00 2.739676999999999918e+00 -2.336152999999999924e+00
-3.856316000000000077e+00 1.195638999999999896e+00 2.077913000000000121e+00
2.256170000000000009e+00 -6.017860000000000431e-01 -6.859539999999999527e-01
-8.782090000000000174e-01 -3.540845000000000020e+00 9.196220000000000505e-01
2.153957999999999817e+00 -1.728280000000000038e+00 -3.006612000000000062e+00
-2.586695999999999884e+00 -9.626289999999999569e-01 3.762538999999999856e+00
1.265034999999999910e+00 2.055200999999999834e+00 -3.242189999999999905e+00
2.686827000000000076e+00 1.716426999999999925e+00 -4.474612999999999730e+00
2.447808000000000206e+00 -6.641390000000000349e-01 -1.249913999999999970e+00
1.383666000000000063e+00 3.348034000000000177e+00 -2.095108999999999888e+00
-4.054598000000000368e+00 1.268583999999999934e+00 4.413014999999999688e+00
-6.227500000000000258e-01 1.114424000000000081e+00 -2.219629999999999936e-01
3.430509999999999948e+00 -1.462436999999999987e+00 -4.497517000000000209e+00
-4.138664999999999594e+00 1.929269999999999874e-01 1.356484999999999941e+00
-3.224911999999999779e+00 1.344811999999999896e+00 6.876740000000000075e-01
-2.678104999999999958e+00 2.648823000000000150e+00 1.168755999999999906e+00
3.116999999999999993e+00 1.115167999999999937e+00 -4.387203000000000408e+00
-1.949883999999999951e+00 -2.422384999999999788e+00 2.153840999999999894e+00
3.271878000000000064e+00 5.291569999999999885e-01 -3.963655999999999846e+00
-9.774559999999999915e-01 6.394729999999999581e-01 1.887218999999999980e+00
-3.449926000000000048e+00 -4.249419999999999864e-01 1.465675999999999979e+00
3.198570000000000024e-01 3.755704999999999849e+00 -7.453760000000000385e-01
-1.792135000000000034e+00 3.779608000000000079e+00 1.963349999999999929e+00
2.556926999999999950e+00 8.567099999999999715e-01 -2.692073000000000160e+00
2.763767999999999780e+00 -2.596884999999999888e+00 -3.364831999999999823e+00
1.898482999999999921e+00 1.175338999999999912e+00 -1.123755999999999977e+00
-9.634669999999999623e-01 3.117039000000000115e+00 3.409749999999999726e-01
-4.312969999999999859e-01 -2.428653999999999868e+00 1.331269000000000036e+00
-3.638341000000000047e+00 4.390809999999999991e-01 3.148845999999999812e+00
-3.386070999999999831e+00 9.835120000000000529e-01 4.876059999999999839e+00
-2.229047000000000001e+00 3.007242000000000193e+00 2.878763999999999879e+00
-3.998683999999999905e+00 7.279379999999999740e-01 2.840082999999999913e+00
-1.638295999999999975e+00 -2.871477000000000057e+00 1.794904999999999973e+00
2.678936000000000206e+00 -4.764209999999999834e-01 -2.680112999999999968e+00
-3.722164999999999946e+00 6.843949999999999756e-01 6.691679999999999851e-01
-3.930283000000000193e+00 1.693888000000000060e+00 4.062126000000000126e+00
-4.165858000000000061e+00 6.623700000000000421e-02 2.408450000000000202e+00
-2.871842000000000006e+00 1.519813000000000081e+00 2.325960999999999945e+00
-1.870481000000000060e+00 -1.393159999999999954e+00 1.842783999999999978e+00
-4.124480000000000146e+00 2.610509999999999775e-01 1.325328999999999979e+00
2.324399000000000104e+00 -3.321679000000000048e+00 -2.856844000000000161e+00
-8.518639999999999546e-01 -1.269482999999999917e+00 1.747119000000000089e+00
-4.133872000000000213e+00 1.075077999999999978e+00 5.500640999999999892e+00
-2.333644000000000052e+00 1.473198000000000008e+00 4.061750000000000083e-01
-9.677580000000000071e-01 -1.942593999999999932e+00 1.945041999999999938e+00
1.368640000000000134e-01 -3.810487000000000180e+00 -2.493589999999999973e-01
2.198100999999999861e+00 -7.047889999999999988e-01 -6.566170000000000062e-01
2.487166000000000210e+00 2.153563000000000116e+00 -3.073414000000000090e+00
-1.834252999999999911e+00 3.254417000000000115e+00 2.297213999999999867e+00
7.891430000000000389e-01 3.609993999999999925e+00 -1.342216999999999993e+00
-4.046592000000000411e+00 6.866400000000000281e-02 5.174872999999999834e+00
2.414505999999999819e+00 -2.566454999999999931e+00 -3.674955999999999889e+00
-4.116844000000000392e+00 -6.880000000000000265e-04 4.976518000000000441e+00
-3.184356000000000186e+00 3.232727000000000128e+00 3.743854999999999933e+00
-1.608581000000000039e+00 1.636385999999999896e+00 2.379459000000000213e+00
1.228642999999999930e+00 3.260937000000000197e+00 -2.656798999999999911e+00
2.716845000000000176e+00 -2.663630000000000164e-01 -4.592566999999999844e+00
3.098574000000000161e+00 1.706801999999999930e+00 -4.226058000000000092e+00
-3.513399000000000161e+00 1.211732000000000031e+00 8.699230000000000018e-01
-2.693487000000000187e+00 3.350807999999999787e+00 3.132537000000000127e+00
-2.884727999999999959e+00 -1.947686000000000028e+00 3.146482999999999919e+00
-2.544135999999999953e+00 -1.210291999999999923e+00 3.703748000000000040e+00
-1.178519000000000094e+00 -2.786846999999999852e+00 1.971192999999999973e+00
9.398699999999999832e-01 -4.332167000000000101e+00 -1.422044000000000086e+00
5.157049999999999690e-01 7.089640000000000386e-01 -1.116182999999999925e+00
-3.817889999999999784e+00 -4.312900000000000067e-01 2.887126999999999999e+00
2.558930999999999845e+00 -2.967966000000000104e+00 -3.127873000000000125e+00
-1.071619999999999934e-01 -2.888889999999999958e+00 7.828559999999999963e-01
-4.071500999999999593e+00 8.237750000000000350e-01 2.865235000000000198e+00
-3.865356999999999932e+00 2.150374999999999925e+00 4.922869000000000383e+00
-1.142320000000000002e-01 -3.059070000000000178e+00 9.768100000000000394e-02
-3.429037999999999808e+00 2.092909999999999826e+00 3.683422999999999892e+00
-3.900806999999999913e+00 8.831769999999999898e-01 1.183551000000000020e+00
-3.900596000000000174e+00 4.930129999999999790e-01 8.237459999999999782e-01
-1.262925999999999993e+00 3.494320000000000093e+00 -3.858600000000000224e-02
-2.472046999999999883e+00 2.789544999999999941e+00 3.238040999999999947e+00
-4.178239999999999732e+00 7.951500000000000234e-02 4.500459000000000209e+00
2.472620000000000040e+00 1.926219999999999877e-01 -1.341197999999999890e+00
-3.250723999999999947e+00 2.937044999999999906e+00 3.238942999999999905e+00
1.946952999999999934e+00 -1.714690000000000103e-01 -3.324727999999999906e+00
1.308929999999999927e+00 2.685998999999999803e+00 -1.617634000000000016e+00
-2.830570999999999948e+00 2.155307000000000084e+00 2.555890000000000217e+00
-1.291206000000000076e+00 -4.337009000000000114e+00 1.848843999999999932e+00
3.213343000000000060e+00 7.833809999999999940e-01 -4.475647000000000375e+00
-4.752140000000000253e-01 3.919605999999999923e+00 -3.085970000000000102e-01
-3.948977000000000182e+00 1.909985999999999962e+00 5.086376999999999704e+00
2.324085000000000178e+00 -4.202080000000000259e-01 -7.254650000000000265e-01
2.183844999999999814e+00 2.817086999999999897e+00 -3.100492000000000026e+00
-1.836756999999999973e+00 3.105068999999999857e+00 8.906849999999999490e-01
-4.110009999999999941e+00 -3.163309999999999733e-01 3.374203000000000063e+00
-1.293789999999999940e-01 -4.706564000000000192e+00 -2.777699999999999961e-02
2.838531000000000137e+00 2.120185999999999904e+00 -3.910773999999999972e+00
-4.013874000000000386e+00 7.167810000000000015e-01 1.307458999999999927e+00
-3.033717999999999915e+00 1.526060999999999890e+00 1.843869999999999898e+00
3.603350000000000164e-01 2.040232000000000046e+00 -1.947713000000000028e+00
9.695470000000000477e-01 2.385231999999999797e+00 -2.941317000000000181e+00
-1.752810999999999897e+00 -1.545790999999999915e+00 2.425971999999999795e+00
-4.042397000000000240e+00 -2.615790000000000060e-01 5.248336000000000112e+00
-4.065822999999999965e+00 4.498329999999999829e-01 1.232210999999999945e+00
-1.309925999999999924e+00 3.876033000000000062e+00 1.341601999999999961e+00
1.469419999999999948e+00 2.977127999999999997e+00 -1.912717000000000001e+00
-4.106780999999999793e+00 8.628190000000000026e-01 5.463312000000000168e+00
-2.405845999999999929e+00 3.532075999999999993e+00 2.758220000000000116e+00
-1.372703000000000007e+00 -9.975739999999999608e-01 2.417816999999999883e+00
-4.155945000000000000e+00 -2.323330000000000117e-01 2.545568999999999971e+00
1.888019999999999976e-01 -2.871898999999999980e+00 5.192919999999999758e-01
-3.341299999999999826e-01 2.174103999999999814e+00 -1.293835999999999986e+00
-6.718520000000000048e-01 6.444800000000000528e-01 1.406296999999999908e+00
1.369229999999999947e+00 -4.059251999999999860e+00 -1.368992999999999904e+00
-2.360386000000000095e+00 1.044071999999999889e+00 3.063467000000000162e+00
3.323102000000000000e+00 -6.843099999999999739e-01 -4.016099999999999781e+00
3.044491999999999976e+00 7.210039999999999782e-01 -4.797952000000000439e+00
2.313956000000000124e+00 -2.134625000000000217e+00 -2.760613000000000206e+00
2.287290000000000045e+00 2.365456000000000003e+00 -2.845682000000000045e+00
1.391350000000000087e+00 -3.694847000000000214e+00 -2.047289000000000136e+00
-1.477440000000000087e+00 3.975497999999999976e+00 1.134894000000000069e+00
-3.409539999999999793e-01 -7.217970000000000219e-01 9.813619999999999566e-01
3.128709999999999880e+00 1.580989999999999895e-01 -4.808486000000000260e+00
7.516659999999999453e-01 2.585077000000000069e+00 -2.699615999999999794e+00
-8.569510000000000183e-01 -4.516375000000000028e+00 8.101779999999999538e-01
-3.261553000000000146e+00 -2.361509999999999998e-01 2.039893999999999874e+00
4.419080000000000230e-01 3.036369999999999791e+00 -5.158840000000000092e-01
-4.084013999999999811e+00 1.372725999999999891e+00 5.376339999999999897e+00
2.351204000000000072e+00 -2.680299999999999905e-01 -7.480459999999999887e-01
-2.178160000000000096e+00 1.696248999999999896e+00 2.465418999999999805e+00
-1.666261999999999910e+00 2.525339999999999918e+00 2.360301999999999900e+00
2.873256000000000032e+00 -3.004093000000000124e+00 -3.697242000000000139e+00
2.976534000000000013e+00 1.417283999999999988e+00 -3.629957000000000100e+00
-3.717795000000000183e+00 -5.812619999999999454e-01 4.625779999999999781e+00
-2.212712999999999930e+00 1.396539999999999893e+00 6.082699999999999774e-01
-5.362759999999999749e-01 3.319205999999999879e+00 -1.067512999999999934e+00
-2.613761999999999919e+00 -2.609931000000000001e+00 2.833868999999999971e+00
-4.104574000000000389e+00 5.231360000000000454e-01 1.434466999999999937e+00
-3.941335000000000033e+00 -3.510340000000000127e-01 3.729639000000000149e+00
2.299840999999999802e+00 6.441120000000000179e-01 -1.289833000000000007e+00
2.344723999999999808e+00 -3.244600000000000262e-02 -7.659190000000000165e-01
9.567560000000000509e-01 -4.504253000000000284e+00 -1.279172999999999893e+00
-4.064326999999999579e+00 6.022699999999999720e-01 3.067413999999999863e+00
2.738719000000000126e+00 3.189299999999999913e-01 -3.260241999999999862e+00
2.657157000000000213e+00 4.891929999999999890e-01 -4.591402000000000427e+00
-3.268010999999999999e+00 2.703809999999999825e+00 2.746531000000000056e+00
-2.104356000000000115e+00 3.674014000000000113e+00 2.367169000000000079e+00
2.218853000000000186e+00 -6.710139999999999993e-01 -6.668439999999999923e-01
-1.969317999999999902e+00 3.182157999999999820e+00 2.495915999999999801e+00
-4.110227000000000075e+00 -3.214659999999999740e-01 5.089808999999999806e+00
1.344510000000000094e+00 -8.169039999999999635e-01 -1.899097999999999953e+00
2.895398999999999834e+00 1.241263999999999923e+00 -4.684163999999999994e+00
-3.860317000000000220e+00 -8.092799999999999994e-02 5.214300999999999853e+00
1.656501000000000001e+00 -1.305123999999999951e+00 -2.534135000000000026e+00
-3.164871000000000212e+00 1.063449000000000089e+00 4.240311000000000163e+00
2.380196000000000200e+00 -2.117824999999999847e+00 -3.825701000000000018e+00
2.613366000000000078e+00 -1.286313999999999957e+00 -4.301006000000000107e+00
2.753795000000000215e+00 1.804405999999999954e+00 -3.376891000000000087e+00
-1.622392999999999974e+00 -1.867107000000000072e+00 1.638365999999999989e+00
-3.872708999999999957e+00 -5.141480000000000494e-01 1.431586999999999943e+00
-3.814597000000000016e+00 9.802060000000000217e-01 1.102773999999999921e+00
-4.617459999999999898e-01 1.871580999999999939e+00 1.027830000000000021e+00
-4.014332999999999707e+00 5.633470000000000422e-01 1.170538999999999996e+00
1.820897999999999906e+00 -3.656240000000000046e-01 -7.787760000000000238e-01
2.713343000000000060e+00 -7.124800000000000577e-02 -4.611220999999999570e+00
1.903691000000000022e+00 -3.080207999999999835e+00 -2.944475000000000176e+00
2.264892999999999823e+00 7.063739999999999464e-01 -1.276812999999999976e+00
-1.570589000000000013e+00 -2.429952000000000112e+00 2.723133999999999943e+00
2.503553999999999835e+00 -2.359888000000000208e+00 -3.814531000000000116e+00
2.930651000000000117e+00 1.987325000000000008e+00 -4.023119999999999585e+00
-3.444408000000000136e+00 4.185340000000000171e-01 5.027230000000000310e+00
-3.755097000000000129e+00 6.565239999999999965e-01 6.936510000000000176e-01
-2.304619999999999891e+00 1.710180999999999951e+00 3.307436000000000043e+00
-1.887990999999999975e+00 -1.597318000000000016e+00 3.049992000000000036e+00
-2.005609999999999893e+00 3.504582000000000086e+00 1.088697000000000026e+00
-2.047801000000000204e+00 4.231030000000000069e-01 2.323263999999999996e+00
-1.871974000000000027e+00 -2.116789999999999949e+00 3.046443000000000012e+00
-1.422441000000000066e+00 -1.695510000000000073e+00 1.309886000000000106e+00
3.565478999999999843e+00 -1.964100000000000013e-01 -4.735146000000000299e+00
2.014609000000000094e+00 -2.900707000000000146e+00 -3.144226000000000187e+00
2.614522000000000013e+00 -1.163008000000000042e+00 -2.531670999999999783e+00
3.005749999999999811e-01 -2.002559000000000200e+00 -4.212339999999999973e-01
-4.448019999999999752e-01 7.619299999999999684e-02 9.753420000000000423e-01
-4.194291999999999909e+00 4.206900000000000084e-01 5.702227999999999852e+00
2.634517999999999915e+00 -3.421050999999999842e+00 -3.365781999999999829e+00
2.700032000000000210e+00 -6.669549999999999645e-01 -4.516045000000000087e+00
-3.772940000000000182e+00 2.053104999999999958e+00 3.696960999999999942e+00
-5.599169999999999980e-01 -4.846765999999999686e+00 9.009399999999999631e-01
-8.501899999999999735e-02 3.127108999999999916e+00 1.581609999999999960e-01
-1.633519999999999972e-01 3.854581000000000035e+00 -1.288340000000000041e-01
3.493720000000000159e+00 5.655980000000000452e-01 -4.680085000000000051e+00
-2.492160999999999849e+00 1.217451999999999979e+00 3.590041999999999955e+00
-2.842199999999999935e-02 2.851290999999999798e+00 -1.395696000000000048e+00
-3.439039000000000179e+00 -5.861539999999999528e-01 4.590855999999999604e+00
-4.164323999999999693e+00 -1.898170000000000135e-01 1.512591000000000019e+00
-9.951010000000000133e-01 -3.361073000000000199e+00 2.031150999999999929e+00
2.517428000000000221e+00 -2.058719999999999994e-01 -1.328953000000000051e+00
3.098364000000000118e+00 1.138006000000000073e+00 -3.768044000000000171e+00
1.759039000000000019e+00 2.872469000000000161e+00 -3.352234999999999854e+00
-3.262396999999999991e+00 4.378200000000000147e-02 4.662491000000000163e+00
1.016537999999999942e+00 -4.418117999999999768e+00 -9.613260000000000138e-01
-1.995157999999999987e+00 3.313130000000000241e-01 2.555807999999999858e+00
-6.411700000000000177e-01 3.946053000000000033e+00 -7.273999999999999910e-02
-2.754554999999999865e+00 -1.592006000000000032e+00 3.698567000000000160e+00
-2.747863999999999862e+00 2.422591999999999857e+00 2.265261000000000191e+00
-4.165617000000000125e+00 -1.074060000000000015e-01 1.481368999999999936e+00
1.881580999999999948e+00 2.763478999999999797e+00 -3.509125000000000050e+00
2.071280999999999928e+00 2.560798999999999825e+00 -2.599419000000000146e+00
1.847590000000000066e+00 -3.521673999999999971e+00 -2.799482999999999944e+00
-1.139057999999999904e+00 -2.032248000000000054e+00 1.072356000000000087e+00
2.704886000000000124e+00 -7.719589999999999508e-01 -2.663653000000000048e+00
-2.295619999999999994e+00 3.799923000000000162e+00 2.353401999999999994e+00
-3.108710000000000084e-01 3.061243999999999854e+00 -2.996940000000000159e-01
3.077182999999999780e+00 -2.569951000000000096e+00 -3.983929999999999971e+00
-1.095999999999999969e-03 3.827068999999999832e+00 -3.360759999999999859e-01
-1.310294000000000070e+00 3.984399999999999942e+00 8.908220000000000027e-01
-9.752349999999999630e-01 3.979325999999999919e+00 4.057319999999999816e-01
2.833145000000000024e+00 1.679600999999999900e+00 -3.467109000000000218e+00
3.306653999999999982e+00 1.248299000000000047e+00 -4.472128999999999799e+00
1.184320000000000039e+00 -1.982391999999999932e+00 -1.372522000000000020e+00
-3.559086999999999890e+00 2.764911999999999814e+00 4.370311000000000057e+00
6.369580000000000242e-01 2.678746999999999989e+00 -2.567108999999999863e+00
-2.948386000000000173e+00 -9.565200000000000091e-02 3.917695000000000149e+00
-1.783932000000000073e+00 -2.335002999999999940e+00 2.927808000000000188e+00
3.342970999999999915e+00 -1.433689999999999964e-01 -4.041648000000000351e+00
-4.491809999999999969e-01 2.764269000000000087e+00 6.934709999999999486e-01
1.190485000000000015e+00 -4.820142999999999844e+00 -1.408692999999999973e+00
2.304145999999999805e+00 2.712626999999999899e+00 -3.250504999999999978e+00
-3.379494000000000220e+00 2.599009999999999820e+00 2.939226000000000116e+00
-1.949400999999999939e+00 3.731171999999999933e+00 2.166619999999999990e+00
1.568781999999999899e+00 -3.844505999999999979e+00 -2.374026999999999887e+00
5.481500000000000261e-02 -4.712743999999999822e+00 -2.399459999999999926e-01
-2.963852999999999849e+00 2.314006000000000007e+00 4.068075000000000330e+00
5.989449999999999497e-01 -4.478181000000000189e+00 -9.095710000000000184e-01
-3.263504999999999878e+00 1.657770000000000077e-01 3.550568999999999864e+00
-1.696266999999999969e+00 3.317003999999999841e+00 2.094453000000000120e+00
-3.216689000000000132e+00 1.717386999999999997e+00 4.531107999999999691e+00
1.976474999999999982e+00 -3.344999000000000056e+00 -2.997084000000000081e+00
-1.309001999999999999e+00 9.413740000000000441e-01 2.289286999999999850e+00
2.420360000000000011e-01 -2.954200000000000159e+00 -3.407459999999999933e-01
2.517459000000000113e+00 2.007916999999999952e+00 -4.285676999999999737e+00
-1.591344000000000092e+00 1.611590999999999996e+00 2.516049000000000202e+00
-2.862385000000000179e+00 3.229099000000000164e+00 2.517214000000000063e+00
-1.104109999999999925e+00 2.132103999999999999e+00 1.794130999999999920e+00
-4.041249999999999787e+00 5.077819999999999556e-01 1.201327000000000034e+00
2.061716999999999800e+00 -3.650954000000000033e+00 -2.553525000000000045e+00
-2.580811999999999884e+00 8.422089999999999854e-01 3.725950000000000095e+00
-1.146802000000000099e+00 3.892962999999999951e+00 1.131748999999999894e+00
5.987699999999999967e-02 -4.172247999999999735e+00 6.048029999999999795e-01
2.355128999999999806e+00 -1.510430000000000106e-01 -7.594359999999999999e-01
-1.267384000000000066e+00 2.984769000000000005e+00 1.681577000000000099e+00
2.325731999999999911e+00 2.279380999999999879e+00 -4.060182000000000180e+00
5.186349999999999572e-01 2.768155999999999839e+00 -2.427141000000000215e+00
2.679444000000000159e+00 -8.715129999999999821e-01 -4.457841000000000165e+00
3.316078000000000081e+00 -1.904827000000000048e+00 -4.327147000000000077e+00
2.531890000000000196e+00 2.489815000000000111e+00 -3.533313999999999844e+00
