-5.172660000000000036e-01
4.678600000000000120e-02
-6.406220000000000248e-01
9.999099999999999655e-02
-1.051809999999999967e-01
1.221400999999999959e+00
5.081900000000000306e-02
-3.337579999999999991e-01
6.490200000000000136e-02
-1.048580000000000068e-01
-3.355099999999999749e-02
6.854639999999999622e-01
3.743699999999999806e-02
3.769600000000000034e-02
5.616000000000000332e-03
1.395609999999999906e-01
-2.672999999999999821e-01
-1.098559999999999953e-01
1.439350000000000074e-01
-1.066800000000000040e-02
5.964999999999999816e-03
1.042791000000000023e+00
8.269000000000000308e-03
-4.227310000000000234e-01
-2.220000000000000029e-01
-1.092700000000000060e-01
8.550999999999999573e-03
-3.528249999999999997e-01
1.425200000000000078e-02
3.347900000000000181e-02
2.258100000000000038e-02
1.877790000000000015e-01
3.225850000000000106e-01
2.027540000000000120e+00
5.049780000000000380e-01
-6.327380000000000226e-01
2.961300000000000043e-02
6.985270000000000090e-01
1.975530000000000064e-01
1.009200000000000028e-02
8.316999999999999740e-03
1.304824999999999902e+00
-1.392354000000000092e+00
-5.036410000000000053e-01
9.653000000000000122e-03
9.305000000000000770e-03
-1.091344000000000092e+00
-6.305779999999999719e-01
3.510000000000000099e-03
2.933919999999999861e-01
6.369999999999999794e-03
4.067390000000000172e-01
-1.499649999999999872e-01
-3.817329999999999890e-01
-7.324999999999999914e-03
-6.890169999999999906e-01
-5.554670000000000440e-01
3.084370000000000167e-01
6.254000000000000010e-03
9.392449999999999966e-01
-1.258488000000000051e+00
-5.805529999999999857e-01
2.365470000000000073e-01
-1.937800000000000078e-01
8.242450000000000054e-01
7.477999999999999925e-02
5.871999999999999616e-03
-7.147259999999999724e-01
6.250000000000000347e-03
-1.043771000000000004e+00
-9.327999999999999486e-03
-1.848100000000000090e-02
1.058899999999999945e-02
5.605999999999999872e-03
-5.849100000000000132e-02
-3.412629999999999830e-01
7.323999999999999781e-03
2.877999999999999916e-03
-1.751673999999999953e+00
-5.192940000000000333e-01
5.911999999999999721e-03
-1.288999999999999998e-03
-6.640589999999999549e-01
-7.767030000000000323e-01
1.215610000000000024e-01
1.001230000000000037e-01
7.872050000000000436e-01
8.207000000000000753e-03
-2.988129999999999953e-01
-6.308999999999999331e-02
-4.115173000000000414e+00
-5.323999999999999740e-03
1.407879999999999965e-01
2.083799999999999888e-02
2.945000000000000135e-03
1.737999999999999962e-03
4.988000000000000246e-03
-3.822019999999999862e-01
-4.325500000000000178e-02
2.199800000000000019e-02
-8.348999999999999477e-02
6.904000000000000414e-03
1.814381000000000022e+00
9.143999999999999351e-03
-4.468590000000000062e-01
-9.229349999999999499e-01
-1.244490000000000041e-01
-1.530464000000000047e+00
-2.399774999999999991e+00
-2.558030000000000026e-01
-5.388199999999999934e-02
-2.778200000000000114e-02
1.825469000000000008e+00
2.075700000000000045e-01
5.467999999999999770e-03
1.325899999999999995e-02
9.022499999999999964e-02
-1.010699999999999966e-02
3.208529999999999993e-01
6.747000000000000393e-03
2.716000000000000098e-03
8.640999999999999376e-03
-8.805119999999999614e-01
4.471459999999999879e-01
-2.030902000000000207e+00
2.883999999999999845e-03
-3.068379999999999996e-01
-9.601279999999999815e-01
-1.139980000000000021e-01
6.272999999999999930e-03
-1.416695000000000038e+00
-7.211700000000000055e-02
5.144000000000000135e-03
-3.281129999999999880e-01
4.351999999999999966e-03
9.841000000000000789e-03
-4.194990000000000108e-01
6.103100000000000191e-02
6.626899999999999458e-02
2.278300000000000117e-02
3.327200000000000296e-02
-3.831220000000000181e-01
-1.461302000000000101e+00
-9.888259999999999827e-01
1.050050000000000011e-01
3.651389999999999914e-01
1.802099999999999883e-02
1.768250000000000099e-01
-1.317747999999999919e+00
5.956999999999999622e-03
-1.514099999999999994e-02
-2.853000000000000067e-03
-1.647928000000000059e+00
-1.844624999999999959e+00
9.678000000000000838e-03
-5.100719999999999699e-01
4.205439999999999734e-01
2.326580000000000037e-01
2.255899999999999919e-02
-5.419310000000000516e-01
-1.421856999999999926e+00
7.100000000000000462e-05
-3.579299999999999843e-02
-7.254000000000000031e-03
-5.600850000000000550e-01
-1.083118000000000025e+00
-5.317100000000000298e-02
2.043700000000000030e-02
5.936000000000000304e-03
2.543549999999999978e-01
7.324999999999999914e-03
-3.412699999999999761e-02
1.634440000000000059e-01
1.495603000000000016e+00
6.100000000000000387e-03
5.089999999999999906e-03
-1.567500000000000143e-02
-3.903369999999999895e-01
6.578999999999999779e-03
3.207659999999999956e-01
1.907615000000000061e+00
-1.004599999999999937e-02
-1.286613999999999924e+00
-1.192219999999999946e-01
1.130800000000000034e-02
7.431000000000000105e-03
9.254400000000000404e-01
-1.174810000000000021e-01
5.971999999999999878e-03
-1.747980000000000089e-01
-1.354589999999999961e-01
1.299799999999999914e-02
1.369960000000000067e-01
1.455359000000000069e+00
5.388380000000000392e-01
4.798689999999999900e-01
-4.588409999999999989e-01
-4.847850000000000215e-01
-7.782529999999999726e-01
-9.885599999999999943e-02
7.913999999999999160e-03
4.127499999999999919e-02
-4.395419999999999883e-01
-7.596000000000000321e-03
-7.055770000000000097e-01
2.577700000000000130e-02
-6.657079999999999664e-01
1.306853000000000042e+00
-1.627619999999999900e-01
2.098317000000000210e+00
-2.098839999999999872e-01
-1.561599999999999967e-02
2.742490000000000205e-01
8.624199999999999644e-01
9.510200000000000597e-02
1.345999999999999974e-03
-9.786409999999999831e-01
-1.255890000000000062e-01
-1.324381999999999948e+00
-1.790400999999999909e+00
1.068500000000000005e-01
-1.058100000000000013e-02
9.816000000000000072e-03
6.976000000000000430e-03
1.239579999999999987e-01
2.189149999999999985e-01
3.776780000000000137e-01
1.153949999999999976e-01
9.805200000000000027e-02
-1.947400000000000173e-02
1.011085999999999929e+00
2.225999999999999854e-02
-3.187280000000000113e-01
8.188079999999999803e-01
9.594999999999999363e-03
9.945079999999999476e-01
9.361899999999999389e-02
-1.479403999999999941e+00
5.014799999999999813e-02
3.981629999999999892e-01
-7.989910000000000068e-01
4.847999999999999879e-03
9.730000000000000151e-04
2.139399999999999982e-02
-3.689699999999999924e-02
-4.920579999999999954e-01
-2.959616000000000025e+00
1.148549999999999988e-01
-2.363619999999999888e-01
6.183000000000000128e-03
-1.917696000000000067e+00
3.619999999999999954e-03
-4.718849999999999989e-01
9.908999999999999406e-03
-8.715999999999999789e-03
3.261700000000000016e-02
-3.140178000000000136e+00
3.231979999999999853e-01
-5.221200000000000147e-02
-1.049999999999999935e-03
-2.836387000000000214e+00
7.751500000000000057e-02
-7.914600000000000524e-01
-3.466899999999999843e-02
-1.609649999999999970e-01
1.265611000000000042e+00
1.525100000000000067e-02
-7.718000000000000034e-03
2.579040000000000221e-01
5.798400000000000082e-02
3.425000000000000093e-03
1.358255999999999908e+00
1.080399999999999937e-02
5.336600000000000232e-01
1.041999999999999958e-03
-4.787109999999999976e-01
-3.053290000000000171e-01
1.027300000000000019e-01
-7.560400000000000453e-02
1.934919999999999973e-01
6.703999999999999890e-03
1.116068999999999978e+00
-1.416598000000000024e+00
-6.069020000000000525e-01
-9.459149999999999503e-01
-3.813300000000000023e-02
-2.527119999999999922e-01
-6.693000000000000338e-02
3.884130000000000082e-01
1.229000000000000058e-03
2.313569000000000209e+00
2.211054999999999993e+00
9.709999999999999664e-04
8.928200000000000025e-02
-2.538238999999999912e+00
-3.024370000000000114e-01
5.049129999999999452e-01
4.567260000000000209e-01
-3.905589999999999895e-01
-4.301110000000000211e-01
1.324700000000000009e-02
1.828024000000000093e+00
-1.687910000000000021e+00
-2.536860000000000226e-01
8.040999999999999537e-03
8.960100000000000009e-02
3.120600000000000110e-02
6.525000000000000418e-03
2.641000000000000118e-03
1.889550999999999981e+00
-3.716200000000000059e-01
1.511635999999999980e+00
-8.342099999999999516e-02
-2.341719999999999913e-01
7.988000000000000309e-03
2.433740000000000070e-01
1.471100000000000012e-02
9.924999999999999795e-03
1.737009999999999943e-01
7.000000000000000146e-03
5.629000000000000323e-03
-3.677250000000000241e-01
4.322999999999999586e-03
6.593699999999999561e-02
5.409289999999999932e-01
1.341360000000000108e+00
-9.987840000000000051e-01
1.148674999999999891e+00
-4.989999999999999861e-04
-3.095109999999999806e-01
1.665280000000000094e-01
-8.374859999999999527e-01
5.838800000000000240e-02
8.536199999999999344e-02
-2.299539999999999917e-01
3.290099999999999969e-02
7.317300000000000193e-02
3.193300000000000305e-02
-1.148279999999999995e-01
-1.112630000000000008e-01
-5.461200000000000498e-01
2.085660000000000014e-01
4.315095999999999599e+00
9.055299999999999461e-02
2.957866999999999802e+00
7.692000000000000053e-03
-5.464499999999999913e-02
5.989000000000000400e-03
9.296100000000000474e-01
-3.288110000000000088e+00
7.152999999999999636e-03
2.096966999999999803e+00
4.190260000000000096e-01
-6.610000000000000207e-04
1.833239999999999870e-01
1.511289000000000105e+00
-4.832800000000000290e-02
9.148999999999999147e-03
5.275099999999999928e-02
4.146299999999999986e-02
2.612099999999999839e-02
3.105600000000000027e-02
-1.706999999999999967e-03
8.112500000000000266e-01
2.111599999999999935e-02
4.782420000000000004e-01
-8.366999999999999438e-02
-4.134530000000000149e-01
-1.043317000000000050e+00
1.251770000000000105e-01
-7.516500000000000403e-01
6.846609999999999641e-01
1.294200000000000073e-01
9.211690000000000156e-01
-3.502530999999999839e+00
5.637999999999999783e-03
4.282290000000000263e-01
7.445000000000000229e-03
1.612937999999999983e+00
5.305929999999999813e-01
4.866999999999999799e-03
-3.827340000000000186e-01
5.568760000000000376e-01
1.372816000000000036e+00
6.026000000000000106e-03
3.191950000000000065e-01
-2.469870000000000121e-01
6.582000000000000177e-03
1.049933000000000005e+00
2.240369999999999862e-01
-1.273689999999999989e+00
-2.550847999999999782e+00
1.022400000000000045e-02
1.551899999999999981e-02
-1.114551999999999987e+00
6.806999999999999683e-03
4.126209000000000238e+00
6.492999999999999640e-03
-2.771431999999999896e+00
1.016780000000000045e-01
2.353600000000000136e-02
5.859999999999999758e-03
-9.430000000000000448e-04
2.220749999999999946e-01
2.302715000000000067e+00
-9.910820000000000185e-01
1.540500000000000029e-02
1.019290000000000029e+00
-2.350879999999999914e-01
-6.273370000000000335e-01
6.666370000000000351e-01
2.622999999999999898e-03
5.745329999999999604e-01
-1.778150000000000008e-01
5.313999999999999974e-02
7.008000000000000340e-03
1.184639999999999999e-01
8.928000000000000172e-03
-3.683000000000000163e-02
-1.071199999999999930e-02
1.385143000000000013e+00
-3.152999999999999987e-03
3.841430000000000122e-01
2.140849999999999975e-01
1.035388999999999893e+00
1.270800000000000055e-02
6.232999999999999825e-03
-5.754540000000000211e-01
2.656871999999999900e+00
-4.451760000000000161e-01
-2.898020000000000040e-01
2.614520000000000177e-01
4.114600000000000202e-02
3.791419999999999790e-01
1.183875000000000011e+00
2.125410000000000077e-01
-4.526919999999999833e-01
1.610389999999999877e-01
4.437992999999999633e+00
1.224962000000000106e+00
-5.887329999999999508e-01
6.120139999999999469e-01
-5.100569999999999826e-01
-2.888126000000000193e+00
6.758000000000000118e-03
1.564609999999999890e-01
-4.316999999999999657e-03
-3.912800000000000306e-02
1.048200000000000000e-02
-1.251659999999999995e-01
3.970949999999999758e-01
3.870099999999999929e-02
-1.405999999999999915e-03
8.333999999999999395e-03
9.199999999999999845e-03
2.197989999999999944e-01
1.975000000000000193e-03
-2.261200000000000015e-02
-1.973840000000000039e-01
2.998299999999999924e-02
1.859900000000000095e-02
-1.387289999999999912e-01
1.075800000000000020e-02
2.512363000000000124e+00
6.297800000000000620e-02
-1.690639999999999921e-01
8.373999999999999500e-03
8.529999999999999388e-03
-2.781300000000000092e-02
-3.199000000000000021e-03
3.800200000000000106e-02
5.477779999999999871e-01
7.213999999999999926e-03
1.152910000000000046e-01
2.729100999999999999e+00
9.195999999999999314e-03
9.665000000000000258e-01
8.553099999999999592e-02
1.975205000000000100e+00
-1.718768000000000074e+00
-5.911600000000000188e-02
-2.859320000000000195e-01
-9.290400000000000047e-02
5.655899999999999817e-02
-1.736707000000000001e+00
1.449499999999999920e-02
9.903000000000000344e-03
-6.632660000000000222e-01
3.201400000000000079e-02
6.386000000000000183e-03
1.041099999999999942e-01
1.751899999999999985e-02
2.653900000000000009e-02
1.942560000000000120e-01
1.766861999999999933e+00
3.616699999999999776e-02
-1.210684000000000093e+00
-5.696999999999999807e-03
1.136000000000000074e-03
1.029900000000000038e+00
3.508999999999999966e-03
2.976600000000000079e-02
-1.348610000000000086e-01
-5.566600000000000020e-02
7.293000000000000003e-03
2.950600000000000098e-02
-4.389999999999999805e-03
-8.561879999999999491e-01
2.809999999999999998e-03
-2.140399999999999942e-02
1.138857999999999926e+00
6.103420000000000512e-01
-2.595169999999999977e-01
7.369000000000000550e-02
2.056484000000000201e+00
4.602599999999999747e-02
1.152000000000000029e-03
1.217759999999999954e-01
2.892870000000000164e-01
1.171618999999999966e+00
1.758600000000000094e-02
-4.933099999999999985e-02
5.853169999999999762e-01
-1.876230000000000120e-01
-1.464299999999999977e-02
-2.384638999999999953e+00
3.375700000000000228e-02
6.744430000000000147e-01
-1.067999999999999939e-03
-1.435900000000000024e-02
4.746100000000000319e-02
-2.765525999999999929e+00
2.108422000000000018e+00
-4.965629999999999766e-01
2.367970000000000075e-01
1.953667000000000042e+00
8.697999999999999135e-03
-2.902524000000000104e+00
-2.118999999999999790e-03
-9.603749999999999787e-01
-1.399539999999999951e-01
-1.982499999999999887e-02
-2.255008999999999819e+00
-2.042100000000000165e-02
7.943999999999999673e-03
3.406410000000000271e-01
3.386299999999999727e-02
5.145000000000000268e-03
5.091179999999999595e-01
5.286799999999999833e-02
2.636700000000000155e-02
-1.934075999999999906e+00
-7.054799999999999960e-02
-2.176119999999999999e-01
2.896830000000000238e-01
2.744249999999999745e-01
2.493660000000000043e-01
-3.468330000000000024e-01
1.292909999999999893e-01
1.797229999999999939e-01
2.628420000000000201e-01
-1.166719999999999979e-01
-1.728672999999999904e+00
1.175732999999999917e+00
-2.582999999999999793e-03
-3.304500000000000215e-01
9.340000000000000429e-04
-1.134199999999999965e-02
-3.765000000000000117e-03
2.212290000000000090e-01
3.862269999999999870e-01
-1.004099999999999993e-01
2.412519999999999942e-01
8.499099999999999711e-02
1.008500000000000021e-02
7.052600000000000535e-02
9.020999999999999505e-03
-6.071020000000000305e-01
-1.714644999999999975e+00
3.624800000000000244e-02
-3.678800000000000125e-02
5.054499999999999965e-02
7.612999999999999975e-03
1.611625000000000085e+00
6.578880000000000283e-01
-4.917300000000000143e-02
4.031499999999999667e-02
1.043652999999999942e+00
-8.215219999999999745e-01
1.785099999999999881e-02
8.793999999999999734e-03
4.303640999999999828e+00
2.482379999999999864e-01
-2.139399999999999982e-02
2.541701000000000210e+00
3.443100000000000327e-02
-2.671930999999999834e+00
5.959719999999999462e-01
-7.831599999999999673e-01
-5.566079999999999917e-01
-7.420090000000000297e-01
-3.420449999999999879e-01
-1.477878999999999943e+00
-3.553230000000000000e-01
7.637999999999999824e-03
-4.588940000000000241e-01
3.246999999999999886e-03
-5.934939999999999660e-01
5.287079999999999558e-01
4.261000000000000031e-03
-5.025380000000000402e-01
4.877870000000000261e-01
-2.158569999999999933e-01
-5.281000000000000104e-03
1.588799999999999935e-02
4.317999999999999790e-03
4.962400000000000144e-02
1.881443999999999894e+00
-1.654705000000000092e+00
1.309699999999999927e-02
-1.802683000000000035e+00
-1.485519999999999896e-01
1.010800000000000032e-01
-6.093300000000000105e-02
1.650599999999999984e-02
5.553299999999999903e-01
6.799099999999999588e-02
-1.657559999999999867e-01
7.707000000000000309e-03
6.431470000000000242e-01
-3.682599999999999763e-02
4.956320000000000170e-01
-7.845000000000000584e-02
-1.590700000000000100e-02
1.023980000000000029e-01
-2.903999999999999897e-03
-4.069579999999999864e-01
-1.386660000000000115e-01
-2.043896000000000157e+00
4.748060000000000058e-01
9.412000000000000227e-03
-9.317999999999999894e-03
-2.331060000000000076e-01
2.553000000000000148e-03
-5.469180000000000152e-01
1.102500000000000008e-02
-2.761200000000000113e-02
8.875800000000000356e-02
5.528099999999999681e-02
-1.094602000000000075e+00
8.869000000000000147e-03
-1.232482999999999995e+00
-5.601639999999999953e-01
-3.658399999999999846e-02
-3.101110000000000255e-01
7.557999999999999614e-03
1.851119999999999988e-01
1.364800000000000041e-02
-4.889479999999999937e-01
1.946999999999999946e-03
2.098799999999999971e-02
-2.740690000000000071e-01
7.213899999999999479e-02
-6.063400000000000040e-02
4.547099999999999753e-02
1.304878999999999900e+00
9.483000000000000110e-03
1.230400000000000070e-02
6.503899999999999959e-02
6.989020000000000232e-01
1.973354999999999970e+00
2.605000000000000111e-03
5.623999999999999659e-03
-1.030472000000000055e+00
-1.776926999999999923e+00
-7.058900000000000174e-01
9.461999999999999925e-03
-8.956699999999999384e-02
2.141389999999999960e-01
-2.216699999999999920e-02
5.032299999999999968e-02
1.002789999999999931e-01
-6.086179999999999923e-01
-8.679999999999999565e-04
4.798700000000000188e-02
5.625999999999999925e-03
5.454999999999999780e-03
6.725399999999999434e-02
-1.658503000000000061e+00
6.447730000000000405e-01
-2.077809999999999935e-01
-9.886000000000000690e-03
5.259999999999999919e-03
-5.487999999999999823e-03
4.469299999999999662e-02
6.493999999999999773e-03
2.677799999999999972e-02
-2.454015000000000057e+00
7.579999999999999932e-03
-6.143729999999999469e-01
3.748000000000000029e-03
3.496250000000000191e-01
-2.225500000000000048e-02
1.106399999999999918e-02
4.615279999999999938e-01
9.371400000000000563e-02
1.343064000000000036e+00
9.065000000000000141e-03
8.059399999999999897e-02
-1.203999000000000041e+00
-2.135309999999999986e-01
-2.669449999999999878e-01
9.357000000000000733e-03
1.329619999999999969e-01
-1.385396000000000072e+00
1.228989999999999944e-01
-6.374649999999999483e-01
3.072199999999999931e-02
-5.456600000000000339e-02
5.468599999999999850e-02
3.469599999999999768e-02
3.137583999999999929e+00
-4.746399999999999925e-02
-2.652699999999999850e-02
5.881640000000000201e-01
6.159000000000000412e-03
-5.193149999999999711e-01
-1.850089000000000095e+00
7.258679999999999577e-01
-4.616399999999999670e-02
-2.888789999999999969e-01
-4.710999999999999910e-03
3.543149999999999911e-01
-2.260649999999999882e-01
5.935000000000000171e-03
-1.628260000000000041e+00
4.039280000000000093e-01
2.645640000000000214e-01
7.409649999999999848e-01
2.221180000000000099e-01
3.477000000000000056e-03
-2.277099999999999957e-02
8.512999999999999734e-03
3.869299999999999823e-02
5.094400000000000317e-02
-6.846290000000000431e-01
4.041719999999999757e-01
3.716200000000000059e-02
4.641800000000000093e-02
7.677599999999999703e-02
1.105000000000000079e-03
6.227599999999999802e-02
2.394216000000000122e+00
8.827400000000000524e-02
4.088999999999999753e-03
6.133999999999999696e-03
6.381000000000000387e-03
8.094059999999999588e-01
-1.165700000000000069e-02
2.152139999999999886e-01
-1.405400000000000052e-02
-1.713780000000000026e-01
2.045319999999999916e-01
1.243965999999999905e+00
1.054057000000000022e+00
6.273499999999999910e-02
7.747999999999999679e-03
6.953009999999999469e-01
-1.877510000000000012e-01
-1.970447000000000060e+00
-7.759999999999999971e-04
9.341000000000000345e-03
6.372000000000000060e-03
5.941000000000000100e-03
7.577100000000000501e-02
-3.042000000000000259e-01
2.896610000000000018e-01
1.219735999999999931e+00
-7.749999999999999944e-03
-3.155400000000000205e+00
7.266100000000000336e-02
-2.786710000000000020e-01
-2.890200000000000061e-02
-1.974189999999999889e+00
-2.740342000000000056e+00
9.669339999999999602e-01
7.953000000000000000e-03
2.304653000000000063e+00
1.476399999999999935e-02
2.057489999999999875e-01
9.544999999999999665e-03
-1.152255000000000029e+00
9.589000000000000301e-03
2.530299999999999910e-02
-3.187399999999999956e-02
-2.686062000000000172e+00
1.147199999999999956e-02
-2.105509999999999882e-01
5.083399999999999724e-02
1.246782000000000057e+00
-2.076149999999999940e-01
7.527049999999999574e-01
-6.971999999999999899e-03
-1.126397000000000093e+00
-4.347280000000000033e-01
1.445829999999999893e-01
2.326219999999999954e-01
2.015109999999999957e-01
-4.282099999999999795e-01
-2.291237999999999886e+00
-9.452199999999999491e-01
2.514600000000000168e-02
-5.298420000000000352e-01
1.063660000000000022e-01
1.850800000000000015e-02
1.240895999999999999e+00
2.374284999999999979e+00
2.188658999999999910e+00
-2.210499999999999965e-02
3.913999999999999944e-03
-2.292507000000000073e+00
1.049539999999999917e+00
2.892199999999999979e-02
9.971399999999999708e-02
-9.972370000000000401e-01
-1.642527999999999988e+00
1.118669999999999942e-01
-2.538340000000000041e-01
5.591499999999999942e-02
-1.347629999999999939e-01
-3.556999999999999832e-03
-4.315700000000000092e-02
-8.398600000000000509e-02
6.259999999999999939e-03
-5.970999999999999745e-03
-1.935459999999999958e-01
4.773330000000000073e-01
-8.182479999999999754e-01
-2.147685000000000066e+00
-2.033061000000000007e+00
-6.148599999999999899e-02
5.767999999999999690e-03
1.316420000000000090e-01
-1.657836000000000087e+00
2.067620000000000013e-01
7.239999999999999908e-03
5.496529999999999472e-01
4.003099999999999714e-02
-1.649400000000000172e-02
1.021600000000000008e-01
-8.843999999999999431e-03
7.301000000000000198e-03
1.038099999999999960e-02
4.167939999999999978e-01
6.387999999999999581e-03
5.218799999999999828e-02
7.927000000000000018e-03
-2.593900000000000025e-02
3.330000000000000061e-03
-9.589200000000000501e-02
6.442560000000000509e-01
-3.421799999999999842e-02
5.214140999999999693e+00
3.206180000000000141e-01
1.012240999999999946e+00
-1.211891999999999969e+00
1.948000000000000079e-03
3.161800000000000166e-01
6.382999999999999785e-03
3.624620000000000064e-01
-6.077500000000000263e-02
1.849679999999999935e-01
-3.925739999999999785e-01
1.550099999999999915e-02
1.853099999999999886e-02
2.548900000000000124e-02
-5.278900000000000259e-02
-7.509280000000000399e-01
3.318550000000000111e-01
9.277009999999999978e-01
-5.067499999999999782e-02
-1.230774999999999952e+00
1.915758000000000072e+00
6.226656000000000191e+00
-1.063200000000000083e-02
-5.862110000000000376e-01
2.115450000000000108e-01
-2.066520000000000024e-01
1.969999999999999963e-03
4.082759999999999723e-01
-1.423800000000000066e-02
9.417000000000000023e-03
-2.907469999999999777e-01
-1.463141999999999943e+00
-2.189180000000000015e-01
4.594509999999999983e-01
1.471317999999999904e+00
1.233749999999999986e-01
5.877980000000000427e-01
1.827000000000000065e-03
7.068999999999999763e-03
1.576521000000000061e+00
7.379000000000000142e-03
2.203600000000000003e-02
-8.935349999999999682e-01
-2.620064999999999866e+00
3.425000000000000093e-03
7.577999999999999667e-03
8.887000000000000802e-03
4.803400000000000031e-02
-1.585128000000000092e+00
-2.188839999999999952e-01
3.096670000000000256e-01
5.997090000000000476e-01
6.289999999999999584e-03
-4.244335999999999665e+00
7.858999999999999667e-03
1.081079999999999958e-01
2.298599999999999949e-02
1.651299000000000072e+00
5.354000000000000252e-03
7.636999999999999691e-03
6.769999999999999976e-03
6.175429999999999531e-01
6.491600000000000148e-02
-4.074030000000000151e-01
7.917999999999999691e-03
-6.942350000000000465e-01
2.556999999999999811e-03
-2.631939999999999835e-01
-1.990290000000000115e-01
