9.256000000000000338e-02 1.352087000000000039e+00 -3.859790000000000165e-01
5.699039999999999662e-01 -4.998330000000000273e-01 1.765100000000000002e-02
1.384962999999999944e+00 -2.652180000000000093e-01 -6.160569999999999657e-01
-4.809800000000000186e-02 -2.271859999999999991e-01 9.780899999999999317e-02
-2.044980000000000131e-01 2.616049999999999764e-01 -4.428699999999999998e-02
-3.485078000000000120e+00 1.434353999999999907e+00 1.535968999999999918e+00
-4.119000000000000265e-03 -5.411900000000000044e-02 7.197599999999999831e-02
8.994490000000000540e-01 -6.065660000000000496e-01 -3.419150000000000245e-01
-4.578119999999999967e-01 -1.945699999999999930e-01 6.874500000000000055e-02
6.428500000000000325e-01 -1.524837999999999916e+00 -2.078270000000000117e-01
1.621900000000000008e-01 -1.477350000000000052e-01 -1.919099999999999973e-02
-1.330389000000000044e+00 3.891970000000000152e-01 7.482539999999999747e-01
1.792239999999999944e-01 -2.129890000000000116e-01 4.077200000000000268e-02
-6.454799999999999427e-02 -2.172550000000000037e-01 4.053099999999999759e-02
1.935959999999999903e-01 -1.548009999999999942e-01 1.727300000000000016e-02
-1.229770000000000030e-01 -1.302039999999999864e-01 1.468700000000000006e-01
6.882260000000000044e-01 -4.141739999999999866e-01 -2.655449999999999755e-01
4.333839999999999915e-01 -7.371099999999999874e-02 -8.458200000000000440e-02
1.190100000000000012e-02 1.013769999999999949e-01 1.810319999999999985e-01
4.715199999999999947e-02 -1.466890000000000138e-01 2.704999999999999939e-03
3.608230000000000048e-01 -1.572320000000000106e-01 1.733099999999999918e-02
-2.665480000000000071e+00 1.846716000000000024e+00 1.477802999999999978e+00
9.111199999999999855e-02 -1.803669999999999995e-01 1.692499999999999907e-02
3.137530000000000041e-01 2.525830000000000020e-01 -3.673000000000000154e-01
2.812080000000000135e-01 4.964199999999999863e-02 -1.820529999999999926e-01
5.363210000000000477e-01 -5.486299999999999510e-01 -1.301170000000000104e-01
9.041599999999999637e-02 -1.699950000000000072e-01 1.835200000000000026e-02
8.124500000000000055e-01 -7.620399999999999396e-02 -3.216359999999999775e-01
1.973910000000000109e-01 -1.891490000000000116e-01 2.160099999999999867e-02
2.866549999999999931e-01 -1.891619999999999968e-01 3.975700000000000067e-02
4.741719999999999824e-01 -9.266699999999999937e-02 4.048399999999999915e-02
-1.892347999999999919e+00 3.225979999999999848e+00 8.714920000000000444e-01
-3.379489999999999994e-01 1.110282999999999909e+00 5.232780000000000209e-01
-1.870778000000000052e+00 -7.245610000000000106e-01 1.660201000000000038e+00
9.546100000000000418e-02 -1.475919999999999899e+00 2.976389999999999869e-01
-9.076769999999999561e-01 2.713721000000000050e+00 -4.170039999999999858e-01
6.288900000000000046e-02 -1.662849999999999884e-01 3.871399999999999841e-02
-2.384229999999999960e-01 -1.629874000000000045e+00 4.326720000000000010e-01
-2.413379999999999970e-01 -3.688569999999999904e-01 1.707639999999999991e-01
6.125900000000000095e-02 -7.810200000000000475e-02 3.022599999999999940e-02
-1.325399999999999912e-01 -2.046749999999999958e-01 1.426099999999999937e-02
-2.197461000000000109e+00 3.093760000000000066e+00 2.251452000000000009e+00
9.106640000000000290e-01 7.051749999999999963e-01 -1.439097999999999988e+00
3.281910000000000105e-01 -4.069630000000000192e-01 -4.897000000000000242e-01
1.219060000000000005e-01 -1.489469999999999961e-01 2.176200000000000009e-02
1.387529999999999875e-01 -1.492030000000000023e-01 2.140299999999999842e-02
2.074602000000000057e+00 -9.142050000000000454e-01 -1.060470999999999941e+00
8.342389999999999528e-01 -3.013250000000000095e-01 -6.076840000000000019e-01
2.701810000000000045e-01 -1.533710000000000073e-01 1.543300000000000054e-02
-1.084399999999999947e-02 -3.808856000000000019e+00 -7.922800000000000675e-02
8.876199999999999368e-02 -2.036519999999999997e-01 1.253699999999999953e-02
-6.364319999999999977e-01 -2.865909999999999846e-01 3.729180000000000272e-01
3.450219999999999954e-01 -1.819810000000000039e-01 -1.338570000000000038e-01
4.369939999999999936e-01 -5.235290000000000221e-01 -3.810560000000000058e-01
2.625689999999999968e-01 -1.301200000000000134e-01 7.726000000000000228e-03
4.416289999999999938e-01 9.905690000000000328e-01 -6.114500000000000490e-01
1.652599999999999902e-02 5.803110000000000213e-01 -4.849359999999999782e-01
-5.664240000000000386e-01 -6.793460000000000054e-01 2.312430000000000041e-01
5.608589999999999964e-01 -1.482169999999999876e-01 1.861700000000000160e-02
-3.512553000000000036e+00 -1.321100000000000052e-02 9.030909999999999771e-01
9.057319999999999816e-01 2.271450000000000136e-01 -1.258866000000000041e+00
4.000489999999999879e-01 3.079399999999999915e-01 -5.276159999999999739e-01
-1.504340000000000122e-01 -2.933640000000000136e-01 2.162199999999999955e-01
4.811210000000000209e-01 1.216150000000000009e-01 -1.472489999999999910e-01
-1.376868999999999899e+00 3.631260000000000043e-01 8.745530000000000248e-01
1.502709999999999879e-01 -4.267130000000000090e-01 5.132799999999999863e-02
4.385600000000000054e-01 -1.554740000000000011e-01 1.743899999999999964e-02
6.731059999999999821e-01 -5.407250000000000112e-01 -6.979729999999999546e-01
4.208399999999999919e-01 -1.623300000000000021e-01 1.703000000000000000e-02
4.391599999999999948e-01 8.144940000000000513e-01 -1.028721999999999914e+00
-2.020699999999999927e-02 -9.880999999999999506e-02 9.312000000000000832e-03
3.709900000000000003e-02 -8.360800000000000176e-02 2.250999999999999963e-03
3.188610000000000055e-01 -1.571569999999999911e-01 2.172599999999999879e-02
-5.004200000000000315e-02 -2.021290000000000031e-01 1.198399999999999986e-02
5.416200000000000181e-02 -2.082029999999999992e-01 -4.932399999999999979e-02
-4.924250000000000016e-01 7.367650000000000032e-01 -2.409620000000000095e-01
3.463180000000000147e-01 -1.562459999999999960e-01 1.873000000000000012e-02
3.898619999999999863e-01 -4.550799999999999984e-02 2.704499999999999960e-02
1.638268999999999975e+00 8.258879999999999555e-01 -1.898640000000000105e+00
7.820240000000000524e-01 -1.103110999999999953e+00 -5.388779999999999681e-01
1.394880000000000009e-01 -1.729499999999999926e-01 1.552199999999999934e-02
-9.465999999999999415e-02 -1.701469999999999927e-01 9.010000000000000647e-03
1.379796999999999940e+00 3.084680000000000200e-01 -6.155399999999999761e-01
7.252039999999999598e-01 -6.667469999999999786e-01 -7.605690000000000506e-01
2.987650000000000028e-01 -6.829190000000000538e-01 6.512800000000000533e-02
-6.785199999999999565e-02 -2.385529999999999873e-01 9.657499999999999418e-02
-2.685376999999999903e+00 2.392853999999999814e+00 1.367717000000000072e+00
-1.571120000000000017e-01 -1.852610000000000090e-01 1.632000000000000117e-02
3.127449999999999952e-01 1.858889999999999987e-01 -2.464669999999999916e-01
4.361780000000000102e-01 3.338499999999999801e-02 -2.789300000000000113e-02
2.414505999999999819e+00 -2.566454999999999931e+00 -3.674955999999999889e+00
2.587220000000000075e-01 -1.860880000000000034e-01 3.423999999999999960e-03
-3.517399999999999693e-02 -3.182650000000000201e-01 1.247780000000000000e-01
1.998830000000000051e-01 -1.963169999999999915e-01 2.701599999999999835e-02
2.198740000000000139e-01 -2.147850000000000037e-01 8.073000000000000315e-03
1.547000000000000042e-01 -1.912719999999999976e-01 9.532999999999999807e-03
1.112419999999999937e-01 -1.322570000000000134e-01 1.920799999999999938e-02
1.894039999999999890e-01 5.665379999999999860e-01 -3.000749999999999806e-01
1.546480000000000077e-01 -4.966559999999999864e-01 -6.449599999999999778e-02
1.555189999999999906e-01 -1.289009999999999878e-01 3.576599999999999918e-02
6.280970000000000164e-01 -1.131496999999999975e+00 -1.583519999999999928e-01
2.937029999999999919e-01 -1.419989999999999863e-01 1.993299999999999933e-02
-7.794780000000000042e-01 -2.501317999999999930e+00 1.125385999999999997e+00
6.585199999999999387e-02 -1.509230000000000016e-01 2.105599999999999833e-02
2.914300000000000224e-01 6.866189999999999793e-01 -3.596989999999999910e-01
7.471060000000000478e-01 -7.579150000000000054e-01 -9.010289999999999688e-01
-9.589000000000000301e-03 -2.484109999999999929e-01 -1.159310000000000063e-01
1.458042999999999978e+00 5.974570000000000158e-01 -1.596695999999999893e+00
1.710158000000000067e+00 1.105939999999999979e-01 -2.576582999999999846e+00
1.264089999999999936e-01 2.623539999999999761e-01 -1.960369999999999890e-01
2.474659999999999915e-01 -2.023500000000000021e-01 -4.434099999999999847e-02
2.747300000000000089e-02 -8.876599999999999768e-02 -7.230999999999999581e-03
-1.139944999999999986e+00 -7.995400000000000285e-01 1.480826999999999893e+00
-1.583412999999999959e+00 2.235068000000000055e+00 6.299360000000000515e-01
1.486049999999999871e-01 -2.056870000000000087e-01 1.145900000000000044e-02
4.820499999999999785e-02 -2.006219999999999948e-01 1.937799999999999939e-02
3.791740000000000110e-01 -3.933829999999999827e-01 6.930200000000000249e-02
2.906619999999999759e-01 -9.470900000000000152e-02 9.027000000000000302e-03
3.265599999999999753e-02 -3.114060000000000161e-01 2.910820000000000074e-01
7.341000000000000303e-03 -1.487749999999999906e-01 1.902300000000000171e-02
2.685119999999999729e-01 -1.626329999999999998e-01 1.364399999999999988e-02
1.292419999999999958e-01 -1.537100000000000133e-01 2.026599999999999929e-02
9.755129999999999635e-01 1.684300000000000033e-02 -8.509120000000000017e-01
-2.851119999999999766e-01 -5.462660000000000293e-01 3.716720000000000024e-01
1.880498000000000003e+00 6.421280000000000321e-01 -2.227085000000000203e+00
1.795930000000000026e-01 -2.021409999999999874e-01 9.412000000000000227e-03
4.165490000000000026e-01 -1.712280999999999942e+00 -3.879960000000000075e-01
7.950939999999999674e-01 -1.748653999999999931e+00 -9.390479999999999938e-01
3.208400000000000141e-02 4.378909999999999747e-01 -3.334499999999999964e-02
3.891169999999999907e-01 -1.697680000000000022e-01 1.621999999999999831e-02
8.829730000000000079e-01 9.313630000000000519e-01 -1.485737000000000085e+00
8.101400000000000268e-02 -2.027430000000000065e-01 -6.168900000000000078e-02
1.030049999999999993e-01 -1.482559999999999989e-01 1.755800000000000069e-02
2.965439999999999743e-01 3.039569999999999772e-01 -2.660509999999999819e-01
-5.434999999999999727e-03 -1.833100000000000007e-01 1.289000000000000042e-02
-3.201099999999999779e-02 -1.645139999999999936e-01 2.018999999999999961e-02
1.380039999999999933e+00 -5.914249999999999785e-01 -4.207230000000000136e-01
7.389510000000000245e-01 -5.016650000000000276e-01 3.045000000000000137e-02
2.738740000000000063e-01 -3.060350000000000015e-01 5.713100000000000123e-02
2.730529999999999902e-01 -1.677039999999999920e-01 3.208899999999999947e-02
1.587820000000000065e-01 -1.445190000000000086e-01 4.467700000000000143e-02
-4.366550000000000153e-01 1.293995999999999924e+00 -2.332710000000000061e-01
2.332937999999999956e+00 2.887290000000000134e-01 -1.490272000000000041e+00
8.641809999999999770e-01 1.293463000000000029e+00 -9.645380000000000065e-01
-7.709399999999999586e-02 -2.247750000000000026e-01 1.027890000000000054e-01
-3.404440000000000244e-01 4.205980000000000274e-01 4.440379999999999883e-01
1.075409999999999977e-01 -1.257840000000000069e-01 3.234000000000000069e-02
-1.527489999999999959e-01 1.024209999999999982e-01 2.128770000000000107e-01
1.044723000000000068e+00 -1.640359999999999874e-01 -1.306575000000000042e+00
5.130829999999999558e-01 -1.378080000000000138e-01 1.950500000000000150e-02
4.376439999999999775e-01 -2.623619999999999841e-01 -1.413799999999999953e-02
3.111430000000000029e-01 -1.241639999999999966e-01 1.265200000000000005e-02
1.338408999999999960e+00 6.495630000000000015e-01 -1.745147000000000004e+00
1.234825999999999979e+00 -2.398059999999999914e-01 -1.868333000000000022e+00
1.211929999999999952e-01 -1.490460000000000118e-01 2.177499999999999922e-02
3.245720000000000272e-01 1.430609999999999937e-01 -4.642240000000000255e-01
-3.237749999999999795e-01 -5.059620000000000228e-01 3.537779999999999814e-01
-1.680740000000000012e-01 2.476770000000000083e-01 2.874940000000000273e-01
-8.885200000000000042e-02 -9.341000000000000691e-02 4.037700000000000317e-02
1.108559000000000072e+00 -6.152999999999999615e-03 -5.052640000000000464e-01
1.365933999999999982e+00 -1.009727999999999959e+00 -1.372495000000000021e+00
4.541879999999999806e-01 -1.883380000000000054e-01 8.281000000000000166e-03
4.717299999999999965e-02 -2.639960000000000084e-01 -3.373400000000000010e-02
1.902999999999999969e-01 -1.630500000000000005e-01 4.138000000000000185e-03
8.353380000000000249e-01 -9.029530000000000056e-01 -5.667499999999999760e-01
1.024099000000000093e+00 8.974010000000000042e-01 -1.076421000000000072e+00
2.516160000000000063e-01 -6.096200000000000230e-02 -2.857700000000000171e-02
4.794709999999999805e-01 -9.135000000000000064e-02 3.858999999999999930e-02
5.356480000000000130e-01 -1.420039999999999913e-01 1.901299999999999865e-02
-2.469159999999999966e-01 -2.970800000000000107e-01 2.321060000000000068e-01
4.734700000000000020e-02 -1.538329999999999975e-01 1.900200000000000153e-02
8.727400000000000435e-02 -1.810219999999999885e-01 -2.333000000000000004e-02
-1.675520000000000065e-01 2.731770000000000032e-01 2.235000000000000042e-01
-3.297336000000000045e+00 2.619290000000000229e-01 1.465643000000000029e+00
1.948590000000000044e-01 -1.570439999999999892e-01 1.747999999999999901e-02
2.179969999999999963e-01 -1.892379999999999896e-01 1.292899999999999952e-02
1.625979999999999925e-01 -1.661710000000000131e-01 -4.199999999999999740e-03
1.870580000000000020e-01 5.172649999999999748e-01 -3.128319999999999990e-01
2.568420000000000147e-01 -1.685790000000000066e-01 1.664200000000000054e-02
-8.670300000000000229e-02 -6.643959999999999866e-01 2.440219999999999889e-01
-3.268010999999999999e+00 2.703809999999999825e+00 2.746531000000000056e+00
3.111990000000000034e-01 -1.420210000000000083e-01 3.812999999999999983e-03
1.041582000000000008e+00 -2.939169999999999838e-01 -1.268648999999999916e+00
7.469749999999999446e-01 -5.310909999999999798e-01 -1.376560000000000006e-01
2.135710000000000108e-01 -2.061749999999999972e-01 1.691700000000000148e-02
-2.136079999999999923e-01 -2.251450000000000118e-01 1.115700000000000025e-02
-7.054390000000000382e-01 1.921899999999999997e-02 8.972020000000000550e-01
4.547999999999999959e-02 1.355169999999999986e-01 -7.022000000000000464e-02
5.596600000000000186e-02 -2.140950000000000075e-01 1.100300000000000063e-02
-2.969550000000000245e-01 6.287099999999999911e-01 -7.470499999999999363e-02
2.451599999999999960e-02 -6.871999999999999637e-03 -1.026299999999999990e-01
8.706899999999999362e-02 -1.142060000000000020e-01 2.887800000000000089e-02
3.956450000000000244e-01 -9.773859999999999770e-01 4.692099999999999743e-02
-1.295662000000000091e+00 1.988061000000000078e+00 1.963676999999999895e+00
-1.040213999999999972e+00 -3.285230000000000095e-01 4.860079999999999956e-01
8.373000000000000234e-03 -4.789459999999999829e-01 4.104419999999999735e-01
-4.860039999999999916e-01 1.092254000000000058e+00 -3.396759999999999780e-01
7.626889999999999503e-01 -3.810948999999999920e+00 -6.105390000000000539e-01
-3.312700000000000089e-01 1.429183000000000092e+00 -6.990199999999999747e-01
6.900000000000000577e-02 1.620136999999999938e+00 1.418099999999999916e-01
1.518239999999999867e-01 -1.779040000000000066e-01 1.686400000000000052e-02
3.185830000000000051e-01 -2.500490000000000212e-01 4.016800000000000231e-02
1.002165999999999890e+00 -2.760750000000000148e-01 -4.201989999999999892e-01
-2.122599999999999834e-02 -1.321890000000000009e-01 7.237000000000000377e-03
8.921850000000000058e-01 -6.534550000000000081e-01 -6.927029999999999577e-01
2.749610000000000110e-01 -1.708580000000000099e-01 3.456300000000000344e-02
1.364487000000000005e+00 3.076200000000000115e-02 -6.290750000000000508e-01
-2.241239999999999899e-01 -3.418341999999999992e+00 6.390190000000000037e-01
2.748410000000000020e-01 -7.394889999999999519e-01 -1.955949999999999911e-01
-1.856584000000000012e+00 -3.601730000000000209e-01 1.812780000000000058e+00
2.415460000000000107e-01 9.719099999999999961e-02 -1.655889999999999862e-01
1.267790000000000028e-01 -1.412009999999999932e-01 -1.397000000000000021e-03
1.084870000000000001e-01 -3.428669999999999773e-01 2.442570000000000019e-01
-8.700520000000000476e-01 3.445230000000000237e-01 9.065290000000000292e-01
-6.079699999999999688e-02 -2.471929999999999961e-01 9.085699999999999332e-02
1.476909999999999890e-01 -1.563890000000000002e-01 1.304199999999999977e-02
-6.269700000000000273e-02 3.092594000000000065e+00 -9.480910000000000171e-01
1.365679999999999950e-01 4.443860000000000032e-01 -4.446699999999999958e-02
8.327660000000000062e-01 8.381239999999999801e-01 -1.365312999999999999e+00
9.733929999999999527e-01 1.730982999999999938e+00 -2.112261999999999862e+00
-2.731799999999999853e-02 -2.553969999999999851e-01 1.008430000000000021e-01
1.971269999999999967e-01 -9.759199999999999819e-02 8.250999999999999654e-03
1.575120000000000131e-01 -1.472580000000000000e-01 2.210700000000000165e-02
2.493789999999999896e-01 -7.551199999999999579e-02 2.754099999999999951e-02
-2.569000000000000172e-01 2.710270000000000179e-01 1.843930000000000013e-01
1.486379999999999924e-01 -6.201389999999999958e-01 1.592010000000000092e-01
-2.661760000000000237e-01 -4.459520000000000151e-01 3.238789999999999725e-01
-2.507735999999999965e+00 1.197999999999999954e+00 3.159179999999999766e-01
-4.366199999999999942e-02 4.186800000000000244e-02 1.290840000000000043e-01
2.196079999999999977e-01 -1.467680000000000096e-01 -5.682000000000000418e-03
-6.362600000000000477e-01 -2.234810000000000130e-01 9.246969999999999912e-01
1.532660000000000133e-01 -1.156400000000000067e-01 3.753399999999999792e-02
5.861450000000000271e-01 4.876360000000000139e-01 -2.400509999999999866e-01
-2.237129999999999952e-01 -1.124168999999999974e+00 6.021680000000000366e-01
3.154980000000000007e-01 -1.444749999999999923e-01 2.221100000000000158e-02
-6.280320000000000347e-01 -7.574629999999999974e-01 8.092169999999999641e-01
5.087080000000000490e-01 -2.892605000000000093e+00 -1.536750000000000060e-01
9.173390000000000155e-01 -1.645399999999999918e-01 -1.478676000000000101e+00
1.500259999999999927e-01 -1.069129999999999941e-01 6.507999999999999896e-02
-1.777735000000000065e+00 2.389658999999999978e+00 9.025490000000000457e-01
8.038729999999999487e-01 -1.998399999999999954e+00 -8.056820000000000093e-01
1.592200000000000004e-01 -1.243500000000000022e-01 1.996600000000000111e-02
4.988200000000000273e-02 -1.610280000000000045e-01 1.217000000000000026e-02
4.519299999999999706e-02 -1.922649999999999915e-01 2.799700000000000105e-02
2.174919999999999909e-01 -9.937329999999999774e-01 -1.058859999999999940e-01
4.844370000000000065e-01 -1.243538000000000032e+00 -5.212729999999999864e-01
2.310432000000000041e+00 1.108111999999999986e+00 -3.754525999999999808e+00
1.713449999999999973e-01 -2.978580000000000116e-01 1.032190000000000052e-01
7.652879999999999683e-01 -1.959100999999999981e+00 -3.449340000000000184e-01
5.562599999999999767e-01 -1.468919999999999948e-01 1.869799999999999934e-02
1.610606999999999900e+00 -8.292969999999999509e-01 -1.877096000000000098e+00
1.289220000000000088e-01 -2.076890000000000125e-01 9.494000000000000702e-03
7.653699999999999393e-02 1.297709999999999919e+00 -3.368769999999999820e-01
1.067099999999999993e-01 -1.808790000000000120e-01 1.841999999999999887e-02
-1.993959999999999899e-01 -1.979680000000000051e-01 -1.092000000000000089e-03
1.177089999999999942e-01 -1.418260000000000076e-01 4.436500000000000166e-02
2.045329999999999870e+00 -3.839200000000000251e-02 -3.477090000000000014e+00
-4.429799999999999710e-02 -3.510469999999999979e-01 2.877660000000000218e-01
2.862790000000000057e-01 -1.146299999999999958e-01 -3.344300000000000050e-02
-4.116999999999999826e-02 -2.174709999999999976e-01 4.008000000000000278e-03
2.121232000000000006e+00 -2.398639999999999883e+00 -2.529628000000000210e+00
-7.934199999999999586e-02 -1.070920000000000066e-01 9.105199999999999405e-02
5.704360000000000541e-01 -4.187400000000000150e-02 -7.601510000000000211e-01
1.763129999999999975e-01 -7.347010000000000485e-01 -7.988900000000000168e-02
5.841650000000000453e-01 -5.086340000000000305e-01 -1.741679999999999895e-01
-2.729299000000000142e+00 1.971471999999999891e+00 1.757390999999999925e+00
1.932260000000000089e-01 -1.913690000000000113e-01 2.229499999999999885e-02
1.089000000000000037e-02 -1.714890000000000025e-01 2.765000000000000097e-03
-5.452529999999999877e-01 3.199830000000000174e-01 3.229310000000000236e-01
-1.678399999999999892e-01 -2.720699999999999785e-01 5.329400000000000109e-02
1.461989999999999956e-01 -1.493480000000000085e-01 1.580300000000000107e-02
-1.408325999999999967e+00 1.301452999999999971e+00 1.632158999999999915e+00
-3.021980000000000222e-01 -2.034769999999999912e-01 1.674199999999999994e-02
6.478699999999999737e-02 -2.259015000000000217e+00 2.296219999999999928e-01
9.499199999999999311e-02 -1.890870000000000051e-01 9.117000000000000104e-03
6.304020000000000179e-01 2.862060000000000159e-01 -4.227199999999999847e-01
2.849470000000000058e-01 -3.908980000000000232e-01 -2.996559999999999779e-01
-6.452700000000000102e-02 -1.862739999999999951e-01 1.052970000000000017e-01
2.138180000000000081e-01 -1.856289999999999885e-01 -6.323800000000000254e-02
-4.858410000000000228e-01 3.535920000000000174e-01 2.646009999999999751e-01
1.158799999999999969e-01 -1.506260000000000099e-01 1.877399999999999902e-02
-1.586565999999999921e+00 1.002267000000000019e+00 1.307098000000000093e+00
1.050593000000000110e+00 1.067239999999999994e-01 -1.427775000000000016e+00
-4.551689999999999903e-01 1.308348000000000066e+00 -4.963710000000000067e-01
6.352670000000000261e-01 -1.035255000000000036e+00 -9.241089999999999582e-01
2.801489999999999814e-01 -1.273229999999999917e-01 -2.135000000000000092e-02
-1.112492999999999954e+00 9.656190000000000051e-01 -1.207519999999999982e-01
-1.313723999999999892e+00 3.554113000000000078e+00 5.975840000000000041e-01
-2.491274999999999906e+00 2.279533999999999949e+00 8.609980000000000411e-01
-2.373909999999999909e-01 6.907140000000000502e-01 1.171819999999999945e-01
-1.378606999999999916e+00 1.284099999999999998e-02 2.098040999999999823e+00
-1.078392000000000017e+00 1.310399999999999898e-01 2.048468000000000178e+00
3.070390000000000064e-01 -1.408459999999999990e-01 1.442300000000000006e-02
1.674879999999999980e-01 -2.609699999999999798e-01 8.379699999999999649e-02
1.628490999999999911e+00 6.836729999999999752e-01 -2.921276999999999902e+00
8.689040000000000097e-01 -1.392311000000000076e+00 -3.653159999999999741e-01
-8.006199999999999428e-02 -3.000320000000000209e-01 4.598929999999999962e-01
-1.834290000000000087e-01 -3.365580000000000238e-01 4.108299999999999730e-01
4.068760000000000154e-01 1.053919999999999996e-01 -3.455019999999999758e-01
3.259549999999999947e-01 -2.760650000000000048e-01 -4.110659999999999870e-01
1.307830000000000104e-01 -1.987919999999999965e-01 1.957100000000000159e-02
-1.162910000000000110e+00 1.244952000000000059e+00 2.068934000000000051e+00
1.676342999999999916e+00 2.009000000000000022e-02 -1.723190000000000000e+00
-8.954959999999999587e-01 2.380612999999999868e+00 7.084999999999999631e-02
3.319349999999999801e-01 -1.533899999999999986e-01 1.973199999999999954e-02
3.948980000000000268e-01 -5.325870000000000326e-01 5.303399999999999781e-02
1.823819999999999886e-01 -8.608000000000000373e-02 4.947700000000000015e-02
1.520630000000000037e-01 -1.538110000000000033e-01 1.824599999999999833e-02
1.169830000000000036e-01 -7.234999999999999765e-02 2.375199999999999881e-02
-1.112975999999999965e+00 -4.033379999999999743e-01 1.630317999999999934e+00
1.857930000000000137e-01 4.480310000000000126e-01 -2.988999999999999990e-01
-8.452899999999999858e-01 -5.747389999999999999e-01 1.277212999999999932e+00
2.789619999999999878e-01 -5.003379999999999495e-01 -1.018109999999999987e-01
8.820289999999999520e-01 -3.795540000000000025e-01 -2.315149999999999986e-01
3.275989999999999736e-01 -1.442759999999999876e-01 2.070699999999999971e-02
3.878100000000000297e-02 -4.592840000000000256e-01 2.010730000000000017e-01
2.082690000000000097e-01 -5.133269999999999778e-01 -1.307900000000000035e-02
-2.381709999999999938e-01 -2.112709999999999866e-01 1.504499999999999935e-02
-6.899999999999999467e-01 8.157510000000000039e-01 3.152750000000000274e-01
1.528410000000000046e-01 -1.921930000000000027e-01 1.440499999999999940e-02
3.572690000000000032e-01 -1.528269999999999906e-01 1.750600000000000073e-02
1.590090000000000114e-01 5.357880000000000420e-01 -2.873499999999999943e-01
5.619899999999999896e-02 -1.921740000000000115e-01 1.187700000000000040e-02
2.306320000000000037e-01 -3.734419999999999962e-01 4.917400000000000243e-02
-3.390719999999999845e-01 2.888450000000000184e-01 5.914209999999999745e-01
-1.079437999999999898e+00 -5.641859999999999653e-01 1.137761999999999940e+00
8.028220000000000356e-01 -5.657159999999999966e-01 -9.736599999999999699e-01
-2.234205999999999914e+00 3.222570999999999852e+00 2.122558999999999862e+00
2.455859999999999987e-01 -1.160999999999999949e-01 1.580099999999999907e-02
4.710770000000000235e-01 -1.214288000000000034e+00 -3.603299999999999836e-01
-7.151000000000000412e-02 9.210319999999999618e-01 3.248119999999999896e-01
5.237920000000000353e-01 4.529199999999999893e-02 -8.057029999999999470e-01
2.079149999999999887e-01 -5.923699999999999799e-02 7.859599999999999920e-02
-1.875030000000000030e-01 -6.995390000000000219e-01 3.102500000000000049e-02
7.689369999999999816e-01 -2.299039999999999973e-01 -2.148289999999999922e-01
1.345270000000000077e-01 -8.789399999999999991e-02 5.088299999999999768e-02
-5.346000000000000058e-03 -1.173560000000000020e-01 8.569999999999999840e-02
-1.621699999999999878e-02 -1.722289999999999932e-01 4.023000000000000187e-02
4.030500000000000055e-02 -7.556999999999999829e-02 -8.957400000000000084e-02
4.571950000000000180e-01 -1.829969999999999930e-01 -9.695800000000000252e-02
4.197489999999999832e-01 2.810810000000000253e-01 -4.931340000000000168e-01
-3.947640000000000038e-01 5.766199999999999798e-02 2.371810000000000029e-01
-2.383411999999999864e+00 -1.557473000000000107e+00 3.089461000000000013e+00
1.831800000000000095e-02 -5.209600000000000342e-02 1.101580000000000059e-01
-3.848503000000000007e+00 5.599340000000000428e-01 2.822767999999999944e+00
1.743869999999999865e-01 -1.538470000000000115e-01 1.934900000000000161e-02
4.646999999999999742e-02 -6.882599999999999829e-02 -3.084699999999999942e-02
3.608660000000000201e-01 -1.574969999999999981e-01 1.732399999999999912e-02
-1.471432000000000073e+00 -5.225300000000000084e-02 8.865450000000000275e-01
2.357206999999999830e+00 -2.927131999999999845e+00 -2.831059000000000214e+00
1.471200000000000008e-01 -1.782350000000000045e-01 1.610699999999999979e-02
-2.830535999999999941e+00 1.645013000000000059e+00 2.475480999999999820e+00
-1.968542999999999932e+00 2.142415999999999876e+00 8.615399999999999725e-01
1.480829999999999924e-01 -1.494050000000000100e-01 1.191599999999999951e-02
2.639779999999999904e-01 -4.999549999999999828e-01 1.417210000000000136e-01
-2.423842000000000052e+00 2.329244000000000092e+00 2.155085000000000139e+00
4.724050000000000193e-01 -2.439300000000000079e-01 -4.344200000000000145e-02
2.961610000000000076e-01 -1.470980000000000065e-01 2.149200000000000069e-02
7.654000000000000213e-03 -1.677230000000000110e-01 6.042299999999999754e-02
9.270299999999999374e-02 -3.248280000000000056e-01 3.193900000000000211e-02
2.502599999999999963e-02 -1.077759999999999968e-01 4.211499999999999966e-02
1.648820000000000008e-01 -2.063850000000000129e-01 3.551399999999999696e-02
2.593610000000000082e-01 -1.670099999999999918e-01 8.961999999999999481e-03
-8.356130000000000502e-01 2.279589000000000087e+00 1.358767000000000058e+00
1.261089999999999989e-01 -1.503899999999999959e-01 3.247699999999999892e-02
-3.699709999999999943e-01 2.960729999999999751e-01 5.326670000000000016e-01
1.823299999999999921e-01 -6.465769999999999573e-01 -1.157969999999999972e-01
9.299439999999999928e-01 4.614599999999999952e-02 -3.728420000000000067e-01
1.636808999999999958e+00 1.415030999999999928e+00 -1.034377000000000102e+00
-6.101999999999999785e-03 -1.993729999999999947e-01 1.247540000000000038e-01
9.183609999999999829e-01 3.425340000000000051e-01 -7.074080000000000368e-01
-4.240999999999999978e-03 -2.636118000000000183e+00 3.001070000000000126e-01
-1.420599999999999988e-02 -3.366819999999999813e-01 1.120619999999999949e-01
-3.056287999999999894e+00 8.588679999999999648e-01 1.079261999999999944e+00
2.560608999999999913e+00 -2.586377999999999844e+00 -3.095225999999999811e+00
1.090450000000000030e-01 -1.280429999999999902e-01 2.030200000000000060e-02
-2.056169999999999942e-01 -1.625230000000000008e-01 4.111279999999999935e-01
7.618800000000000572e-02 -1.623449999999999893e-01 1.816200000000000106e-02
-4.856650000000000134e-01 -1.327436999999999978e+00 1.198436999999999975e+00
-7.067379999999999773e-01 4.892540000000000222e-01 6.179999999999999938e-01
4.034320000000000128e-01 -1.642379999999999951e-01 1.550499999999999969e-02
-1.235392999999999963e+00 1.483621999999999996e+00 -2.128760000000000097e-01
-8.665350000000000552e-01 1.947994000000000003e+00 9.703770000000000451e-01
-1.342614999999999892e+00 1.378900999999999932e+00 1.670857000000000037e+00
1.780740000000000101e-01 -1.855390000000000095e-01 1.422600000000000080e-02
4.142299999999999871e-01 -2.102565999999999935e+00 8.194600000000000495e-02
-4.078629999999999756e-01 5.037709999999999688e-01 -1.635540000000000049e-01
-1.119000000000000029e-02 -1.908519999999999939e-01 1.416000000000000071e-02
-1.092907999999999991e+00 -1.123439999999999994e+00 7.907720000000000304e-01
1.751230000000000009e-01 -3.916279999999999761e-01 1.920969999999999900e-01
-1.284740000000000049e-01 2.393612000000000073e+00 -1.405006999999999895e+00
2.523571000000000009e+00 -1.246599999999999930e+00 -2.460601000000000038e+00
-3.250299999999999717e-02 -1.820549999999999946e-01 1.858599999999999836e-02
4.789999999999999987e-03 -6.550300000000000566e-02 3.686699999999999700e-02
1.293725999999999932e+00 -2.133891999999999900e+00 -1.067677999999999905e+00
1.672160000000000035e-01 -1.514949999999999908e-01 1.877300000000000149e-02
-2.090253999999999834e+00 -2.341358000000000050e+00 2.721410000000000107e+00
5.037699999999999817e-02 -1.174629999999999980e-01 2.231100000000000097e-02
2.216289999999999871e+00 6.598009999999999708e-01 -3.245845999999999787e+00
2.060400000000000079e-02 -2.241029999999999966e-01 9.975699999999999845e-02
5.090850000000000097e-01 -4.375550000000000272e-01 3.033999999999999805e-03
2.264869999999999939e-01 -1.790730000000000099e-01 1.478900000000000006e-02
2.560330000000000106e-01 -1.408290000000000097e-01 1.260499999999999989e-02
-6.654200000000000392e-02 2.862500000000000114e-02 2.460479999999999889e-01
-1.397130999999999901e+00 -2.339179999999999870e-01 2.015179999999999971e+00
1.198479999999999990e+00 -4.311690000000000245e-01 -9.661969999999999725e-01
1.042140000000000011e-01 -1.978239999999999998e-01 2.171700000000000019e-02
-1.731199999999999961e-01 -1.449090999999999907e+00 7.124249999999999750e-01
6.258970000000000367e-01 -8.292599999999999971e-02 -2.069259999999999988e-01
1.042099000000000109e+00 -1.954817000000000027e+00 -6.630430000000000490e-01
1.595409999999999884e-01 -2.318858999999999781e+00 3.227200000000000069e-01
1.006459999999999994e-01 -2.295270000000000088e-01 6.145000000000000288e-03
-7.771099999999999675e-01 2.355299999999999894e-01 6.138139999999999707e-01
2.880780000000000007e-01 -3.103139999999999787e-01 -1.722809999999999897e-01
-6.530299999999999994e-02 -4.433999999999999747e-02 7.536500000000000143e-02
-1.332639999999999936e-01 -2.003129999999999911e-01 1.350999999999999944e-02
4.167599999999999777e-02 -2.978410000000000224e-01 1.065689999999999971e-01
4.314180000000000237e-01 -1.615149999999999919e-01 1.966100000000000139e-02
2.677459999999999840e-01 -6.937699999999999423e-02 -1.377899999999999958e-02
4.060949999999999838e-01 -1.621299999999999963e-01 9.569999999999999514e-04
-4.104574000000000389e+00 5.231360000000000454e-01 1.434466999999999937e+00
2.145569999999999977e-01 -1.755800000000000138e-01 6.641000000000000202e-03
-1.620260000000000034e-01 -4.407280000000000086e-01 3.304130000000000122e-01
-2.579710000000000059e-01 -1.720309999999999895e-01 2.113520000000000121e-01
-9.165689999999999671e-01 -3.278499999999999748e-01 9.251740000000000519e-01
3.082520000000000260e-01 -1.996040000000000036e-01 1.897199999999999928e-02
1.699340000000000017e-01 -1.764479999999999937e-01 1.543600000000000007e-02
5.009259999999999824e-01 2.026010000000000033e-01 -5.280489999999999906e-01
-1.134096999999999911e+00 -3.081058000000000074e+00 1.584705999999999948e+00
4.423079999999999790e-01 -1.367760000000000087e-01 -4.167850000000000166e-01
7.336409999999999876e-01 -2.040916000000000174e+00 -3.925750000000000073e-01
-1.908500000000000127e-02 -6.090410000000000545e-01 1.984619999999999995e-01
2.942910000000000248e-01 -3.884449999999999847e-01 2.460199999999999887e-02
-3.813300000000000023e-01 3.700579999999999981e-01 4.493349999999999844e-01
-9.615259999999999918e-01 1.298799999999999955e-02 1.127733000000000096e+00
-3.602670000000000039e-01 1.231945000000000068e+00 4.277619999999999756e-01
3.545240000000000058e-01 6.318099999999999827e-01 -3.702810000000000268e-01
-1.319799999999999966e-02 -9.970470000000000166e-01 6.561000000000000165e-02
-2.211348999999999787e+00 -7.731580000000000119e-01 3.452370999999999857e+00
-1.416357000000000088e+00 1.628841999999999901e+00 1.600355999999999890e+00
2.677229999999999888e-01 3.372499999999999942e-01 -5.346159999999999801e-01
-4.741810000000000191e-01 9.536080000000000112e-01 7.920559999999999823e-01
-4.538490000000000024e-01 2.098663999999999863e+00 -3.074160000000000226e-01
2.240378000000000203e+00 1.309457000000000093e+00 -3.748110000000000053e+00
3.147690000000000210e-01 -1.456540000000000057e-01 1.938300000000000092e-02
1.544649999999999912e-01 -6.451170000000000515e-01 1.005280000000000062e-01
1.305530000000000024e-01 -1.365480000000000027e-01 9.874000000000000832e-03
-1.027199999999999988e-02 -1.372480000000000089e-01 -2.337300000000000141e-02
-1.939649999999999985e-01 -2.383659999999999946e-01 1.256600000000000078e-02
2.263779999999999959e-01 -3.536679999999999824e-01 -1.266770000000000118e-01
-3.437299999999999800e-01 -2.751379999999999937e-01 3.658080000000000220e-01
-1.335800000000000008e-02 -1.776459999999999984e-01 4.600499999999999728e-02
-2.913299999999999779e-01 2.411919999999999897e-01 5.673000000000000265e-02
-4.281000000000000083e-02 -2.081429999999999947e-01 1.389199999999999983e-02
1.460120000000000029e-01 -1.724050000000000027e-01 1.869699999999999834e-02
-3.431290000000000173e-01 1.278189999999999882e-01 2.577720000000000011e-01
1.443949999999999956e-01 -1.657800000000000107e-01 1.259099999999999976e-02
-1.265400000000000032e-02 -1.615749999999999964e-01 -1.028699999999999927e-02
-5.667809999999999793e-01 9.322120000000000406e-01 -6.389400000000000635e-02
1.871600000000000000e-02 -1.272870000000000112e-01 4.353900000000000131e-02
1.665550000000000086e-01 -1.802970000000000128e-01 2.670499999999999957e-02
4.523000000000000111e-03 -2.133400000000000019e-01 -1.261289999999999911e-01
2.701410000000000200e-01 -1.514550000000000063e-01 2.252900000000000041e-02
-3.666262000000000132e+00 9.932220000000000493e-01 2.604798000000000169e+00
2.240040000000000087e-01 -1.860920000000000074e-01 6.792600000000000027e-02
-1.741424000000000083e+00 1.510853000000000002e+00 4.311799999999999661e-02
-2.290499999999999828e-02 -2.030830000000000135e-01 1.449199999999999967e-02
-9.431200000000000694e-02 -1.981590000000000018e-01 1.518700000000000085e-02
1.756800000000000028e-01 3.289810000000000234e-01 4.107700000000000240e-02
1.268610000000000015e-01 -1.341229999999999922e-01 1.120799999999999921e-02
-4.530000000000000172e-03 -1.576100000000000001e-01 4.764899999999999691e-02
-1.496799999999999908e+00 3.057100999999999846e+00 1.299584000000000072e+00
3.467560000000000087e-01 -1.567939999999999889e-01 1.856500000000000164e-02
7.071800000000000308e-02 -2.338799999999999907e-02 1.373439999999999939e-01
-1.753953000000000095e+00 -8.814999999999999503e-01 2.162980000000000125e+00
2.834050000000000180e-01 -1.482709999999999861e-01 2.140500000000000042e-02
-3.295259000000000160e+00 2.693699999999999914e-02 9.359110000000000484e-01
-1.330900000000000138e-01 -1.531750000000000056e-01 9.309299999999999520e-02
-2.911237999999999992e+00 3.025983999999999785e+00 2.980948999999999849e+00
1.414228000000000041e+00 3.180074999999999985e+00 -2.390681999999999974e+00
2.371499999999999997e-01 6.404100000000000070e-02 -2.063699999999999909e-02
2.561189999999999856e-01 1.373404999999999987e+00 -1.112500000000000017e-01
4.315499999999999892e-02 -1.179990000000000067e-01 -7.280300000000000660e-02
1.312290000000000123e-01 -1.662549999999999861e-01 6.419099999999999806e-02
1.509203999999999990e+00 1.720412999999999970e+00 -2.028201999999999838e+00
1.058420000000000055e-01 -1.981110000000000093e-01 2.082499999999999976e-02
-2.360079999999999956e-01 -2.113319999999999921e-01 1.501800000000000010e-02
1.398654000000000064e+00 2.753610000000000224e-01 -6.161609999999999587e-01
1.610000000000000042e-01 -2.041560000000000041e-01 3.666900000000000021e-02
1.678870000000000084e-01 -1.675339999999999885e-01 1.657600000000000046e-02
-4.012700000000000294e-02 -1.403054000000000023e+00 -2.343100000000000044e-02
-2.112299999999999942e-02 -1.725510000000000099e-01 2.655700000000000074e-02
-5.748099999999999737e-02 -3.493589999999999751e-01 1.536099999999999965e-02
2.501430000000000042e-01 -4.913589999999999902e-01 1.526510000000000089e-01
-2.344682000000000155e+00 2.612694999999999990e+00 2.552505000000000024e+00
4.590949999999999753e-01 -3.131539999999999879e-01 2.831099999999999936e-02
8.186200000000000143e-01 4.715119999999999867e-01 -1.214258000000000060e+00
6.453499999999999515e-02 -1.251079999999999970e-01 9.835999999999999258e-03
2.327740000000000087e-01 -1.907300000000000106e-01 9.024000000000000771e-03
-6.413259999999999517e-01 -7.086900000000000144e-02 9.725139999999999896e-01
1.990260000000000085e-01 -1.920429999999999915e-01 1.112199999999999994e-02
-1.570476999999999901e+00 2.447947999999999791e+00 4.549880000000000035e-01
4.384839999999999849e-01 -2.766170000000000018e-01 -1.285050000000000081e-01
2.407499999999999918e-01 -6.575520000000000254e-01 -9.145399999999999363e-02
-1.550630000000000064e-01 -2.117229999999999945e-01 1.251299999999999982e-02
6.861599999999999644e-02 -1.766560000000000075e-01 3.742999999999999799e-02
9.880300000000000193e-02 -1.373769999999999991e-01 9.710999999999999147e-03
5.149759999999999893e-01 3.364190000000000236e-01 -8.199779999999999847e-01
1.239539999999999947e-01 -1.979490000000000138e-01 9.806000000000000480e-03
-3.434399999999999953e-02 -1.844369999999999898e-01 -1.162999999999999971e-02
-4.049349999999999894e-01 -1.445144999999999902e+00 8.071869999999999878e-01
-4.302599999999999758e-01 -2.241910000000000014e-01 5.673019999999999730e-01
-1.663999999999999898e-03 7.123599999999999377e-02 -2.172379999999999867e-01
1.087059999999999971e-01 -1.500930000000000042e-01 8.228000000000000591e-02
-3.511985999999999830e+00 1.339889000000000108e+00 2.319155999999999995e+00
1.347289999999999877e-01 -2.955150000000000277e-01 3.947300000000000114e-02
-5.029600000000000043e-02 -1.953010000000000024e-01 8.531999999999999654e-03
2.682269999999999932e-01 -3.017920000000000047e-01 1.091659999999999991e-01
-4.371999999999999775e-01 -1.525100000000000067e-02 3.035370000000000013e-01
-3.260610999999999926e+00 1.926336000000000048e+00 1.641704000000000052e+00
2.899050000000000238e-01 -6.551329999999999654e-01 -2.510000000000000078e-02
5.875700000000000367e-01 -1.530424999999999924e+00 -1.620929999999999871e-01
-5.423890000000000100e-01 -9.203000000000000069e-02 5.667119999999999935e-01
6.109280000000000266e-01 -3.649100000000000121e-01 -1.864010000000000111e-01
1.959789999999999865e-01 -1.741860000000000075e-01 -4.100000000000000346e-03
2.196664999999999868e+00 -1.160535000000000094e+00 -2.306583999999999968e+00
-2.477080000000000115e-01 -2.332770000000000121e-01 3.501200000000000145e-02
-1.005173000000000094e+00 1.475365000000000038e+00 9.782779999999999809e-01
2.361500000000000057e-02 -1.393290000000000084e-01 1.265400000000000032e-02
3.145819999999999728e-01 -1.357480000000000075e-01 4.009999999999999893e-04
-1.143599999999999998e-02 -1.210109999999999936e-01 6.087100000000000150e-02
1.751799000000000106e+00 -3.045583999999999847e+00 -2.368612999999999857e+00
-2.352859000000000034e+00 2.903904999999999959e+00 3.061672000000000171e+00
4.244720000000000160e-01 -1.072508000000000017e+00 -5.171820000000000306e-01
-1.270310000000000050e-01 -8.136910000000000531e-01 1.519530000000000047e-01
-3.895963000000000065e+00 1.117315000000000058e+00 2.142644000000000215e+00
1.337450000000000028e-01 -1.480559999999999932e-01 2.095599999999999893e-02
2.142345000000000166e+00 -1.838680000000000037e-01 -3.118247999999999909e+00
2.621709999999999874e-01 -1.607290000000000108e-01 9.268999999999999462e-03
3.784250000000000114e-01 3.232504000000000044e+00 -9.154769999999999852e-01
-1.072719999999999896e+00 2.905292999999999903e+00 3.269610000000000016e-01
1.405540000000000123e-01 -9.987200000000000244e-02 -8.429999999999999993e-04
1.496779000000000082e+00 3.229759999999999853e-01 -2.445494000000000057e+00
1.826689999999999980e-01 -3.913789999999999769e-01 -3.270499999999999796e-02
-1.847299999999999984e-02 -2.078230000000000077e-01 1.355899999999999987e-02
-5.199300000000000033e-01 5.002539999999999765e-01 4.331510000000000082e-01
5.725299999999999834e-01 -4.423849999999999727e-01 1.201299999999999937e-02
3.079230000000000023e-01 -9.420499999999999707e-02 2.366100000000000148e-02
-8.860219999999999763e-01 2.154790000000000205e+00 9.709050000000000180e-01
-6.941899999999999460e-02 -1.346849999999999992e-01 6.439699999999999591e-02
7.930199999999999749e-02 -2.077839999999999965e-01 3.093800000000000022e-02
2.071280999999999928e+00 2.560798999999999825e+00 -2.599419000000000146e+00
1.794280000000000042e-01 -1.381300000000000062e-02 -4.026799999999999824e-02
6.052480000000000082e-01 1.586789999999999867e-01 -1.674090000000000023e-01
-4.399200000000000332e-02 -6.928410000000000402e-01 2.130130000000000079e-01
-4.470330000000000137e-01 -1.297860000000000125e-01 2.733869999999999911e-01
-2.222250000000000059e-01 -2.305119999999999947e-01 2.363619999999999888e-01
-1.237203000000000053e+00 2.887488999999999972e+00 2.732100000000000153e-02
3.098499999999999865e-02 -2.410819999999999907e-01 1.234920000000000045e-01
7.544599999999999917e-02 -9.960900000000000309e-02 1.886470000000000091e-01
-4.518380000000000174e-01 1.495110000000000050e-01 3.022949999999999804e-01
1.049859999999999960e-01 -3.800900000000000112e-02 -8.752799999999999470e-02
6.144760000000000222e-01 1.294302999999999981e+00 -1.940239000000000047e+00
-3.291830000000000034e-01 -1.476838000000000095e+00 8.307320000000000260e-01
-2.507530000000000037e-01 -2.189129999999999965e-01 2.403000000000000188e-03
6.516330000000000178e-01 -5.634390000000000231e-01 -3.358309999999999906e-01
4.049809999999999799e-01 -1.520080000000000042e-01 1.313899999999999964e-02
8.929199999999999637e-02 -1.002618999999999927e+00 -8.440100000000000380e-02
7.652200000000000668e-02 -1.239949999999999941e-01 1.180100000000000073e-02
-2.739050000000000096e-01 1.591461000000000015e+00 5.061430000000000096e-01
1.784419999999999895e-01 -9.747959999999999958e-01 2.613489999999999980e-01
1.300850000000000062e-01 -2.783570000000000211e-01 -9.610499999999999599e-02
9.636899999999999633e-02 -1.039288999999999907e+00 1.298610000000000042e-01
2.026529999999999998e-01 -1.142949999999999938e-01 9.727099999999999635e-02
3.193050000000000055e-01 -1.562689999999999912e-01 2.134799999999999892e-02
2.848280000000000256e-01 -1.916640000000000010e-01 7.437799999999999967e-02
7.432800000000000518e-02 -3.927280000000000215e-01 -5.566999999999999900e-03
1.523544999999999927e+00 -1.424050000000000038e-01 -5.774829999999999686e-01
1.325118999999999936e+00 5.114579999999999682e-01 -1.810110000000000108e+00
-6.458800000000000652e-02 7.845299999999999496e-01 1.668729999999999936e-01
3.158900000000000041e-01 -1.085760000000000058e-01 -1.802700000000000136e-02
5.028500000000000331e-02 -1.514030000000000098e-01 6.024000000000000188e-02
3.448479999999999879e-01 -1.552489999999999981e-01 1.911799999999999958e-02
-5.948050000000000281e-01 -1.321425000000000072e+00 1.198633999999999977e+00
-6.288420000000000121e-01 -7.561210000000000431e-01 5.240479999999999583e-01
4.849089999999999789e-01 -6.583999999999999853e-01 -8.566200000000000203e-02
3.504479999999999817e-01 -3.365349999999999731e-01 2.956999999999999906e-02
-3.681729999999999725e-01 -1.947588000000000097e+00 6.547990000000000199e-01
3.148090000000000055e-01 2.581450000000000133e-01 -7.843940000000000357e-01
4.005509999999999904e-01 -1.450220000000000120e-01 2.998899999999999830e-02
3.410200000000000037e-02 -2.250620000000000120e-01 1.244900000000000000e-02
-3.815936000000000217e+00 1.686955999999999900e+00 4.470589999999999620e+00
-2.142779999999999963e-01 -1.428270000000000095e-01 2.471490000000000076e-01
4.696290000000000187e-01 -1.731739999999999946e-01 -1.039499999999999973e-02
-1.149656999999999929e+00 -1.334521999999999986e+00 1.899817000000000089e+00
1.087090000000000001e-01 -2.182209999999999983e-01 3.735000000000000125e-02
2.133952999999999989e+00 9.261850000000000360e-01 -3.206154000000000170e+00
-2.458111000000000157e+00 2.496420999999999779e+00 1.173907999999999952e+00
5.010850000000000026e-01 1.159730000000000066e-01 -7.474760000000000293e-01
6.356629999999999781e-01 9.970219999999999638e-01 -4.588300000000000156e-01
1.691479999999999928e-01 9.014119999999999910e-01 -6.765459999999999807e-01
3.990139999999999798e-01 -1.392400000000000027e-01 -3.158639999999999781e-01
1.519128999999999952e+00 1.236445999999999934e+00 -1.591879000000000044e+00
5.180909999999999682e-01 7.750770000000000159e-01 -2.526269999999999905e-01
2.455500000000000044e-02 -1.812900000000000067e-01 1.622499999999999984e-02
5.138139999999999930e-01 -7.639510000000000467e-01 -4.672259999999999747e-01
8.453299999999999703e-02 -1.913710000000000133e-01 1.094799999999999940e-02
1.550920000000000076e-01 6.487540000000000529e-01 -5.222339999999999760e-01
-6.205889999999999462e-01 -1.325699999999999969e-02 5.277469999999999661e-01
6.031199999999999756e-02 -1.915270000000000028e-01 1.188999999999999953e-02
1.716555000000000053e+00 -7.399699999999999334e-02 -4.696969999999999756e-01
-2.150593000000000199e+00 2.128706999999999905e+00 9.388419999999999543e-01
-7.075299999999999645e-02 3.606340000000000101e-01 -1.458059999999999912e-01
1.300219999999999987e-01 -1.070419999999999983e-01 1.225599999999999953e-02
-4.972100000000000131e-02 -3.497149999999999981e-01 5.428999999999999798e-03
1.678659999999999874e-01 -1.890610000000000068e-01 1.221900000000000069e-02
2.453940000000000010e-01 -1.684839999999999949e-01 5.738100000000000145e-02
-3.247402000000000122e+00 1.870479999999999920e-01 1.783698000000000006e+00
1.548580000000000068e+00 9.920409999999999506e-01 -1.796079999999999899e+00
1.771320000000000117e-01 -1.097629999999999995e-01 2.947900000000000173e-02
1.142899000000000109e+00 2.677477999999999803e+00 -2.385361000000000065e+00
5.800030000000000463e-01 -2.946980000000000155e-01 -1.431649999999999867e-01
-1.627426000000000039e+00 1.497087000000000057e+00 3.520309999999999828e-01
3.652449999999999863e-01 -1.253080000000000027e-01 -4.292800000000000088e-02
-9.987500000000000544e-02 -2.788579999999999948e-01 1.375000000000000007e-02
-4.135800000000000032e-01 -2.379870000000000041e-01 5.152910000000000545e-01
2.275449999999999973e-01 -2.923299999999999788e-01 6.030499999999999750e-02
2.235429999999999917e-01 4.729050000000000198e-01 -8.257200000000000650e-02
1.452880000000000005e-01 -1.782259999999999955e-01 1.663299999999999848e-02
-3.277890999999999888e+00 5.314419999999999700e-01 7.356650000000000134e-01
3.520849999999999813e-01 6.184300000000000214e-02 8.599999999999999789e-04
-1.068734999999999991e+00 2.469834000000000085e+00 1.044211000000000000e+00
6.671599999999999753e-02 -2.467600000000000071e-01 -7.219499999999999529e-02
1.100799999999999973e-01 -1.357569999999999888e-01 -1.074000000000000085e-03
-3.432560000000000056e-01 3.874469999999999859e-01 1.789409999999999890e-01
7.662800000000000167e-02 -1.621199999999999863e-01 8.370000000000000703e-03
-5.208700000000000552e-01 1.286118000000000094e+00 -2.618570000000000064e-01
8.043899999999999662e-02 -2.938299999999999801e-01 -1.337359999999999938e-01
1.250877000000000017e+00 1.304268999999999901e+00 -2.393209000000000142e+00
-1.127630000000000021e-01 -4.184370000000000034e-01 4.148740000000000205e-01
4.303930000000000256e-01 -1.613469999999999904e-01 2.013799999999999965e-02
3.445179999999999909e-01 -1.193069999999999964e-01 7.032000000000000056e-03
7.892299999999999316e-02 -1.127729999999999982e-01 -2.076399999999999912e-01
3.152590000000000114e-01 -1.672339999999999938e-01 1.297599999999999969e-02
4.075940000000000119e-01 6.208679999999999755e-01 -4.730980000000000185e-01
3.087980000000000169e-01 -1.754320000000000046e-01 2.008599999999999969e-02
-1.527031999999999945e+00 2.450218000000000007e+00 3.811840000000000228e-01
6.414400000000000657e-02 -1.610610000000000097e-01 9.518899999999999584e-02
-1.218439999999999940e-01 -1.160240000000000021e-01 6.888299999999999979e-02
7.192819999999999769e-01 -1.767503000000000046e+00 -1.054515000000000091e+00
3.990609999999999991e-01 -1.503899999999999959e-01 2.085599999999999954e-02
1.505738999999999939e+00 -9.340140000000000109e-01 -1.194182999999999995e+00
8.082319999999999505e-01 -8.264599999999999724e-02 -5.276849999999999596e-01
3.476170000000000093e-01 -1.565570000000000017e-01 -2.303200000000000039e-02
1.032311999999999896e+00 -4.715110000000000134e-01 -3.101889999999999925e-01
8.089000000000000357e-02 -2.038790000000000047e-01 1.363299999999999929e-02
-6.304600000000000481e-02 -2.367990000000000095e-01 1.759709999999999885e-01
-2.472699999999999898e-01 -2.025079999999999936e-01 1.953399999999999928e-02
6.793369999999999687e-01 -9.076060000000000239e-01 -5.022349999999999870e-01
-2.239400000000000071e-02 -1.644420000000000048e-01 1.271300000000000034e-02
1.983270000000000033e-01 -1.957170000000000021e-01 2.722400000000000167e-02
1.540499999999999925e-01 3.917649999999999744e-01 -2.025430000000000008e-01
7.759099999999999331e-02 -1.746979999999999922e-01 7.789799999999999502e-02
4.770599999999999841e-01 -1.910603999999999969e+00 -2.005039999999999878e-01
-2.440946999999999978e+00 1.238841000000000081e+00 2.457719999999999905e-01
-9.625249999999999639e-01 -9.241499999999999715e-02 1.210528999999999966e+00
7.531599999999999406e-02 -1.172679999999999972e-01 2.518199999999999952e-02
2.333580000000000099e-01 -1.404700000000000115e-01 2.523699999999999902e-02
9.829599999999999449e-02 -5.683270000000000266e-01 2.685399999999999940e-02
-1.906909999999999994e-01 -2.845550999999999942e+00 2.875119999999999898e-01
-8.633739999999999748e-01 -1.467200999999999977e+00 1.444091999999999931e+00
5.323200000000000154e-02 -1.536230000000000095e-01 1.454599999999999990e-02
5.200899999999999967e-02 -1.175699999999999940e-01 2.147100000000000050e-02
4.250369999999999981e-01 3.230262000000000189e+00 -1.039870000000000072e+00
1.452425000000000077e+00 -1.719618000000000091e+00 -1.658946000000000032e+00
6.179400000000000170e-02 1.363909000000000038e+00 -6.127879999999999994e-01
2.882339999999999902e-01 -1.227270000000000028e-01 2.454299999999999884e-02
3.927860000000000240e-01 -2.572599999999999887e-02 -5.997099999999999653e-02
-2.582559999999999856e-01 1.301360000000000017e-01 2.526510000000000145e-01
3.326509999999999745e-01 -1.659430000000000072e-01 -1.034099999999999950e-02
8.055199999999999860e-02 -1.091960000000000014e-01 6.497699999999999310e-02
2.084209999999999952e-01 -1.807670000000000110e-01 1.036600000000000021e-01
7.358599999999999586e-01 -8.883739999999999970e-01 -6.105399999999999716e-01
5.346499999999999864e-02 -1.705379999999999951e-01 9.365999999999999326e-03
2.253910000000000080e-01 -2.038969999999999949e-01 5.174299999999999733e-02
-1.270969999999999878e-01 -2.102799999999999947e-01 1.110000000000000049e-02
1.047639999999999960e-01 -1.973129999999999884e-01 1.237700000000000085e-02
2.331010000000000026e-01 -2.952130000000000032e-01 5.928699999999999942e-02
1.052313999999999972e+00 -1.338748999999999967e+00 -1.577633000000000063e+00
-1.813800000000000134e-02 -9.451249999999999929e-01 4.845180000000000042e-01
-1.278439000000000103e+00 1.073777999999999899e+00 -5.840100000000000152e-02
8.363709999999999756e-01 -1.363023000000000096e+00 -1.152409999999999962e-01
1.140089999999999992e-01 -1.842749999999999944e-01 1.364199999999999961e-02
6.715300000000000435e-02 -1.265169999999999906e-01 9.877999999999999628e-03
1.991920000000000079e-01 5.381299999999999972e-02 7.907599999999999352e-02
1.547040000000000082e-01 -1.474560000000000037e-01 1.892999999999999891e-02
1.026289999999999980e-01 -1.286970000000000058e-01 4.033199999999999980e-02
2.102832999999999952e+00 1.492167999999999939e+00 -3.097512000000000043e+00
1.728810000000000069e-01 -1.563670000000000060e-01 1.896000000000000116e-02
1.521681000000000061e+00 -1.117429999999999951e-01 -5.833359999999999657e-01
7.592799999999999550e-02 -1.734459999999999891e-01 1.341600000000000084e-02
-8.723440000000000083e-01 1.489265000000000061e+00 6.286450000000000093e-01
-2.235570000000000057e-01 -9.038400000000000600e-02 -2.116999999999999958e-03
5.652999999999999692e-02 -1.551869999999999916e-01 2.239800000000000124e-02
-8.253599999999999826e-02 -1.130410000000000026e-01 4.494619999999999727e-01
-4.264899999999999941e-02 -1.010579999999999951e-01 1.071499999999999952e-01
-3.441660000000000164e+00 7.890690000000000204e-01 1.467386000000000079e+00
-2.729210000000000247e-01 -1.891009999999999913e-01 1.670299999999999910e-02
-7.040699999999999736e-02 -1.782350000000000045e-01 8.544400000000000606e-02
1.126624000000000070e+00 -3.376018000000000185e+00 -1.122128000000000014e+00
3.294469999999999898e-01 -1.084966000000000097e+00 -2.677990000000000093e-01
9.165299999999999836e-02 3.341779999999999751e-01 -2.006499999999999950e-01
-2.217600000000000127e-01 -2.063500000000000056e-01 1.505699999999999920e-02
-1.632649999999999935e-01 -4.732399999999999801e-02 1.511359999999999926e-01
9.029770000000000296e-01 3.133077999999999808e+00 -1.691168000000000005e+00
-5.231299999999999839e-02 -1.312939999999999940e-01 1.310240000000000016e-01
6.571939999999999449e-01 -3.656079999999999885e-01 -6.170590000000000241e-01
2.993169999999999997e-01 -2.732049999999999756e-01 2.768100000000000074e-02
3.260199999999999904e-02 1.434149999999999869e-01 -7.276999999999999615e-03
-7.026300000000000601e-02 -1.369499999999999884e-01 6.585299999999999487e-02
2.605020000000000113e-01 -1.024380000000000013e-01 5.090000000000000080e-02
-3.294745999999999952e+00 1.978075999999999945e+00 3.604408999999999974e+00
3.221010000000000262e-01 -7.011900000000000077e-02 -2.408100000000000171e-02
2.964919999999999778e-01 -1.785700000000000065e-01 -1.585200000000000151e-02
-9.419969999999999732e-01 1.220204000000000066e+00 8.262359999999999705e-01
-1.636269999999999947e-01 -2.088339999999999919e-01 1.176299999999999915e-02
3.361330000000000151e-01 5.894620000000000415e-01 -4.452519999999999811e-01
1.049774999999999903e+00 1.642444999999999933e+00 -2.184162999999999855e+00
-7.406869999999999843e-01 3.362950000000000106e-01 7.761940000000000506e-01
1.134180000000000049e-01 1.482299999999999937e-02 -1.349099999999999952e-02
3.765240000000000253e-01 -5.341660000000000297e-01 -2.949939999999999785e-01
1.408500000000000030e-01 -7.557300000000000129e-02 1.634400000000000089e-02
-4.529130000000000100e-01 3.131579999999999919e-01 4.158649999999999847e-01
2.895980000000000221e-01 3.828999999999999765e-02 -1.871160000000000045e-01
1.656440000000000135e-01 -1.548200000000000132e-01 1.757299999999999834e-02
1.394886999999999988e+00 5.916430000000000300e-01 -1.714498000000000077e+00
-2.755730000000000124e-01 -1.768089999999999939e-01 3.866080000000000072e-01
-4.442360000000000197e-01 -1.038670000000000010e-01 2.677709999999999813e-01
-8.632360000000000033e-01 -5.738800000000000151e-02 7.149609999999999577e-01
7.449400000000000466e-02 -2.058359999999999912e-01 2.143710000000000060e-01
5.921400000000000274e-02 -1.971890000000000032e-01 1.052100000000000084e-02
1.565239999999999965e-01 -1.246580000000000049e-01 -6.394999999999999643e-03
3.365159999999999818e-01 -1.537999999999999923e-01 2.013399999999999912e-02
-1.362240000000000117e-01 -2.099530000000000007e-01 4.229999999999999732e-02
-1.493395999999999946e+00 1.504939000000000027e+00 2.963799999999999768e-01
3.792499999999999760e-01 -4.614779999999999993e-01 -6.664039999999999964e-01
-2.631990000000000163e-01 3.224259999999999904e-01 4.657290000000000041e-01
-4.520999999999999845e-03 -1.561659999999999993e-01 4.701999999999999930e-02
1.566629999999999967e-01 -1.588549999999999962e-01 5.546899999999999747e-02
-4.126909999999999745e-01 -2.505709999999999882e-01 7.333699999999999941e-02
-4.804000000000000110e-03 -1.564190000000000025e-01 1.281000000000000021e-02
-1.305570000000000064e-01 3.561299999999999882e-02 9.383700000000000374e-02
-1.887421000000000015e+00 1.209516999999999953e+00 2.582009999999999916e+00
-2.793390000000000040e-01 -1.188670000000000004e-01 9.982599999999999807e-02
-4.476490000000000191e-01 -2.440610000000000002e-01 5.928000000000000110e-03
2.556699999999999945e-02 -1.875169999999999892e-01 1.410699999999999975e-02
3.732559999999999767e-01 -1.730420000000000014e-01 1.595600000000000143e-02
-1.145335999999999910e+00 1.337652000000000063e+00 1.085650999999999922e+00
-2.290400000000000075e-02 2.120589999999999975e-01 4.306399999999999811e-02
-2.928180000000000227e-01 1.068690000000000057e-01 2.504100000000000215e-01
1.013404999999999889e+00 -5.158679999999999932e-01 -3.964700000000000168e-02
-7.777399999999999591e-02 1.199135000000000062e+00 -1.917000000000000084e-03
-4.383600000000000274e-01 3.631210000000000271e-01 2.769039999999999835e-01
-7.016210000000000502e-01 -1.176800000000000068e-01 1.151523999999999992e+00
-7.236249999999999627e-01 -3.320089999999999986e-01 9.405829999999999469e-01
2.394580000000000042e-01 -3.761030000000000206e-01 4.591699999999999948e-02
1.753270000000000106e-01 -1.541260000000000130e-01 1.937099999999999933e-02
2.591100000000000000e-02 -1.995578000000000074e+00 3.831570000000000253e-01
3.559720000000000106e-01 4.722500000000000309e-02 -1.485100000000000031e-01
1.446126999999999940e+00 -3.892974999999999852e+00 -1.666765999999999970e+00
2.586479999999999890e-01 -1.484669999999999879e-01 1.191099999999999971e-02
7.687700000000000089e-02 -2.029930000000000068e-01 1.541499999999999988e-02
8.493100000000000649e-02 -1.705869999999999886e-01 1.622200000000000031e-02
5.823500000000000204e-02 -2.139610000000000123e-01 1.098900000000000050e-02
-2.501558999999999866e+00 1.538852000000000109e+00 3.306939999999999880e-01
-7.575269999999999504e-01 9.308560000000000167e-01 -1.812860000000000027e-01
-1.091879999999999934e-01 -3.425630000000000064e-01 2.583670000000000133e-01
-1.250426999999999955e+00 2.277700000000000002e-01 1.209419999999999940e+00
3.053270000000000151e-01 -2.339239999999999930e-01 -4.107999999999999673e-03
2.018494000000000010e+00 -2.388027000000000122e+00 -2.820859000000000005e+00
1.156829999999999942e-01 -1.647679999999999978e-01 7.956499999999999684e-02
9.695359999999999534e-01 1.540519999999999945e-01 -2.289920000000000011e-01
3.228050000000000086e-01 -2.169460000000000000e-01 -2.223599999999999882e-02
1.939694999999999947e+00 2.348092999999999986e+00 -2.595852999999999966e+00
2.515156000000000169e+00 1.651375000000000037e+00 -3.686100000000000154e+00
-1.721683000000000074e+00 3.418842000000000159e+00 1.984860999999999986e+00
3.427879999999999816e-01 -1.545189999999999897e-01 1.952100000000000016e-02
-1.453626000000000085e+00 4.448869999999999769e-01 2.228168000000000148e+00
-3.121669999999999723e-01 2.280530999999999864e+00 4.000119999999999787e-01
-3.150700000000000167e-01 1.988699999999999843e-02 2.292959999999999998e-01
4.030449999999999866e-01 -1.500229999999999897e-01 2.153800000000000159e-02
1.034432999999999936e+00 -5.066270000000000495e-01 -1.125909999999999966e+00
4.079820000000000113e-01 -1.493160000000000043e-01 2.165999999999999870e-02
-9.641999999999999529e-03 -1.707569999999999921e-01 3.412699999999999761e-02
3.509500000000000119e-02 -2.527650000000000174e-01 -2.885800000000000171e-02
1.764045000000000085e+00 -3.360851999999999951e+00 -2.262157999999999891e+00
1.266809999999999881e-01 -1.483099999999999974e-01 2.356099999999999861e-02
1.380679999999999963e-01 8.228020000000000334e-01 -9.085699999999999332e-02
3.332869999999999999e-01 -2.441419999999999979e-01 4.979900000000000299e-02
-1.104109999999999925e+00 2.132103999999999999e+00 1.794130999999999920e+00
3.418700000000000211e-02 3.205910000000000148e-01 -1.414320000000000022e-01
-4.516910000000000092e-01 -1.173140999999999989e+00 5.405079999999999885e-01
9.967900000000000371e-02 -1.761999999999999955e-01 2.952999999999999896e-03
1.315066999999999986e+00 -1.767563999999999913e+00 -1.081943000000000099e+00
6.914649999999999963e-01 -5.656639999999999446e-01 -4.334219999999999740e-01
2.205769999999999953e-01 -5.134140000000000370e-01 1.050589999999999996e-01
-4.142770000000000064e-01 1.834200000000000066e-02 2.546499999999999875e-01
8.546800000000000230e-02 -1.425175999999999998e+00 5.520400000000000307e-02
-2.049670000000000103e-01 1.167038000000000020e+00 -2.978520000000000056e-01
1.671302000000000065e+00 -9.417910000000000448e-01 -2.246297000000000210e+00
3.472290000000000099e-01 3.353883999999999865e+00 -8.869489999999999874e-01
-8.226700000000000679e-02 4.686200000000000088e-02 5.931899999999999673e-02
-1.661249999999999949e-01 2.965851999999999933e+00 -2.329370000000000052e-01
-5.139409999999999812e-01 1.211980000000000002e-01 1.472880000000000023e-01
1.494169999999999943e-01 -1.171842999999999968e+00 -7.418399999999999994e-02
-3.450956999999999830e+00 1.056551000000000018e+00 1.444201000000000068e+00
-2.131361000000000061e+00 1.588465000000000016e+00 2.716177000000000064e+00
-2.184689999999999799e+00 2.362134000000000178e+00 2.877439999999999998e+00
9.362600000000000089e-02 -1.275409999999999877e-01 -6.075999999999999804e-03
4.118640000000000079e-01 -2.083440000000000014e-01 9.698999999999999289e-03
1.390301000000000009e+00 -3.092999999999999916e-02 -2.414635999999999783e+00
-8.283760000000000012e-01 -1.003975999999999980e+00 8.111490000000000089e-01
1.358330000000000093e-01 -1.035100000000000048e-01 4.527599999999999680e-02
1.839000000000000079e-01 -1.612210000000000032e-01 1.054940000000000044e-01
9.151019999999999710e-01 -7.540580000000000060e-01 -9.719200000000000061e-01
1.921780999999999962e+00 -4.756400000000000211e-02 -1.665880000000000027e+00
-2.320299999999999863e-01 -1.444340000000000068e-01 1.189970000000000055e-01
2.773610000000000242e-01 -1.804199999999999901e-02 -2.195330000000000059e-01
1.632869999999999877e-01 -1.981090000000000073e-01 5.987399999999999667e-02
1.812599999999999975e-02 1.859999999999999945e-04 -1.012369999999999937e-01
2.290409999999999946e-01 -1.957780000000000076e-01 4.028000000000000330e-03
1.299210000000000087e-01 -1.582739999999999980e-01 -2.947400000000000020e-02
5.302240000000000286e-01 -3.504039999999999933e-01 -8.777500000000000580e-02
-2.681800000000000156e-02 -2.036640000000000117e-01 1.243200000000000034e-02
1.347770000000000079e-01 -1.942280000000000117e-01 1.915000000000000036e-03
4.988960000000000061e-01 -3.096999999999999753e-01 -1.871200000000000085e-01
-4.513530000000000042e-01 1.898070000000000035e-01 5.136180000000000190e-01
5.507980000000000098e-01 1.965298999999999907e+00 -7.301959999999999562e-01
1.248318000000000039e+00 -3.816269000000000133e+00 -1.802712000000000092e+00
1.329441000000000095e+00 -2.885710000000000219e-01 -2.070237999999999801e+00
3.585889999999999911e-01 -1.115069999999999950e-01 -4.199200000000000155e-02
-3.784000000000000037e-03 -1.992780000000000107e-01 1.245300000000000053e-02
1.162799999999999945e-01 -1.180879999999999985e-01 1.409259999999999957e-01
9.772410000000000263e-01 1.441044999999999909e+00 -1.864192999999999989e+00
-1.856157000000000057e+00 2.895446999999999882e+00 7.995820000000000149e-01
3.466629999999999989e-01 -1.566529999999999867e-01 1.860500000000000001e-02
-1.001934000000000102e+00 -4.343199999999999839e-01 4.791989999999999861e-01
4.465879999999999850e-01 -3.103500000000000147e-01 3.222300000000000164e-02
2.061129999999999907e-01 1.275500000000000071e-02 1.502799999999999969e-02
4.381309999999999927e-01 -1.860440000000000094e+00 -6.626700000000000645e-02
4.267250000000000210e-01 -2.729800000000000004e-01 -9.367999999999999591e-03
4.240389999999999993e-01 -1.599829999999999863e-01 1.829000000000000070e-02
2.305899999999999894e-01 -1.591992000000000074e+00 -1.178040000000000059e-01
-5.653460000000000152e-01 -1.176969999999999961e-01 4.074189999999999756e-01
8.095499999999999918e-02 -1.810859999999999970e-01 1.506399999999999927e-02
-4.942900000000000071e-02 1.729000000000000068e-03 7.999399999999999566e-02
-1.202499999999999923e-02 -1.032860000000000028e-01 2.528599999999999945e-02
5.887080000000000091e-01 -1.673509999999999998e-01 -1.407699999999999924e-02
1.265320000000000056e-01 -2.211760000000000115e-01 7.731000000000000025e-03
3.931400000000000172e-02 -1.077739999999999948e-01 -7.462199999999999389e-02
-8.566899999999999515e-01 5.832979999999999832e-01 7.471200000000000063e-01
3.366790000000000060e-01 -1.795309999999999961e-01 -2.325599999999999890e-02
-2.517959999999999976e+00 -2.364892999999999912e+00 3.407639999999999780e+00
-1.764172999999999991e+00 2.724102999999999941e+00 8.995729999999999560e-01
-1.450622999999999996e+00 1.078740000000000032e+00 1.224793999999999938e+00
6.140569999999999640e-01 5.375199999999999978e-01 -1.217961999999999989e+00
3.332060000000000022e-01 -1.743550000000000100e-01 1.161000000000000053e-02
-4.461100000000000065e-01 -6.219399999999999928e-02 3.220310000000000117e-01
2.130400000000000002e-02 -2.159359999999999891e-01 1.118800000000000003e-02
-3.511199999999999877e-01 1.660040000000000127e-01 4.002850000000000019e-01
-1.203778000000000015e+00 2.427639000000000102e+00 3.333590000000000164e-01
-8.457900000000000140e-02 -2.075410000000000033e-01 1.795789999999999886e-01
1.061020000000000074e+00 -6.556830000000000158e-01 -3.996560000000000112e-01
2.662700000000000136e-02 -1.848499999999999865e-01 2.326299999999999896e-02
-3.331640000000000157e-01 -2.182479999999999976e-01 2.237799999999999859e-02
7.043099999999999361e-02 -1.196549999999999975e-01 4.014500000000000013e-02
1.463220000000000076e-01 -3.171470000000000122e-01 -5.521800000000000319e-02
7.949669999999999792e-01 2.185850000000000015e-01 -7.106540000000000079e-01
1.990679999999999950e-01 -1.926117000000000079e+00 1.093279999999999946e-01
-3.295052999999999788e+00 5.212419999999999831e-01 1.006726000000000010e+00
-3.718899999999999983e-02 -3.172799999999999926e-02 -2.298700000000000049e-02
1.087271000000000098e+00 2.206220000000000125e-01 -1.227983999999999964e+00
-1.708604999999999929e+00 1.516489999999999894e+00 2.250925000000000065e+00
-4.145986999999999867e+00 1.801300000000000123e-01 5.136047999999999725e+00
3.443320000000000269e-01 -9.380099999999999549e-02 8.625999999999999987e-03
4.229089999999999794e-01 2.027301000000000020e+00 -4.151299999999999990e-01
-3.146680000000000033e-01 1.073209999999999997e-01 2.469490000000000018e-01
-1.714110000000000078e-01 1.534982999999999986e+00 2.347000000000000128e-03
4.066710000000000047e-01 -1.555819999999999981e-01 1.372400000000000009e-02
8.385900000000000298e-02 -4.191340000000000066e-01 3.551380000000000092e-01
2.274740000000000095e-01 -1.123679999999999957e-01 3.108999999999999785e-03
-1.058749999999999969e-01 -2.078579999999999872e-01 1.494599999999999922e-02
2.455849999999999977e-01 1.813296999999999937e+00 -6.132300000000000251e-02
1.280250000000000110e+00 1.384541999999999939e+00 -1.587155000000000094e+00
2.648610000000000131e-01 9.571629999999999860e-01 -8.454399999999999415e-02
-5.338289999999999980e-01 2.023250000000000048e-01 4.987179999999999946e-01
-3.308635999999999910e+00 1.290119999999999933e+00 1.739937000000000067e+00
-2.233729999999999882e-01 8.115999999999999603e-02 1.585310000000000052e-01
4.126630000000000020e-01 -2.939995000000000136e+00 1.985040000000000138e-01
-1.746299999999999936e-02 -1.632969999999999977e-01 1.272700000000000047e-02
3.470750000000000224e-01 -1.578420000000000101e-01 1.830999999999999989e-02
-8.128670000000000062e-01 -2.740235000000000198e+00 9.195659999999999945e-01
4.890550000000000175e-01 -2.146980000000000000e-01 1.226400000000000060e-02
-4.608000000000000117e-03 -1.405919999999999948e-01 3.446599999999999664e-02
4.246719999999999939e-01 1.547050999999999954e+00 -8.413490000000000135e-01
1.923138000000000014e+00 -2.019629000000000119e+00 -2.395134000000000096e+00
2.750170000000000115e-01 -1.591039999999999954e-01 1.471199999999999938e-02
-2.212050000000000127e-01 -1.884520000000000084e-01 1.536900000000000072e-02
-1.704869999999999997e-01 -2.047480000000000133e-01 1.479100000000000033e-02
-1.664857000000000031e+00 1.420487999999999973e+00 2.786210000000000075e-01
1.128317000000000014e+00 6.023300000000000182e-02 -1.611790000000000056e+00
1.477130000000000110e-01 3.871399999999999841e-02 -1.799939999999999873e-01
-2.442090000000000094e-01 -1.967830000000000135e-01 2.967600000000000238e-01
-7.556810000000000471e-01 4.327679999999999860e-01 6.744149999999999867e-01
-3.052900000000000058e-02 -2.038999999999999979e-01 1.243400000000000061e-02
2.884630000000000027e+00 -1.917443999999999926e+00 -4.035023999999999944e+00
-7.615900000000000447e-02 -2.216029999999999944e-01 1.195099999999999982e-02
2.064010000000000011e-01 -2.298489999999999978e-01 1.050800000000000067e-01
-4.933599999999999791e-02 -6.535000000000000531e-02 4.403300000000000269e-02
-9.883260000000000378e-01 -1.782569999999999988e-01 1.488410999999999929e+00
3.292099999999999888e-02 -1.802940000000000098e-01 1.417500000000000010e-02
3.857300000000000312e-02 -1.185680000000000067e-01 2.327600000000000155e-02
2.416290000000000104e-01 -1.680290000000000117e-01 1.688500000000000070e-02
-3.285039999999999960e+00 1.337604999999999933e+00 8.842919999999999670e-01
2.285929999999999906e-01 -1.682970000000000022e-01 7.184100000000000208e-02
1.080324000000000062e+00 -6.352060000000000484e-01 -4.121369999999999756e-01
1.526339999999999919e-01 -1.778669999999999973e-01 1.687200000000000158e-02
1.129880000000000051e-01 1.111728999999999967e+00 -6.115660000000000540e-01
1.035330000000000000e-01 -2.292269999999999863e-01 6.115999999999999909e-03
1.113190000000000013e-01 -4.693599999999999856e-02 -2.312379999999999991e-01
7.785499999999999365e-02 -2.343750000000000000e-01 -1.856319999999999915e-01
