1.321946960652948810e+00 1.585212473998232952e+00
-2.999313751095930680e+00 -2.806640167665409358e+00
-1.186004564208961387e+00 2.893627370101966356e+00
-2.119464655097321959e+00 -2.452063561177692641e+00
-2.445968431387213204e+00 6.844489916340705804e-01
-1.882438731733974580e+00 -2.103895135046097042e+00
-9.266356377417137580e-01 1.247789802304932749e-01
-6.193951546159803812e-01 -2.439929438398154904e+00
2.329004040201416714e-01 1.687202639938537807e+00
-4.848329135802309509e-01 1.637586103707302954e+00
1.111317002380556751e+00 5.888925895745575900e-01
-1.773286501610895405e+00 -2.912740082546622311e+00
2.268704618345672941e+00 -2.747854676732153223e+00
1.022805061070413579e+00 2.832184025892440005e+00
-4.961711857972384010e-01 -1.472398866416416041e+00
3.521389706745097214e-01 1.506052955179370656e+00
-2.157678368428597615e+00 -1.312588742604819947e+00
-1.811391065490727259e+00 -1.466888294781818924e+00
1.804467412053219810e+00 -1.452817584128242689e+00
2.809569454316385162e+00 -1.217682026939249429e+00
-1.119454931044542967e+00 -2.946332370377176879e+00
1.153935694015884472e+00 2.923057092407549185e+00
2.258334913776229413e+00 3.987638149338783577e-01
2.367639981023083706e+00 6.110544677207530029e-01
-2.489734731781332755e+00 2.295604251566749632e-01
-1.981017482612586589e+00 -1.708770666074563849e-01
2.268855020576478587e+00 2.380590072515333944e-01
-2.409918997001699204e+00 1.037734744511152662e+00
-4.733542499696872241e-01 2.050080163005949530e-01
2.747337180903011600e+00 -2.669566146080228464e+00
1.989917098381024374e-01 7.205939396182596823e-01
1.151262683702840128e+00 4.870512166601814741e-01
-1.106906213963622321e+00 2.735779549448036363e-01
1.119005566089501968e+00 2.059687681279514848e+00
2.007754031384237692e+00 -3.156794417767101457e-01
-2.890270335934848944e+00 6.213926778494016645e-01
1.500865889669804609e+00 -2.258322681606952820e+00
2.933166533438968493e+00 -1.485724482042013239e+00
1.488993926279036373e+00 2.102125954525804197e+00
1.735675970708930649e+00 -2.062494131382589302e+00
-2.380643960534147840e+00 1.940309848557975059e+00
2.451573018558573125e+00 -1.444830267971293436e+00
-2.219828567290333954e+00 -1.810321080213118883e+00
-2.883798252778217552e+00 1.484983727363077932e+00
-1.730231303999645753e+00 -7.050145723241523221e-01
-1.406720043766642725e+00 -1.060264491579701041e+00
-5.056104431797026066e-02 2.302713113904221842e+00
4.447056329520782114e-01 -9.985478399926179804e-01
5.358332214197054633e-01 -7.859480452309264287e-01
-5.156640730825898800e-01 1.452868939233645129e+00
1.166400946366470848e+00 -9.276669786358859859e-01
-5.149243828385841049e-01 -2.364608080486250152e-01
2.153784354930694533e-01 2.021758380823712287e+00
9.827678713187326665e-01 -8.411468435992768278e-01
8.933467234985137395e-02 -2.777471202295891839e+00
2.667568535944879748e+00 1.133935139944362902e+00
5.193302430119572932e-01 -2.065266695346176462e+00
2.420411491727301190e+00 1.792507015862891961e+00
-2.175151775122574627e+00 -2.908425284248008058e+00
-2.164341916495448714e+00 5.137388838793919277e-01
1.844347732257142880e+00 -2.690233784631335112e-02
-6.139389780867983148e-01 2.984770402550949164e+00
7.420332423336533090e-01 -1.532158267997385526e+00
-1.380432649409843560e+00 2.136423070909909683e-01
2.789040282890313804e+00 4.986056203481146198e-01
9.806489869106886914e-01 3.344476478253590734e-01
7.301743212547306960e-01 -1.092161561855601537e+00
-3.005271991203568582e-01 -2.897410655089639242e+00
-5.511791834323132022e-01 -3.991901410063771749e-01
4.420769200337151261e-01 -1.497628281851449028e+00
7.028694817243432702e-01 1.157311915376162403e+00
-1.040130589367423086e+00 1.643337818886939417e+00
2.315652595864646557e+00 2.109777686319606715e+00
-8.563814399850011583e-01 -2.090850714114939723e+00
2.451210905518795613e+00 2.340219830717947147e+00
7.401606947508163614e-01 9.492773388871933449e-01
-2.905072542920662304e+00 1.176801976885136547e+00
-1.965956949928028719e+00 1.721305702336426435e+00
2.595572778222981825e+00 2.345401240477206883e+00
1.180908968939401227e+00 -1.342807861234851741e+00
-2.603998963667625066e+00 -2.908518544854883814e+00
1.269148551770830302e+00 1.381612330241200226e+00
-2.880719196961226469e+00 3.454476024751049756e-01
-2.842734078733684555e+00 -8.166331040673386887e-01
2.160167692097328285e+00 1.200036821686786936e+00
2.052185354157634478e+00 2.867535546863123841e+00
-1.324897925933163023e+00 7.155545441191724088e-01
5.145556287497274894e-01 8.343193025219433068e-01
3.661813155342596993e-01 -2.801825891630773224e+00
-2.888116263762341873e+00 1.729058271682293757e+00
1.803796036083697985e+00 1.261127103511382685e+00
-6.728361356149692440e-01 1.118041465177468829e+00
1.482729856423107506e+00 -1.852713343446015903e+00
-2.181268646035889880e+00 6.684738018441676033e-01
-1.645743968352871844e+00 -5.465633357098695910e-01
1.277933882296060197e+00 -2.879305211501594908e+00
-2.924664119045305100e+00 2.640375082903006820e+00
2.803657980001632133e+00 1.118768255928211275e+00
4.086027715196527410e-01 -7.333787811555736447e-01
-1.780240592034057157e+00 1.578728464112271190e+00
-1.827423113344087247e+00 -2.108311121004557975e-02
4.881535636395466504e-01 1.575661391767109620e+00
2.820119934529873973e+00 1.253772199269070242e+00
-3.738171438762005749e-02 3.680382466981106937e-01
-2.888542786935542672e+00 5.438069337199369357e-03
-8.192933437780913764e-02 1.631651070341275656e+00
4.131086225188882466e-01 -7.260571437228469094e-01
-1.095825544067035473e+00 -1.268366422806028293e+00
2.931696926474693043e+00 2.328237912894852712e-01
-7.191529642586975690e-01 -6.875958027008692852e-01
1.472006585439012305e+00 1.095111796256917458e+00
1.015397360719108022e+00 -2.981603892073181328e-02
-2.601990993429350585e+00 -5.046683597447332303e-01
-7.794948125153622343e-01 2.175061781290626328e+00
7.783050421293866705e-01 1.926106281299130529e+00
-1.420219377077334144e+00 -6.594576087973420542e-01
-2.916290562146417908e+00 1.314035774570983861e+00
-1.593827483271476941e+00 -1.184216619512270530e+00
7.006701420099457067e-01 -2.618409006739783607e+00
2.694097924125698817e+00 2.476778492975221901e+00
3.399191291709384721e-01 -8.498142170427769315e-03
2.493638098597647179e+00 -5.164488347509985644e-01
8.493972536780249882e-01 6.933748439345439607e-01
-6.599537151525227685e-01 -6.089089433815102481e-01
2.972875290513754543e-01 -1.522328651258781029e+00
2.557088560238721442e+00 2.833815526032758214e+00
-1.956265999917213838e+00 -1.184069909156449940e+00
-2.242022883362175811e+00 1.637749645930322018e-01
3.397299406138021283e-02 -1.474438298485658327e+00
-9.315800839002390532e-01 6.642529323039401135e-01
4.920850796824804974e-01 -6.150511297682048628e-01
-2.407184050991579838e-01 2.952171025952678995e+00
-5.847886428043391760e-02 9.764281052626966328e-01
5.946618458752701564e-01 -5.283213887806841313e-01
4.671432917072131374e-01 -2.496440913853749777e+00
1.727575402953025474e+00 3.689983448786815501e-01
6.721870622696037856e-01 6.065365455698268349e-02
-2.997587850651855401e+00 3.865056354979774511e-01
-7.405181115253531843e-01 9.035138037356689189e-01
5.210000439364979030e-01 -5.244354877258694536e-01
1.530493130806080515e+00 2.450992968923202397e-01
-1.063914018979521314e+00 -2.316066915641303403e+00
1.024732744725523226e+00 2.623469681321727975e+00
-2.947563815199050197e-01 -1.592786917938802116e+00
-7.073834878108966606e-01 -2.083099034003073946e+00
-5.351319004668866341e-01 6.009483873313081759e-02
-5.911224991827563890e-01 -2.697327872368573409e-01
7.315162075218086812e-01 4.534372348745803194e-01
-4.185163750724139042e-01 1.191211688256951007e+00
-4.397939439118032645e-01 -2.304387243887488168e+00
-9.399225613534616386e-01 5.007754448261483304e-01
9.763188742515733765e-01 -5.310825848664375570e-01
-1.378750427821453295e+00 7.516497531611072702e-01
1.662878778524801149e-01 -4.951179142505628406e-01
1.812966504027588854e+00 2.601931417856004458e+00
4.131479442282932624e-01 8.308102051473116312e-01
-2.057407284481147514e-01 1.107552811129656867e+00
-1.910322892015417384e+00 9.030978763607313553e-01
4.169664764722540440e-01 -4.201758463714551084e-01
-1.987198634201621239e-01 -1.007611187922116347e+00
-9.289676930687100764e-01 4.723232218842845498e-01
-1.126380973788498219e+00 2.006341933197179905e+00
-1.457290237306822833e+00 -4.833166291858335128e-01
1.371514007847577155e+00 6.240205972680796798e-01
-5.049076903948357398e-01 -2.937074736446554368e-03
-1.371540777013056100e-01 5.720268820731062576e-01
-2.083970135441020499e+00 2.833585998276032747e+00
1.509166902811463373e+00 -2.710507640232027171e-01
-1.667705161200463859e+00 1.632564367143025663e-01
-1.053825241642881050e+00 -2.384319956466773860e-01
2.306435555672621263e-01 -1.338782462670674356e+00
1.958441985776048000e+00 3.072369646564925283e-01
6.614448758797779604e-01 3.732006832605527791e-02
1.390371604437161679e+00 2.127441660820221792e-01
-9.282152304535107312e-01 -6.312591513360570339e-01
-3.231226079792564043e-01 2.019852928869155129e+00
2.942830701743043953e+00 2.137714329926199142e+00
8.196264000113835380e-01 -1.184894340021081849e+00
2.764248248577096945e-01 -2.901393746443351240e+00
1.585556034331276898e-01 9.108462706919429053e-02
-8.657689740967136061e-01 2.389371466857716619e+00
-2.817601860427267013e+00 -2.991001458948202796e+00
1.156066305044125997e+00 7.396668092495994884e-01
4.894644440657471840e-01 5.842994742446276923e-01
2.938510245982230984e+00 -2.989015217283618853e+00
-1.776562648601268890e+00 1.080227553615097591e+00
-1.513602589425870892e+00 -1.723358129772043945e+00
-2.581480353858429666e-01 3.114622938809343822e-01
-1.216011710956366620e+00 4.140179863078627953e-01
5.605946967877262210e-01 1.692757500129717485e+00
-7.139032556267146390e-01 4.589730393674296138e-01
6.684886978276916025e-02 -2.407920762823114735e-01
2.457108297731318558e-01 3.478633798196795190e-01
1.256323507387770988e+00 -3.959022871892510231e-01
-2.099911106189633614e-01 1.276988904579006601e+00
-1.671403594059070130e+00 8.268493358376227675e-01
-2.511156210736428029e+00 -2.388912072605917203e+00
-4.282870280172810240e-01 1.000012675002134088e+00
8.027205636715071257e-01 1.588310813995572168e+00
-4.273873500033449346e-01 -1.791202081918071176e+00
-2.139461707978530747e+00 -5.136859266886188990e-01
1.529168888342804067e+00 -9.370313988616620904e-01
-2.855710395212907038e-01 2.403574617529087298e-01
1.818980052685017945e+00 -1.033330245846235007e+00
-5.856448808535850148e-01 -1.916635327461593263e-01
2.317636954580817310e-01 -1.128242479228233286e+00
7.349754137995265779e-01 2.426465989510770527e+00
2.939731070154442349e+00 8.421467122551185014e-02
1.390802454853771408e+00 1.802027441461814483e+00
1.914535071801184429e+00 1.380278856518000197e+00
-1.113197932884902208e+00 8.867474040601415197e-01
7.375615367016852275e-02 5.739321625689877138e-01
-2.828790002907752843e-01 2.072397606260274472e-01
7.698542251281428328e-01 -6.541277530703184517e-01
-1.259418889875445036e+00 2.468854199884460421e-01
4.605356099225446087e-01 -3.555464513435158125e-01
-1.131334715205223107e+00 -2.312151753146256539e-01
-4.411512689916241570e-01 5.408962411860449571e-01
-1.515623780385687569e+00 1.376296560576886208e+00
-7.722374323256735451e-01 4.854157431772616604e-01
-1.951404741862130532e+00 -4.748497422745283636e-01
6.425649718347630213e-01 1.040209995206107685e+00
-5.184815099930322191e-01 -2.003767896432592011e+00
4.453145330451580008e-01 9.752940026366694326e-01
-9.060744166752670026e-01 -1.697457216768596622e+00
-1.649943983681234627e-02 -5.495282664093110725e-01
-1.951679099346464996e+00 2.684517325156210887e+00
1.945427037746986443e+00 7.406940262888146442e-01
-1.882299435233445450e-01 -2.288341259552963969e-01
-2.555705034634101480e-01 -2.062964845306920481e-01
1.549669562861977212e+00 2.964224217922810212e+00
-1.080282971533929715e+00 1.153289299308541516e+00
-1.678594643045064005e+00 2.453089155183111103e+00
-9.677518471099220143e-01 3.154730805704777374e-01
2.711501820596762258e-02 6.163479157079798654e-02
1.620899737872552926e+00 -3.412663018700721196e-01
1.144939332719365765e-01 -3.661932513485757212e-01
-2.924377397820742353e+00 -9.807314728205822618e-01
1.034819067922403413e+00 -1.618610118472945780e+00
-3.045194784801745769e-01 -2.018178215935333419e-01
3.631799432163527186e-01 1.271518936876414152e+00
1.030378708904521545e+00 3.410599049160447649e-01
2.134970203523566923e+00 1.726446701697966546e+00
1.642795723465091839e+00 7.896287594208173388e-01
-1.148148314216093313e+00 7.290942836262099824e-01
-7.375044047559953242e-01 1.195977277111115455e-01
1.047384142580463084e+00 2.105661701313525924e-01
1.267887108818920083e+00 1.045086694711364395e+00
3.233076663084855085e-01 -2.978319159193719479e+00
-3.881642542228802562e-01 7.411304044700717242e-02
-1.318121522082997821e-01 -4.268967724576766543e-01
-4.129094690377743682e-01 -1.301407712396954297e+00
-5.747885653491167091e-01 1.675938777090300036e-01
1.375913516166740180e+00 -4.792122806584253603e-01
-1.867529598736884289e+00 2.892317719547538246e+00
6.057254886458398602e-01 -8.516722399604326199e-03
8.293122637220005089e-01 3.536068250395119072e-01
-1.199513724447861307e+00 1.154544923491306108e+00
1.841846308568371171e-01 4.024386475707046884e-01
-3.530240462204936591e-02 -2.271997733930142260e+00
-8.576303467032486694e-01 9.757460557354158404e-01
4.344306746078956394e-01 -4.916291310166207573e-01
-1.862364313090220769e+00 2.906269849834810515e-01
3.534228669656300781e-01 -1.680856618805973035e+00
-1.331489708322103338e+00 -1.375660323092007253e-01
1.001326975292302635e-01 1.864919002199317610e+00
-7.507443387788437228e-01 1.841079281029822212e+00
1.649379880347586536e+00 -1.140472362701951514e+00
-2.558389098540092554e-01 1.389596594298964760e+00
-4.419110745826162479e-01 2.647251191074957433e-01
-9.258070729469860538e-01 -5.610825331501692048e-01
1.049829628854631380e+00 -1.765186422395238930e+00
-1.965250564406773037e-01 -2.524520891821990354e+00
-2.582057966306976482e-01 7.461066164649405863e-01
9.373759903027885088e-01 -4.783329612809938958e-01
6.328740061856077403e-01 -9.434878366137584571e-01
2.820364857536628023e-02 1.793646770729768747e-01
1.071602890339313774e-01 -1.700257482568847678e-01
-1.490165145864883023e+00 -2.265510929883900459e-01
1.204356218895227926e+00 -2.008809035098134466e+00
2.415656423813992149e-01 3.048953510238563425e-01
2.693017729681317363e+00 2.927872013266447304e+00
-3.610151147485649581e-01 -8.159119011943833932e-01
-6.120561635524652822e-01 9.600173172128378951e-01
1.295674196774367459e+00 -2.841053095744650037e-01
4.247953970481876951e-02 6.992106559748938466e-01
1.174585285631036591e+00 8.854047613028539487e-01
8.866237991248873129e-01 1.035764798666157560e+00
-1.551487512206407127e+00 1.070847194329451746e-01
-5.584680352238526879e-01 -2.978676595178876951e+00
-1.078084045067812413e+00 -7.343483253440217240e-01
-4.023689475950216199e-01 7.205986468875194007e-01
-8.549329960173515097e-01 8.642924267080243084e-02
-1.018338380849514335e+00 -1.070555730810425210e+00
-7.247104916878566172e-02 -5.673138511344562041e-01
1.195845742180885019e+00 -1.417311970424606216e-03
1.130983907693512869e+00 -1.830404332226063246e-01
-7.684672699938763785e-01 -2.464254346694261244e-01
7.898797611956380749e-01 -7.294463714865022652e-01
6.815321670170133572e-01 1.452367089752666374e+00
8.505026115529723540e-02 -7.901785339513631712e-01
-2.229652877504406661e-01 -1.938930408366257296e-01
-4.264059958205823619e-01 7.641066347837757178e-01
5.767976530535179336e-02 -1.399074030996276363e+00
8.008440757345258731e-01 -4.139358731026954175e-01
-1.764727230066860386e-01 5.758556974533615147e-01
-1.880049740324878371e-01 -1.342341704012866455e+00
5.956185339481807617e-01 -1.800961000061484851e+00
-2.354946742888993860e+00 2.953259573301929564e+00
-7.259436492227822058e-02 -1.854780473004985275e+00
1.540166661058766095e-01 4.050750273743872754e-01
-7.051952563744947611e-01 -1.503411653184634211e-01
-1.812657594818385398e-01 1.154449790609948678e+00
-8.137315777906173331e-01 7.875511875381304705e-01
2.970313934034666481e+00 9.976129733643723796e-01
7.857552020371825208e-01 5.179788903339526129e-01
-2.889825034747763866e-01 5.454224951315573833e-01
-3.094149490461806096e-02 3.393021927127986004e-01
-3.067269797594067704e-01 -1.218999733556529463e-01
1.657126338693686307e-01 -2.889197559964138406e-01
-5.454550084988403214e-01 -7.944830681427612618e-01
-1.386647866724124878e+00 -1.562771736653286059e+00
-6.080456404657277325e-01 -9.057076362156393223e-01
9.560696171721883019e-01 -1.277477813907546000e+00
-2.084376077746369127e+00 -2.196829728530014236e-01
-5.840588869504848013e-01 1.529192344450518881e+00
3.474719654626348131e-01 3.811373516316849397e-01
2.960762778599099754e+00 -1.076376280151140286e+00
2.006919084108178097e+00 7.511860169877593307e-02
2.509551534792347383e+00 -2.989142247145277764e+00
2.378946605601033326e-01 1.532166859409604953e-01
-3.201897250578569221e-01 7.924056751081134387e-01
1.028575026487639654e+00 1.929753883267652625e+00
1.548118197088199643e-01 -9.082272445088213075e-01
-9.634996558943429434e-01 -2.093475897079422055e-01
1.575792572670664526e+00 -6.548698117329143642e-01
-1.831258286404455760e-01 6.752368304479912098e-01
1.163132468243398776e+00 -4.215697498883819172e-01
1.606733865949037998e+00 -1.433852367100853620e+00
-8.135554097763142423e-02 -8.144213973820759733e-01
6.295612378456905134e-01 3.165418644303459317e-01
6.029337316472664909e-01 7.813988471001795943e-01
1.877268628863477673e-01 3.553544448586700710e-01
-1.229528548503024732e+00 -1.398288661048121106e+00
4.061419807148958228e-01 -9.402678630729401910e-01
6.131019233562646775e-01 2.938955625628868695e+00
6.942257232236928033e-01 3.427193527420895336e-01
-2.956086184032817421e+00 -6.845919081379436832e-01
-3.579174790125705385e-01 2.428199979863161495e-01
5.389418886593349001e-01 -1.611744928056881854e-01
2.984909956369977024e+00 1.440883183199032302e+00
-2.718466346855583637e-01 -1.120451128961092779e+00
1.175076803593958275e+00 1.214027535472305352e+00
1.518423935216729248e+00 -1.359839033231255989e-01
1.034835903149579295e+00 1.168725940516129214e+00
1.089872025615737705e+00 7.647476152580314768e-01
-6.534052613594254488e-01 6.905206202458100684e-01
6.811553980105897743e-01 -1.645971228422205002e-02
-2.303875146502676330e-01 9.996736111504169742e-01
-1.020932623908705983e+00 -3.358370187593502365e-01
-4.240156643010459803e-01 -5.162975903110131881e-01
-2.305217342256833390e-01 -3.186756985797281061e-01
3.656925307316711837e-01 7.055026927017253868e-01
-7.683654555945729214e-02 -1.617522005008729558e+00
5.004378876493671413e-01 3.262199101947409474e-01
-2.995413687130871860e+00 -2.368467123426478693e-01
1.962816013993729847e+00 -2.474923941209570710e+00
-6.780645944622469834e-01 -9.529374008272135654e-01
-4.271475941207825144e-02 3.670923034168804833e-02
1.305569773168526737e+00 1.341383913634794922e-01
-2.402596135544499134e-01 5.314009647213246978e-02
5.483230936051013416e-01 -7.059797767235806987e-01
-7.073961447051626550e-01 -1.019815461458572381e+00
-1.182850171694528552e+00 -1.829055016124438993e-01
1.908414325732232797e-02 -4.530898048747733498e-01
-9.157834777631230772e-01 -7.784239513971158431e-02
1.681347478148182084e+00 -6.068635244074105373e-02
2.220427010432439729e-01 -2.359205858441040249e-01
6.258410620132330848e-01 -2.417212281958670328e+00
-6.421620123503011257e-01 1.295795243286245402e+00
2.175700167031331844e+00 -1.157463951807266245e+00
-6.667595838316540124e-01 4.495240045459034661e-01
2.279263208380850614e-01 -9.899573883070926783e-01
-9.647748906894002552e-01 1.060142324969973515e+00
2.206099316547840417e-01 2.929518577395815448e-01
1.070894723987544594e+00 -8.623098177201589110e-01
-8.515205159223850906e-01 8.396512066392243234e-01
2.089933951188687189e-01 4.617969172659424082e-01
8.974983292708733629e-01 5.726640805806093582e-01
2.588682089957464072e+00 2.771095912774601544e-01
-2.308724805173127947e-01 3.922743085928357409e-01
1.081953695664523707e-01 1.181231275628813471e+00
-9.943415700370423771e-01 1.378708499406509524e+00
-8.639010838128808878e-01 -8.628928535934781152e-01
-1.382944650793325181e-01 1.733404611170548115e+00
-1.292256186187587419e+00 -3.924908122183268233e-02
7.919697027788226151e-01 1.176276598734062873e-01
9.719076646241386896e-02 -1.044157819665172626e+00
-5.882812653460955943e-02 1.758839940064733653e-01
1.215138203768405312e+00 -5.824260483260093046e-01
3.085894420402350846e-01 -1.303515621212048003e-01
-3.473933362394050484e-01 2.976612074679185760e-01
-3.969610370836442748e-01 9.570351362033200360e-01
-2.091963388915352162e-01 2.185314891691074735e-01
-1.917026708011633218e-01 -1.145549231939382295e+00
-9.692916952904999661e-01 -1.323969302514365287e+00
1.017879599253198819e+00 -7.058487083405919904e-01
3.469518222894629744e-01 -9.546783221355292781e-02
3.467632073919890701e-02 -3.266213821267518469e-01
7.507264098329375912e-01 -6.033873373421361208e-02
1.380495346441561466e+00 -1.498371855145967491e+00
-5.622694338701093031e-01 -5.305857796241673086e-01
-2.993802404053591992e+00 1.561882277766609484e+00
9.422419741483758493e-01 -1.837159454879810916e-01
-4.942059191149006381e-01 5.773355383481604264e-02
4.690435104512289399e-01 -1.497495944976492410e-01
-1.215745977050697313e-01 -9.171320767741821811e-01
-1.025123989234201449e+00 3.329979122379240764e-01
-4.390719033105865421e-01 -5.975821227793032264e-01
-1.019306686805554252e+00 6.177360375369951306e-01
-7.731168932236229807e-01 -1.132205545167876082e+00
-1.231074722778217945e+00 -3.773382141924699340e-01
-1.713193315015844265e+00 -9.786819910874822170e-02
-6.584117724025144724e-01 -1.396101600928010278e-01
6.325320463622885470e-01 -2.646109603590898196e-01
-1.132223505262997199e+00 -1.639545922478995443e-01
-2.486951345849934825e-01 -8.141360563521895521e-01
7.147177995099633918e-01 -1.043608777557354372e-01
3.933254122822864574e-01 -1.496955555162733376e-01
9.236215885872800513e-02 1.098717493970289283e+00
2.122853503831301225e-01 6.260761094879150335e-01
-1.231127929209027805e+00 -8.914159807294463889e-01
6.128797628192712565e-01 -1.072796395271447434e+00
8.853179148985628188e-01 -1.065064983161314593e-01
-7.214134017960311951e-01 2.420969019641798781e-01
-2.978671437213443518e+00 2.247829088534946784e+00
2.627249499829513724e-01 -2.515564283115168109e-03
3.313519111880669499e-01 8.999547622433867744e-02
7.180919523231765744e-01 7.217429973253759456e-01
3.943928797755797966e-01 -4.748187192536201806e-01
8.056845166432404781e-01 6.660899645814843950e-03
1.542695480484579384e-01 5.231055013495509165e-01
5.716186840395369728e-01 8.889595555949050265e-01
-2.270514198518576165e-01 3.789985682324004124e-01
6.120470308320080655e-01 3.612571916370121983e-02
1.223996989679331016e+00 3.543993489454866364e-01
2.507944366963879013e-01 -4.991448764577501862e-01
-1.353722664466978642e-01 2.654928576948886843e+00
-1.952406477277834895e-01 -1.221823598500119346e+00
6.236864464780884632e-01 6.384142336460461031e-01
-1.296794904159584094e+00 -5.298657380815834372e-01
4.618670788650094394e-01 -1.937813672402352028e+00
6.513926218413521596e-01 -2.982351339502535836e+00
-4.526405381867002475e-01 8.617521388862092735e-01
-5.033953642911477289e-01 8.092537380089455112e-01
1.895007953754106467e-01 -8.861408339290877123e-01
-1.607399868921989716e+00 4.234919494710682741e-01
-4.432153174517265981e-01 -6.245850286011629393e-01
1.460343074412234543e+00 -1.114229009443339358e-01
2.369453455592980262e-01 6.219327108609116195e-01
-2.114586973800314684e+00 1.040174636399117780e+00
-1.622102888399217235e-01 -3.771083326960922300e-01
1.067203428804868182e-01 1.470395346058555042e+00
3.717437538534706931e-03 1.312041661603537079e+00
1.316032603326452666e+00 3.409920427849368885e-01
-1.333723605159454761e+00 2.996252219043495479e+00
1.821567758586162711e+00 -3.579375202616343898e-01
3.684581023108890463e-01 -1.090346154240090293e+00
4.946391713353355257e-01 -4.159217147884475274e-01
5.595575815773301542e-04 -3.715488101034281065e-01
-2.762840975608806815e-01 2.291363479920325297e+00
-6.758368671331149713e-01 2.223307013492092921e-02
8.300599800203247725e-01 -6.566558550645114067e-01
-1.270595928871696145e-01 6.339934285241710654e-02
4.361297597544924187e-01 2.300331584615751268e-01
3.305205991330470994e-01 -7.445142456384874485e-01
-3.579730392213735790e-01 1.031999615050962049e+00
1.233482472724014123e+00 5.389910580199037682e-01
-1.296100647202889089e+00 1.227994204263804789e+00
2.589842851152228675e-01 4.677664937442269633e-01
-7.996081100343497283e-01 -3.199439289998107228e-01
-2.932582463293087471e-02 -2.375774296521599993e-01
2.389805639269670934e-02 2.042949306245507302e-01
-1.390423025184381878e+00 5.106973926965174826e-01
2.267762512350940618e+00 2.959922362189908895e+00
-7.555188735704634340e-01 1.301026140628724903e-02
5.645148863257398730e-02 8.392685580003167445e-01
9.788933487859008409e-01 4.096625238373716726e-01
-1.349675693607529814e+00 -4.048127226588764671e-01
5.905633343280891623e-01 2.766601283333782746e-01
7.500935591599269259e-01 2.544095064831797259e-02
1.068497604743894769e+00 4.914134338905755683e-01
-3.145251356961713540e-01 -6.652196723685124269e-01
3.455268910266706683e-01 1.181957213299201115e+00
7.257143254828335444e-01 7.451852795348923308e-02
-4.410423248626891279e-01 -1.106015933638655468e-01
-7.298769669885052380e-01 -3.727560964002050170e-01
6.362117890137728438e-01 1.907599091421516846e-01
-5.666556951658545671e-01 -6.909235990669504446e-03
-9.802609169262055389e-01 -1.411569867899888919e-01
-9.317963430895925825e-02 -1.517118004535715770e-01
-2.251532087098295776e-01 1.588180764868507566e+00
-1.505459469288403129e+00 -2.631229113437530742e+00
3.075398936151092499e-01 6.298930301528158360e-01
3.128328453208886195e-01 -1.030297453231345806e-01
-8.962968641582782503e-01 5.795006864577558758e-01
9.163872054057282668e-01 3.435446521287799371e-02
-5.555930133352049438e-02 -1.896319053208355143e-01
-8.215600583730111595e-01 1.278072917042290868e+00
-5.509115828863064834e-01 2.891531779150353643e-01
7.980209680743932665e-02 2.300218429661624597e-01
-9.104599094955183602e-01 -2.937800198314217681e-01
-5.874365634408391657e-01 8.775863190602040120e-01
3.743667357430693343e-01 -1.388422460293286198e+00
-4.877479496570042983e-01 -4.811523882490678083e-01
7.196741631697793906e-01 -6.196965984406914707e-01
-7.956638545348049263e-02 7.937502970452632312e-01
2.999254725445574365e+00 -1.269734237518197917e+00
-5.946302347420040491e-02 -2.008201360573284688e+00
-7.151732687205525352e-02 -5.972182273920676465e-01
-1.657593467085609618e-01 8.492921197436769098e-01
-3.211891135854649804e-02 -4.225480632606708475e-01
-6.737692093115406067e-01 1.711540702421790350e+00
5.676233286697556224e-01 -2.988088286048116160e-01
9.101041904440108077e-01 -1.048510552165458520e+00
-1.579148797834564411e+00 -6.800284811470040935e-01
4.617622255956508326e-01 -2.699489224963560474e-01
5.924383577061576034e-02 1.035128913213538837e+00
2.982832796201525305e+00 -1.548569545441873530e-01
4.345849015624358991e-01 5.268344662843258419e-01
5.636168603026172619e-01 -4.662416866457985698e-01
-7.187603685271231058e-01 6.089396140452163486e-01
-1.120669829118683847e+00 -3.786331787426684414e-01
-6.530894367898305575e-01 -3.020994735673561138e-01
-1.198209423771221305e+00 -2.988196120105143905e+00
1.779439234202553344e-01 -3.636663294074553576e-01
-7.988440884528977826e-01 2.021453724734327828e-01
-1.531032849214053471e-02 1.134592373927913123e+00
-6.115329173947081642e-02 2.601916494818095060e-01
-1.106075209301035089e+00 1.551923050793448944e-01
-4.299887174416650026e-01 -7.673857170684517115e-02
1.175090738156675307e+00 1.296800442472968662e+00
2.934454113047681112e+00 2.541765454479259390e+00
5.056164313654845088e-01 -4.562007853634497678e-02
8.761815424294363552e-01 1.682734629644721203e+00
-4.744614929107204837e-01 1.329525905340343428e+00
1.528847106602768235e+00 7.166741236318232566e-01
6.763736180557122779e-02 -7.030741537052689338e-01
1.545671236324155373e-01 1.274603892705473029e+00
-7.968460445804064207e-01 -4.774131389046587515e-02
5.982861936959578131e-01 1.414580839099777165e-01
4.158232396995975577e-02 -1.289578180467110036e+00
-5.256443506782177977e-01 6.744246495779115946e-01
-1.080509627736872647e+00 4.520162087764378889e-01
-2.179577327237938178e-01 -9.111364866703741683e-02
1.124060843501082374e+00 3.021868439240327220e-01
1.920825004642896516e-01 -5.067842957793011749e-02
-3.384477682779980512e-01 5.697354863774850564e-01
-6.999529127730763634e-02 -4.022671143293523599e-01
-1.524345988703165622e+00 6.602248142723929902e-01
6.442592336932495556e-01 8.763784001176251337e-01
2.989900501706817870e+00 -2.779411839270657936e-01
-1.708803699085033045e-01 2.547819439900793625e-01
-3.715113754328727147e-01 8.666907909123207077e-01
-8.877395838290587093e-01 -2.060149397379769098e-01
8.104795952702934514e-01 1.351526234594712328e+00
1.271636413676157318e+00 -9.017343633360423993e-01
3.581189940106375147e-01 5.733233678095839281e-02
-2.877112507689588483e+00 2.984320221437815945e+00
1.101824788686301737e+00 -4.447735783476236548e-03
7.439081273519221327e-05 -8.837495100159760142e-01
-4.367502115063270907e-02 2.365355737445042905e-01
-2.999418295873951479e+00 -2.514501673737548071e+00
2.424999029765384506e-01 2.709476529552419244e-01
1.681557659738514232e+00 -8.446148350863298404e-01
-7.825958692961094698e-01 -7.538650757324507623e-01
3.763321724138815050e-01 -1.142449873672218841e+00
1.035340861921770994e+00 6.089088813157577107e-01
-6.414425637441212302e-02 6.417728407348470832e-01
4.572887389554440851e-01 -5.589042915454669469e-01
-4.415735524250585797e-02 6.167802583925539039e-01
3.068203833084872656e-01 7.615351545271034084e-01
1.645051224099134402e-01 1.209873848796600981e-01
-7.137337510328944923e-01 3.962541620436570433e-01
5.727339797340142979e-01 -8.439758135975763409e-01
-1.038386298562517629e+00 -3.476941289102120081e-02
7.983976073742846680e-01 -9.945557923989936100e-01
-4.949054921865636558e-01 -8.764294738106035432e-01
-3.489371831869387819e-01 -3.845726571785696990e-01
-8.271032404386344794e-01 -1.515070356331746915e-01
1.501463704674698363e+00 -6.481428015018666500e-01
-2.635495582021835759e+00 -2.157245300279930778e+00
-2.591485354561658294e+00 -2.139307464151782856e+00
9.225088350618184663e-01 2.714086000386779496e-01
-9.433258801911614810e-02 1.506332883035437220e-01
-2.935872344201810868e-01 4.387037565830942398e-02
2.326601998974293650e-01 2.002924210835095309e-01
-3.340489357633282808e-01 -2.619671489267449971e-02
-5.307973368922400681e-01 -9.936584144694755594e-01
-1.395956808189131593e-01 -2.081703192728925345e-01
-7.650755583783332980e-01 7.030061050634568431e-01
-2.655188276250868284e-01 -3.883943545582591028e-02
-5.725040908668734829e-01 -9.583697833997550930e-02
-6.085785689734306558e-01 -4.859258860237893884e-01
4.684799211013999098e-01 6.675048738168998241e-01
3.573661406856909473e-01 4.398671830300378005e-01
-9.079364232443234428e-01 4.645317257786425458e-01
3.509628065391328100e-01 -3.221326679694875850e-01
-3.981383480088065419e-01 -1.291568642949605383e-01
-6.648880547331037505e-02 9.170782394808729698e-01
1.088369087258097778e+00 -2.568996644003211927e-01
-3.955860859121331785e-01 2.513677118631872709e+00
-8.831295893603985370e-01 -4.694502712767656405e-01
3.876389422101218507e-01 -1.904955031919248754e-01
2.791490563169105599e-01 1.027043920509719932e+00
-6.122079497953505367e-01 -1.554692623563934673e+00
2.985286407269371445e+00 1.853116658698990449e+00
-8.079930478803971639e-01 3.456168909909544951e-01
-4.633211644402925877e-01 1.278693530326453498e-01
-2.551242823920909508e-01 -7.555707993019815660e-01
6.026541847797162177e-02 -1.752451281516620440e-01
-3.771833325418798566e-01 -1.974784127921336285e-01
1.545447850755792274e-01 -4.577274997893185926e-01
1.072126021385679806e-01 -4.077677577461926717e-01
5.068212280910864287e-01 7.673622001955888727e-01
1.110364895989661704e-01 2.414621997391153130e-02
-6.581964251123801901e-01 4.076517211700583232e-01
-1.082611842775320410e+00 7.853393546829394722e-01
-1.336917285250178722e-01 -7.758002581111700380e-02
1.864630097508054973e+00 -7.849386955769190877e-01
2.147135895692069418e-01 5.745813097169198969e-01
-4.839867821577286122e-01 -7.506183386944513813e-01
-1.892774611912737548e-01 -6.263427119157758405e-01
-4.558055129966360752e-01 1.624906822724243582e-01
9.281061417379885548e-01 2.033081757519177302e-01
-4.567819626270464006e-01 -2.679598794705446707e-01
-1.957081156469095973e-01 7.614117543198091198e-01
6.777091243533117648e-01 5.570967337567380717e-01
6.393877542447778950e-02 -1.189445282048722241e+00
-1.792934161763084067e+00 4.941681383571960851e-01
-1.926691695739612964e+00 -2.998246508816404976e+00
6.900588748701252939e-03 1.408717896505486955e-01
5.950800286240465198e-02 1.424697195589033072e-01
3.373150325818752293e-01 -5.809694483870537773e-01
-2.622204329514499221e-02 4.476154970118217946e-02
5.409986673965128112e-01 -1.255506589678635043e+00
-1.322370646707842212e-01 5.526393778848692762e-01
-2.997641980847024712e+00 -3.102264556979497101e-01
-7.847299899500281839e-02 -6.544422471856288226e-01
