2.178439293589829462e-01
5.812901755911965146e-02
9.891503869320297793e-02
9.229565582735119178e-02
1.474658294465684416e-01
1.204826488938095241e-01
8.304107035263557091e-01
1.499946147000669472e-01
3.095117274880686553e-01
3.080001940546118200e-01
5.230618049618503962e-01
8.362183000382596154e-02
7.675936708544560394e-02
1.064124510161521681e-01
3.644123276845696036e-01
3.673502940144027229e-01
1.490653939193880284e-01
1.735237810053125163e-01
1.755377114297359820e-01
1.030244895549810302e-01
9.742739286983272129e-02
9.798320818286185285e-02
1.789200298755792007e-01
1.585010456633700882e-01
1.519415773144903170e-01
2.334469078362020888e-01
1.806888699638679596e-01
1.386077659256621519e-01
1.677591892404000529e+00
6.664691699083585830e-02
1.125045010577222504e+00
5.283667829238567482e-01
6.134644663412301968e-01
1.716889460145321900e-01
2.241785657707910939e-01
1.102561181004832191e-01
1.301639326357372506e-01
8.975981320153289533e-02
1.435536561490652341e-01
1.316403832895020887e-01
1.024352130607785322e-01
1.186557053470938122e-01
1.171659714627569099e-01
9.215342152615391136e-02
2.617289981834720614e-01
2.912885436066625644e-01
1.774609003084313963e-01
6.557975270981890592e-01
8.098270432192702373e-01
3.694484472294207733e-01
3.919943478935023484e-01
1.535954780426375343e+00
2.240196151837101912e-01
4.991612340725656294e-01
1.241877043197334718e-01
1.145248317215712547e-01
2.055485604001688893e-01
1.063663087329415335e-01
7.396327774763954144e-02
1.894548099215483394e-01
2.679282663342146265e-01
1.039957731776086636e-01
3.097776075003381147e-01
4.383585980667479842e-01
1.196551071115240644e-01
7.124904091140753515e-01
4.863880849309580867e-01
1.134390685824561568e-01
1.260793557628280936e+00
3.612295928144810819e-01
4.622361441742792731e-01
2.431651841348999588e-01
9.858618702228967579e-02
1.839910871365633416e-01
8.463771506969047786e-02
5.621245049900766011e-01
9.848035580980800396e-02
1.397061690100116493e-01
7.956775595777125509e-02
2.834725085695745661e-01
6.422487655715913846e-02
2.597678776175585957e-01
1.143134481941139036e-01
1.101560985064138493e-01
1.553660441300163397e-01
7.834396624222675354e-02
3.850044138429220553e-01
7.746796311842844007e-01
1.202744603115542682e-01
8.575698245058316349e-02
1.932695162298939118e-01
4.919504162404242931e-01
1.677561151367173431e-01
1.806753240004826400e-01
2.996519821521985150e-01
9.752754498942871331e-02
6.307062840566682316e-02
1.059081891645601153e-01
9.663696953083773522e-01
1.668992093120875431e-01
2.724855236131447644e-01
3.277610971619662750e-01
1.014711163443003938e-01
2.142017730770241268e+00
1.152909325727662637e-01
3.334447448721041818e-01
9.729351715959695390e-01
3.185132306376985967e-01
1.113703095870121618e-01
7.575935645290114984e-01
2.705574096406859752e-01
7.342570894673678961e-01
1.359610566042342150e-01
1.764133291850143448e-01
2.152554024131185795e-01
3.594655932657578878e-01
9.468405232007713612e-02
2.340465094142587243e-01
1.302591416157296567e-01
7.287251253095217152e-02
2.244078384769896406e+00
1.467362117608408956e-01
6.526374124064900917e-01
8.800423066462660371e-01
3.655151918202753647e-01
6.711764200329820018e-02
1.798885270020460503e-01
1.857531478438711747e-01
3.991820822418353232e-01
6.101008004977670485e-01
1.052149121089911432e+00
1.098507674168544695e-01
7.771024449970007630e-01
1.038695347939851299e+00
1.474830522100960550e-01
2.897982424898518650e-01
1.273051278754321114e+00
1.056533018556911757e-01
5.900734537877890817e-01
1.140935642200180400e+00
3.659675250320982842e-01
1.464969860977097804e-01
1.210262488508191264e-01
3.385410550424565734e-01
1.934350846439951144e-01
1.612961655239227632e+00
1.329466207641807562e+00
9.339498629184732614e-01
5.197123672324407417e-01
1.714201684248587709e-01
6.829525967449789903e-01
6.388766989108155547e-01
3.576627335114525574e-01
1.658943160020969421e+00
9.627516537843720801e-02
8.396751049571153924e-01
6.253899005907265218e-01
2.085540823529862531e-01
1.469704717168815122e+00
7.221416403676564899e-01
7.061796791628754955e-01
1.778048973387812703e-01
3.721221284267208773e-01
3.845484762070786044e-01
1.709575875065755701e+00
1.479233058530841527e+00
7.872688465425101145e-02
3.729877417792286098e-01
3.186851642801439288e-01
6.678253630510804228e-01
4.596570642256943562e-01
2.347478696224978012e-01
1.300555669269191084e+00
4.332017465389353394e-01
6.289024852796339937e-01
2.215225028314041500e-01
7.374590427838799422e-02
4.156687097249034402e-01
1.133209148366041974e-01
2.751513899902450433e+00
1.473046506613537865e-01
5.808897730674936200e-02
4.517535579333773477e-01
1.097717352345583430e+00
5.586887305345151350e-02
2.149120411052496127e-01
1.788602865874461822e-01
2.025730140835838800e+00
5.050261785594294395e-01
2.849250946261091544e-01
9.520961312268588772e-01
2.548097925804243769e+00
1.955482491164632020e+00
4.842410115507969071e-01
4.988036371944731262e-01
2.626554074045304166e-01
8.101885156082021255e-02
6.607397742736106361e-01
2.859519080573125205e-01
2.687402777425735301e-01
1.933798485297356651e-01
2.819772547302634713e-01
2.130730873265193281e+00
2.124739265441825953e-01
1.409016620361386973e+00
6.036294418513619142e-01
1.479743920759723774e-01
1.113696014945529805e-01
1.814343864622146862e-01
1.694738810984859623e-01
4.245328001826844111e-01
1.504125596679224630e+00
2.207657339359796467e+00
7.404343406275137873e-01
5.057942906833209351e-01
1.495872154843108648e+00
6.011860094945479238e-01
1.223715829327813642e+00
2.211749506559271827e-01
8.606006801487691149e-01
2.291757850588405920e-01
5.479672511310471616e-01
2.167359673899985073e-01
6.759024569705751606e-01
2.479954618998752580e-01
1.581643953743437248e+00
8.813923860751995965e-02
2.144397739564247451e-01
2.393515093458790766e+00
2.283759274134392392e+00
8.681986750789280616e-02
3.537209222232596262e-01
1.091068619550924074e-01
7.320285693377506231e-01
2.989232142441949236e+00
3.253324699605233405e-01
2.095529497980468392e+00
1.015866061630310152e-01
2.487098661326004878e-01
2.157671658422829264e+00
4.810791387146803322e-01
6.631290313280338022e-01
1.270855374710131436e-01
2.738007183946786771e-01
4.587528382531765314e-01
1.125851809406365867e+00
6.796471782874988765e-01
3.300608983294054388e-01
1.074701090623920441e-01
2.056918086919916622e+00
1.888162981970759491e+00
4.557560537650645061e-01
1.452496952771580307e+00
4.077002486365140510e-01
8.208045323917377567e-02
1.434769834806490341e+00
8.750463422005598790e-01
3.223927052419683359e-01
1.901571454324589627e+00
1.820425919187708963e-01
4.956358822255548247e-01
1.315046794942966502e+00
2.575417973954439166e-01
3.048606962697030243e-01
4.713003409190155146e-01
2.619207025192982763e-01
2.334708486848741105e-01
2.298252923400729009e-01
4.298427358653338359e-01
1.679642502601394805e+00
6.658089514569274225e-01
2.198756431307430648e-01
1.483277272958122006e-01
1.048937864007717602e+00
6.956637066651821799e-01
6.170177929295330710e-01
2.755070386825799300e+00
2.699841727006719871e+00
3.843319309936797379e-01
1.719457555270909044e-01
2.077640880161769843e+00
6.190118718789770075e-02
8.880646515455612455e-01
6.149131201765833943e-01
4.785862673959733193e-01
1.218471957791233073e+00
4.010278850697355235e-01
4.568482856849480078e-01
3.638241448314468718e-01
1.051038337034308490e-01
4.922391917164545827e-01
9.889600609407867005e-01
9.359961685922438823e-01
3.979145092568389108e-01
1.521845192922332446e+00
5.681659844723203623e-01
6.087804157102213454e-01
1.019090167811925518e+00
6.729465835376545746e-01
3.443696626577263942e-01
1.039916506208404812e+00
2.396311420174263240e+00
9.126743818507031536e-01
4.365410911997172905e-01
8.751248163437543859e-01
1.443517180122300569e+00
4.614191057771194204e-01
2.545680997009799329e-01
6.850480462308881913e-02
2.648669455764150471e-01
1.931221809310879278e+00
1.176605114893294557e+00
5.897577034650867134e-01
6.201950567500236211e-01
9.854161842507591640e-02
8.225623128163269682e-01
1.406476515330352006e+00
2.241733503029937236e+00
2.278210284827769438e+00
2.267906412780666514e+00
7.944550142435221618e-01
2.129903764711922054e-01
6.578835600978198972e-01
3.477028879131505712e-01
2.117350222345175947e-01
3.322751466694671141e-01
1.677845458590745631e+00
9.751624060416046180e-02
2.291808130468373506e-01
6.425570571682467924e-02
2.438612666933092754e+00
9.430152713972123069e-01
1.956213434964034770e-01
8.482890746432676377e-01
7.679559622005759367e-01
3.084537897076016222e-01
1.220286263908067825e+00
5.374615561392526164e-01
2.013074384003830652e-01
1.000099073253000848e+00
1.209853866587055071e+00
7.668045741900203494e-01
2.034512838874222407e+00
2.633691700950205328e-01
7.251342600226829971e-01
1.070279457727283112e-01
1.075956145476122172e+00
1.048535490712759477e-01
1.933987314632835686e+00
1.546944562427732928e+00
8.837176250875967976e-02
6.026596605621857838e-01
3.140044393049325477e-01
3.767751475194336952e-01
3.614276241618129548e-01
4.755880765702871216e-01
8.105322751906872680e-01
1.259059565674164549e+00
7.233661629329432019e-01
6.733598973868578641e-01
1.288074706903626909e+00
2.063155369437360775e+00
1.040079379378261226e+00
3.387211113337669222e-01
1.455906045434654406e+00
1.068535946674512571e-01
9.701301562536047973e-02
5.889762663948004962e-01
3.001451637702421404e+00
4.872094034317927536e-01
2.560501109266983377e+00
8.856880829151728696e-01
5.346355970172164129e-01
5.673472532097677545e-01
1.866874745719397488e+00
8.512675423664546326e-01
3.163944022315978710e-01
2.299054139247017847e+00
1.523323858926228791e-01
4.129744406956107894e-01
1.561671821872733235e-01
1.023918560125228083e+00
7.342326987673993832e-01
4.193413060832534289e-01
2.152901043348215637e+00
4.503705742670183199e-01
5.681491051094709199e-01
1.703767243369300077e+00
6.833180337345825528e-01
1.406852700181088489e-01
1.861569120479061645e+00
5.757007431756827609e-01
3.106021930115103746e-01
5.491762149913238522e-01
2.981677379226257418e-01
4.996336333666541729e-01
1.029810674681551186e+00
6.994417627870846976e-01
2.744267769358966547e+00
4.660307927477989054e-01
2.261323145220808684e+00
1.854309414494460739e+00
7.125073382667725941e-01
2.372371625954220686e+00
5.955809241006718713e-01
3.308605801128899904e-01
5.363939895298747151e-01
2.176327470742885239e+00
2.283709974045188940e+00
1.114540297479751363e+00
2.231701688654047500e-01
1.077971644714011967e+00
8.523456790465028243e-02
7.989955114890006094e-01
1.731383910834112916e+00
1.746948391139046652e+00
8.432331511890344133e-01
6.703460608481011107e-01
1.136507598630695171e+00
5.712379627564309059e-01
4.525707798020260908e-01
5.030360486802024633e-01
3.053799221538286979e-01
1.277144005473413779e+00
1.249819166762087708e+00
6.101984266093053444e-01
9.481667680924499297e-01
1.174104800569286233e+00
1.971944594910367554e+00
6.469515095192284182e-01
1.303719153112211870e+00
3.787450649897534660e-01
5.386440159030760899e-01
8.887850435415297623e-01
1.100051672887031540e+00
7.014974586004342483e-02
2.506072668883742693e+00
2.232674738131474879e+00
7.317596078047068353e-01
1.406472609904621640e+00
1.021271129092149232e+00
1.593781805466913726e+00
6.910864307965002284e-01
1.904064610990161555e+00
1.416617934525552069e+00
5.118316201979409286e-01
1.557526969287828633e+00
1.351904645873141797e-01
5.373536510331798910e-01
8.876599593848255587e-01
4.362174371193736633e-01
2.326423762290074082e-01
1.036405627710881433e-01
7.827787389387330652e-01
8.075597246892700642e-01
8.686918957420869392e-01
3.233023634691742920e-01
1.091052385075650832e+00
4.040376357151409525e-01
1.293755801851527165e+00
1.699685509781156956e-01
2.005926017390327942e+00
3.994484886146777436e-01
4.874560162106730821e-01
4.590910008833473666e-01
9.020104537956269430e-02
2.648144928410807175e-01
6.043697957640278284e-01
1.337508530901089676e+00
2.136529210043667693e+00
1.767821563970509990e-01
1.270244876425773439e+00
6.895617332694031765e-01
2.855807833734917978e+00
1.744821827117583712e+00
1.006496605042082715e+00
6.565264397356229686e-01
4.668555066690120436e-01
2.842648070056420506e-01
1.623697270358630984e+00
9.330645197646898481e-01
2.581957534853989156e+00
2.685951542478690168e+00
3.961826979537229065e-01
7.025487737574619140e-02
1.109904970937992674e+00
9.638010930164040424e-01
6.867869739401883944e-01
4.318725727482128351e-01
1.323966923223290904e+00
1.119460307963129342e+00
5.837117701900247368e-01
1.147521623518040990e+00
5.415910261592812303e-01
1.159804480004817728e+00
1.863061115082418340e+00
9.983352815647166256e-01
1.296756528657248442e+00
1.535752908833004637e+00
7.628714958133324675e-01
2.764730441550976803e+00
3.444697997640628895e-01
1.050445010090772235e-01
1.217513667817122336e+00
2.280608238274067556e+00
6.806568353930272375e-01
8.540105371725283945e-01
2.709681263575848931e+00
3.790130885386799320e-01
1.394480110236214321e+00
2.568855454560084794e+00
8.030554997107451909e-01
6.919268572972877562e-01
4.170372422975804350e-01
1.250929310518053894e+00
8.117181085600854162e-01
1.034799967180077385e+00
9.142644872975463910e-02
2.290211708839653693e-01
1.445537204841246703e+00
9.269788488591199638e-01
1.962406222335493888e+00
2.692995891111630846e-01
1.348648660706828206e+00
4.429357039619395975e-01
3.043075036741333950e-01
1.623121630589046793e+00
7.117429115409363849e-01
1.080932418813476126e-01
1.255621115119236686e+00
1.156008856675436736e+00
8.214065641533523365e-01
5.782807188189673653e-01
1.179537518479741642e+00
9.350144503189303236e-02
2.024630689081023505e+00
9.910659082563560984e-01
6.182249266850061709e-01
2.491035885612274292e+00
6.339196375016662444e-01
1.920199926246285216e+00
2.947652957868814871e-01
6.492835047018565009e-02
1.701463966317888321e+00
2.544989089744149058e-01
4.305236365450412217e-01
3.143670183687430342e-01
1.206435496124315776e+00
5.054318561919288744e-01
1.033866518758025155e+00
1.412515647583730383e+00
5.013182229840973392e-01
9.423733145359277641e-01
5.876063104274334981e-01
2.591967744439557020e+00
5.935318083938018185e-01
2.706623721121096615e+00
1.300144262476846224e+00
2.013214044150838156e+00
3.236740894634772547e-01
6.608908942367324180e-01
1.069889881192663678e-01
2.357856948685727705e+00
8.202277149933389078e-01
8.616799288460949002e-01
3.554291381439630415e-01
3.622946835829806145e-01
2.166677233098179833e+00
5.709736337977469600e-02
6.476526020835785546e-01
9.000793133791017420e-01
2.578272584163547876e+00
6.390091256276818343e-02
2.163477399314667426e+00
2.583304876876710288e-01
6.619146284050596574e-01
5.628039647712861360e-01
5.641110116733140112e-01
1.340506176822558349e+00
1.174416053898378332e+00
1.403769313159863197e+00
9.959419953049937213e-01
2.690342523133120167e+00
1.003579539098346851e+00
7.297568804735033998e-01
7.094940866199350715e-01
5.110959013051294964e-01
7.445683355942519510e-01
1.667630316684679315e+00
9.642698000753607834e-01
3.328360377290121019e-01
8.382549904461472634e-02
8.604050630949709733e-02
7.970126823711943809e-01
2.765570666335534611e+00
2.391668913649698247e+00
2.357112863812120818e+00
2.261036893105150103e+00
6.253506429002937406e-01
2.545683331563923346e+00
7.094421531580612506e-01
2.487508048194990273e+00
1.499372526519380466e+00
1.067814962048801108e+00
1.004988569250253150e+00
1.535641398674771230e+00
7.298533438359938730e-01
1.795511534973925238e+00
1.979431177386001606e+00
8.507356568187393053e-01
6.326932703317367235e-01
1.469494540621464340e-01
7.517093331980934101e-01
1.935911696508673563e+00
6.836469014041668402e-01
3.203210665118821909e-01
7.888938710373148699e-02
9.071909207873083414e-01
1.782476948332857303e+00
1.035222801322382091e+00
2.744668117376223293e+00
1.955932872034736647e+00
1.774942430599646404e+00
1.969399136244911919e+00
8.505480693581188856e-01
2.916198867383072102e+00
1.075960139175108798e+00
4.719638591079454160e-01
2.825719734062242416e+00
2.260922095972495438e-01
1.415938010881343745e+00
8.867833926257201460e-01
1.319032993022186462e+00
1.772540864866245736e+00
8.112173679661845993e-01
1.638129741123140359e+00
1.054797215146271228e+00
9.093832113146391727e-01
5.717983629084036901e-01
2.639347618857698086e-01
7.673641254155420810e-02
2.858020847316990132e+00
2.826145504336671443e+00
1.279906730776183332e+00
3.005790427845132395e+00
4.547570499309129266e-01
1.531635338399564672e+00
1.062462386935182496e-01
1.308125465261599896e+00
