-1.647687251412563336e+00 -1.867887728265075209e+00
2.548225089216168193e+00 5.095054468900155342e-01
-1.542072328248215385e+00 -2.786139299394245761e-01
-1.671619794550793570e+00 -2.731182162229100818e+00
2.612562074048452310e+00 -2.806823476428677466e+00
-5.817431071826151268e-01 -7.606804018096573472e-01
3.664553437155948501e-01 7.041021061757155586e-01
4.971498859349767763e-01 7.528319930888534017e-01
1.792956534336493490e+00 -2.184793903125433090e+00
-9.394794413479665707e-01 -1.591198872171460721e+00
4.649440860812843468e-01 2.684053520756163103e+00
1.014946786782820354e+00 6.416378065821959353e-03
3.624070865086910231e-01 -7.425616200607798589e-01
2.108812601262230579e+00 5.815515546515910295e-01
-1.952992874563535874e+00 1.985599490038264747e+00
1.471751237148092528e+00 -2.738220021554029771e-01
-1.582633488377400033e+00 1.697942691115668978e+00
-6.307064247791971390e-01 2.647175810005840901e+00
-1.597387844375364407e+00 6.808841955681543823e-02
2.772469277082560524e+00 -6.622227394425945768e-01
9.579837325495264011e-01 2.522515661121773611e+00
3.917380221934099183e-01 2.461433227278014613e+00
-2.119512415635103508e+00 -2.645367381146661145e+00
1.128255044004848884e-01 2.792236825551423607e+00
-1.865169750366901358e+00 -1.529397519931543492e+00
1.977442310748894982e+00 4.300083615666379089e-01
-2.325846011485879217e+00 7.152532767673949188e-01
2.030417438273873998e+00 -1.589035233252279911e+00
-1.847812403813134274e+00 -1.507096413333539386e+00
6.362117890137728438e-01 1.907599091421516846e-01
3.723674639194847202e-01 -1.175010701079562958e+00
7.100752159673131558e-01 2.460635029976780963e+00
2.495272338403800916e+00 1.719548136987694598e+00
1.257535294068650167e+00 7.892599725202273930e-01
-1.409341836159223593e+00 2.583153625502090378e+00
1.195845742180885019e+00 -1.417311970424606216e-03
-2.359082062562330329e+00 1.584024596882343872e+00
-2.829054903050596703e+00 -1.740289899707118781e+00
-8.252080961998475850e-01 1.729405193380246786e-01
-7.815613227509086158e-01 4.360889306844768498e-01
-1.365594899223706804e+00 1.541869397441457679e+00
1.555978941227457391e+00 8.700122082173238347e-01
2.626989810113424362e+00 -2.199058501836551827e+00
-1.528193135280043746e+00 2.051365541387573543e+00
-5.874365634408391657e-01 8.775863190602040120e-01
-1.851846734785679960e+00 3.184587331199306703e-01
-1.951404741862130532e+00 -4.748497422745283636e-01
-1.208022062179771261e+00 7.465725710374591095e-01
-1.985939422812892596e+00 1.732989295319336875e+00
2.879995298661814473e+00 -4.471203595879078563e-01
-2.495872321207648792e+00 2.221265244782181014e+00
2.990481351545445143e+00 -2.577264818700171212e+00
2.581993980038180148e+00 -1.659896534992388206e+00
-1.576715654138714173e+00 2.026876523417756815e+00
-1.874075930670131562e+00 -1.383653159428853030e+00
-2.143240303181997319e+00 1.698377924409092188e+00
-7.073961447051626550e-01 -1.019815461458572381e+00
-2.755993260665060340e+00 -7.108277149449531152e-01
1.280215578114590080e+00 -2.449609340411434300e+00
-4.840062109986824623e-01 -1.953185137328210086e+00
2.737809058531392559e+00 1.828021376056679692e+00
1.821000984643557530e+00 1.457247323975538578e+00
6.256042726966528633e-01 -2.491599718056586088e+00
-1.558957597013600038e+00 5.768469262289777078e-02
-7.135110522392857924e-01 -2.267478502088310588e+00
-5.363939448268206789e-01 -6.633879742283297354e-01
-7.847299899500281839e-02 -6.544422471856288226e-01
-2.613418466522359207e+00 -2.417993183397984858e+00
5.225888092982993172e-01 1.528134411272288773e+00
-2.645379654270762160e+00 7.820034192903246861e-02
-1.308929471140542367e+00 1.859531359151278984e+00
1.678465772895599173e+00 2.902265615593638159e+00
1.587185642462840995e+00 2.232219720624302184e-01
5.550712125947807607e-01 -1.298103863936655555e+00
5.657451215199866823e-01 -2.567539293362079533e+00
1.447510411991154378e+00 -1.885399792617564962e+00
1.034835903149579295e+00 1.168725940516129214e+00
-1.369181685020272266e+00 1.236084138377734121e+00
-1.430336417754327627e-01 -2.385938836884384351e+00
-4.012405685229740726e-01 1.391871126672342029e+00
-1.724722100711070460e+00 -1.638518798582808467e+00
-9.361009392840582422e-01 2.159538546241613233e+00
-6.648880547331037505e-02 9.170782394808729698e-01
-6.623279047241688033e-01 -1.225538762760487677e+00
2.857429587362330992e+00 2.754105168790226266e-01
7.199538398353766411e-02 8.014733394866562222e-01
-7.517219024490540136e-02 1.995186512217508756e+00
-5.126227218456307355e-01 2.939602420601880262e+00
-2.519378137163704068e+00 -2.835978365586001804e+00
1.847819068556866284e-02 2.558686875225242296e+00
-1.844663874269589554e+00 2.157779370435486399e+00
5.595575815773301542e-04 -3.715488101034281065e-01
-1.862364313090220769e+00 2.906269849834810515e-01
1.851720263059012161e+00 4.926151377248486618e-01
-2.774367357745366469e+00 2.181819449052904147e-01
2.634876119620011892e+00 2.456532211385348496e+00
-2.836276658895187097e+00 2.811412395993222901e+00
-9.157834777631230772e-01 -7.784239513971158431e-02
2.712375234327199180e+00 1.875988000550006696e+00
8.178367551359011500e-01 -2.664878700044554183e+00
5.736476016158729152e-01 2.610801883657085654e+00
-1.381978401657910194e+00 -1.588548607945918567e+00
1.783318844152430138e+00 -1.184662131949078434e+00
-4.934325449373178074e-01 -8.778837449767706858e-03
2.536239144576525106e+00 2.432139754516125407e+00
-2.570338323349172782e+00 -1.924165841561442214e+00
6.446513610873214617e-01 1.554518603773715313e+00
-7.365586864481441509e-01 1.239537868118700814e-01
-1.154468464951185158e+00 1.339318840292025747e+00
-1.218317485278572754e+00 2.728135347623552143e+00
5.395387624546188476e-01 2.945658397634050907e+00
-2.803456801524137454e+00 2.633970782742616201e+00
2.161357201022175545e+00 3.525886887604876563e-01
2.156935925193515402e+00 1.023673785376075784e+00
3.564365745228803561e-02 1.686059728872352004e+00
-2.438537425095115729e+00 2.394324701065819738e-03
-1.193952341520562177e+00 -1.785564028278097126e-01
-1.052170066782020408e+00 -5.401906581708599830e-01
-1.348841816336839861e+00 3.087681009411298305e-01
2.196464576242317612e+00 -1.069142484341796262e-01
-1.007618553798978134e+00 -1.576679294357230532e-01
-4.775879164177165848e-01 7.310596037359209376e-01
-1.988605906469634199e+00 -2.642345725783004085e+00
-1.559429075032739531e+00 -2.800429095474269214e+00
2.879356782369461243e+00 2.070980880268793456e+00
2.668958723765285868e+00 -5.537318386917213786e-01
-2.675388278322126112e-01 -2.932129303734766879e+00
-1.653694403736092777e+00 1.180780628435279311e+00
6.392125830992609892e-01 -7.454350296111345031e-01
1.451637152736460656e+00 -2.228435035936723985e+00
-1.001949138504051318e+00 -2.839449899678276878e-01
2.144906994501579511e+00 2.095599283466521356e+00
3.531128066059450177e-01 2.623664467608930906e+00
1.906543162158746973e+00 2.479528663031760338e+00
2.152744537601789077e+00 -1.908343469821617955e+00
-3.413925672708035819e-01 2.852800698295563819e+00
3.225108756617718342e-01 2.680607849027081713e+00
-8.194146418428185363e-01 -1.825208148670387942e+00
-1.341381591807724982e+00 2.289795483446637192e-01
1.125033150966138429e+00 6.047231780761883613e-01
-1.428001771683986121e+00 1.600136240472910032e+00
-2.826256497268693213e+00 -2.676979914458384791e+00
-1.854963820389116336e+00 1.087028998788834855e+00
2.569243314763055785e+00 -1.674845777223705090e+00
-1.182850171694528552e+00 -1.829055016124438993e-01
1.043094048101205651e+00 -2.502357667069007974e+00
-1.082099328827684337e+00 -2.579076149203875623e+00
-1.198209423771221305e+00 -2.988196120105143905e+00
2.212673217330120679e+00 5.119110733125178392e-01
-2.243529117616809287e+00 3.106121913795609757e-01
2.290623738496844197e+00 -2.188557155325714376e-01
5.334522198364632928e-01 -1.575906429229266603e+00
2.347748927875296765e+00 -2.729820186229627410e+00
1.433768139967899202e-01 -2.488860135241705240e+00
2.710654158203110065e+00 -2.620816102295601802e+00
-2.317221861315559295e+00 -6.329365880257116217e-01
-1.505459469288403129e+00 -2.631229113437530742e+00
1.127676078044938635e+00 -5.022339832977689156e-01
2.357332251150907609e+00 -3.779737937734939379e-02
1.917512134090670450e+00 -2.346431795718412872e+00
2.045446988721194792e+00 1.311334186323122708e+00
-2.174023554326381280e+00 1.588371041889987900e+00
-6.698837236938652850e-01 1.418446835674045836e+00
1.259571620510171464e+00 -1.107956523837708929e+00
2.067161659376873573e+00 -4.198316664417856003e-01
2.147382627227362839e+00 1.770013558524594188e+00
-6.479420404217792751e-01 -2.498552261154197485e+00
-2.995413687130871860e+00 -2.368467123426478693e-01
1.604541106448719390e+00 -7.511652059354823052e-01
1.607174494052824087e+00 2.363401650244121299e+00
-9.017956737067827078e-01 -2.487413611113709067e-02
-5.149243828385841049e-01 -2.364608080486250152e-01
2.295612015018420493e+00 1.999984615676895672e+00
-1.918163634913443882e+00 -3.206338890431306154e-01
-3.136719699883627754e-02 -2.510994115780616820e+00
8.633738658699767754e-01 -2.658399835230143893e+00
-1.271522471485470929e+00 -1.428724677504466412e+00
2.824452057128366889e+00 -2.936150825304002510e-01
-6.453128723914680620e-02 2.129040543149902653e+00
-1.114464058227671472e+00 2.294323594545488731e+00
1.686274933163741885e+00 -1.292902765863465087e+00
2.588432803589125974e+00 -1.232125639653166793e+00
1.677306528880807335e+00 2.942764573983716048e+00
1.779532068043724991e+00 -2.023558438948709792e+00
2.125427837498296668e+00 2.571271997884787552e-01
-1.870834439821072781e+00 3.158312808853778186e-01
-3.211891135854649804e-02 -4.225480632606708475e-01
2.085015613622411834e+00 -2.778314116337108786e+00
-2.475556103029536104e+00 -1.424518639220190286e+00
2.243001035319744929e+00 7.842683027302919108e-01
2.638810861016921194e+00 -1.672828908270257875e+00
1.517555489879653052e+00 1.156562790366578497e+00
-1.630505372307684331e+00 -1.365231647035782814e+00
2.376260949450012205e+00 1.489303043930705783e+00
2.548847822396104412e+00 6.620773104997601521e-01
2.495494740059742256e+00 -1.991142704480769465e+00
3.082499141291439315e-01 -2.340164779866098499e+00
1.371514007847577155e+00 6.240205972680796798e-01
1.453408729050759796e+00 2.047607644665609961e+00
2.656575452597695453e+00 -2.403057714274984491e+00
-1.172892072476278580e+00 2.134205873899655437e+00
1.523257130767477818e+00 2.397810517328188951e+00
-9.893598119070130537e-01 -1.407931544744624563e+00
4.457001261052990770e-01 -4.331795370543094492e-01
-2.476400158943802943e+00 -2.649010751150891352e+00
1.757134067861326088e+00 -2.530580108422767704e+00
-1.620880865189880282e+00 1.723476003644109689e+00
-1.869277278532430531e+00 -1.715299338222613379e-01
-2.170071133625368631e-01 1.238676096286503991e+00
1.355753075092890114e+00 -3.846691515883784440e-01
-2.930462463540628892e+00 3.585139472885057188e-02
-2.903686744997627578e+00 -3.824970468972455073e-01
1.852069062417310619e+00 2.191771013953136560e+00
-2.999152018749438930e+00 -8.287182461429436486e-01
-1.282513243042888940e+00 -1.511714365009775740e+00
6.811553980105897743e-01 -1.645971228422205002e-02
1.437671775045280320e+00 -2.764486337445865693e+00
-1.065855065203735963e+00 -4.801318563897716274e-02
-1.581695408037746553e+00 1.104620317310679667e+00
4.084141834676655591e-01 2.346810862633229355e+00
-1.353953079550802796e+00 1.636015554909886482e-01
-2.408557920045826251e-01 -2.921369354421645692e+00
1.496715092381318613e+00 1.258294457156940105e+00
1.528234245065558383e-01 -1.427608042056977666e+00
2.402693474316391686e+00 -5.309286962544974564e-01
-8.292254345570317930e-01 2.944640283285100857e+00
-2.008089057118561005e+00 1.863836281448752352e+00
-2.208954149834987390e+00 8.700136971871188507e-01
1.516533322432882969e+00 1.110799669476374874e+00
-2.349726672575086717e+00 4.032329716028448807e-01
1.968812164389072805e+00 1.758325632042087250e+00
-1.030804514312194442e+00 -2.299651534618372573e+00
7.980209680743932665e-02 2.300218429661624597e-01
-1.198969000583709255e+00 1.326244583638343855e+00
-1.679227955838112685e+00 -3.814833935548342936e-01
-2.507135987808410071e+00 7.866424835797301007e-01
1.425531059500086961e+00 -2.511495749995972027e+00
2.182974873008712180e+00 7.123165457615980856e-01
7.180919523231765744e-01 7.217429973253759456e-01
-1.578107613169809964e+00 8.342299235630221688e-01
-1.262383522878735453e+00 3.029373697047832437e-01
1.722697737935004803e+00 2.962569142210877970e+00
1.337491161337282186e+00 2.107845530419495184e+00
-1.098223018729376221e-01 -2.153176047102147272e+00
-1.589181928598590865e+00 1.330673039713333949e+00
-3.772568109255827196e-01 1.205692695742833997e+00
2.188367210257952777e+00 -5.452638972544447959e-01
-6.661251646541499483e-01 2.093599650950626057e+00
-1.510255626017408481e+00 1.499170024233307252e-01
5.431232858827028664e-01 -1.434500948237411144e+00
-7.259436492227822058e-02 -1.854780473004985275e+00
-6.195153000239983498e-03 1.856764495477585264e+00
-8.496285322480492397e-01 1.034694217148084405e+00
-2.124824500425516405e+00 -1.752511173879412576e+00
-1.762931017594610461e+00 -8.483428590401547176e-01
2.201978382120174160e+00 -1.412629516311274092e+00
1.357035529845764366e+00 1.063641120282007080e+00
1.525835703457792292e+00 2.573479273228794106e+00
-4.415735524250585797e-02 6.167802583925539039e-01
-1.274844359855828113e+00 2.044685463710296247e+00
-2.224491551535061618e+00 -7.589220479268279362e-01
-8.839240364895717406e-01 -8.404067044930938479e-01
-8.007414165375337234e-01 -2.320566323710750112e+00
-2.225004021769943385e+00 -1.943628112998450286e+00
3.760373195593693652e-01 -1.634344884758024197e+00
-7.135758098078062162e-01 1.061237565056848631e+00
-2.917394924653699206e+00 1.532654891177828382e+00
-2.457541705831208567e+00 -2.342072563510288141e+00
-1.787587675280314814e+00 -1.306387723793835720e+00
1.819249165968050086e+00 -1.029243758667680586e+00
9.680768062894178350e-01 1.230869937187728524e+00
5.727339797340142979e-01 -8.439758135975763409e-01
1.093323842843703986e+00 -1.772585630654042177e-01
2.583866352992689741e+00 1.644212486991873057e+00
-2.558389098540092554e-01 1.389596594298964760e+00
1.803957948775438247e+00 -7.087456925725499346e-01
-2.444979851096376500e+00 5.577948754941761678e-01
-1.018072779182030763e+00 -2.080893878893199656e+00
2.589985814285671317e-01 -1.535900788047036336e+00
1.618593416050099876e+00 -3.906254273576776903e-01
2.299836547234859196e+00 1.839990404768337307e+00
-2.664342208345304552e+00 -1.819098500533140816e+00
2.908876555717352375e+00 1.378539305843686336e+00
8.723875928105355726e-01 -1.589976471862257323e+00
2.839917577823095840e+00 2.973620244235313237e+00
1.363412646859663013e+00 6.288443160481413940e-01
-1.352335419620818158e-01 1.448627489569062732e+00
2.762382889320108781e+00 -2.823693735525506288e+00
-2.431398501256625266e+00 -2.099255280783157041e+00
1.745232627315025375e-01 1.928347872844113908e+00
9.782629390063179997e-01 -1.728426823323390593e+00
4.061419807148958228e-01 -9.402678630729401910e-01
2.080972808940211749e+00 2.707781122915494443e+00
1.143834484694364662e+00 -1.237179263109675409e+00
2.225023156961631443e+00 -3.638097551198082868e-02
-9.066099481329450427e-01 -2.786398445790441158e+00
-7.506339566333029012e-01 -5.305441299785940146e-02
2.831702772657198608e+00 -1.549252370118245903e+00
-2.010166392606285157e+00 -2.123736854524187034e+00
-6.199133915834824649e-01 -2.856301007245378720e+00
-7.684619315743628221e-01 2.453601191483064881e+00
-8.427930280811537500e-01 -2.565134077375583299e+00
-1.610308295557935088e+00 1.086035958874160379e+00
-1.115847299694619377e+00 2.768213177844231154e+00
-7.285164404963868634e-01 -1.685856272681395485e+00
1.252566825048399224e+00 -2.240160631724936735e+00
1.883217376856910263e+00 -3.179248786047628172e-01
4.932902528358424910e-01 2.989101701963209123e+00
7.420224659862109107e-01 -2.817526552875800228e+00
-2.952402742832861193e+00 1.265570257168111112e+00
1.313636928539061444e+00 -2.913115845813318394e+00
2.011629614939795196e+00 -1.799814834652750495e+00
-1.187477177288393193e+00 1.364200338896828235e-01
2.889730371738099990e+00 -1.318078778022731212e+00
2.308091365855766242e+00 1.695863205790931971e+00
-2.970141811732407433e+00 -1.098755189224621898e+00
8.651741552292984139e-01 1.240463775280009173e+00
5.946618458752701564e-01 -5.283213887806841313e-01
-2.207033148342371298e+00 2.618839699317690339e+00
-2.924377397820742353e+00 -9.807314728205822618e-01
2.249769869735388284e+00 8.409869829302669686e-01
2.725203044577533262e+00 -4.727167261188318648e-01
4.420769200337151261e-01 -1.497628281851449028e+00
7.135825385849341451e-01 -1.553688477619790120e+00
-1.187419612259410284e+00 2.208332692244637130e+00
2.413793040117335309e+00 2.483784561213921549e+00
-2.482000279109015661e+00 1.187757569032162230e+00
2.124358769605887431e+00 -2.506008782466484508e+00
3.455268910266706683e-01 1.181957213299201115e+00
-6.581964251123801901e-01 4.076517211700583232e-01
-1.593827483271476941e+00 -1.184216619512270530e+00
-1.470458464148742150e+00 1.824341897625330944e+00
-7.521001243588756324e-01 -1.217481070370140861e+00
1.426844265623904207e+00 -1.687677247741655284e+00
1.816349772047844979e+00 -1.594706799659362462e+00
2.375317309176400826e+00 -2.451151466350796504e+00
2.398818442934809170e+00 -8.439301189373082934e-01
-1.080509627736872647e+00 4.520162087764378889e-01
2.826499917752782309e+00 -9.690639057731424977e-01
1.338560397996058526e+00 1.063415140755718191e+00
2.248485719426180474e+00 2.471034578995733533e+00
-1.602507189697009782e+00 -1.381858621880303062e+00
-8.867023570082954720e-01 2.567592676214549563e+00
-2.677718769540499366e+00 8.664889309549570484e-01
-1.836810842042719161e+00 2.883857819628417474e+00
-3.005271991203568582e-01 -2.897410655089639242e+00
1.104502928007701001e+00 -1.206143845811727067e+00
2.459937730094688746e+00 -1.606523657744820088e+00
2.444376853445984210e+00 3.808950312365908530e-01
1.504142229910030437e+00 2.356918462389506530e+00
-7.825958692961094698e-01 -7.538650757324507623e-01
2.054674859738481629e+00 -2.531264765453810739e+00
2.599214029120090252e+00 -1.292524698429955432e+00
-3.530240462204936591e-02 -2.271997733930142260e+00
8.753003245058534887e-01 1.210362256269432280e+00
6.393877542447778950e-02 -1.189445282048722241e+00
-2.079474353025525968e+00 -1.808453844797022425e+00
-2.703011183284242946e-02 4.866639938146919420e-01
-2.907338208343434705e+00 -1.560424987303807409e+00
-7.375044047559953242e-01 1.195977277111115455e-01
1.740801014607233910e+00 2.200035618401314785e+00
5.302039973632606262e-01 2.027317441834608047e+00
2.210983801000402593e+00 -1.571584757017335354e+00
2.406401960536882711e+00 3.049252509046693760e-01
1.528847106602768235e+00 7.166741236318232566e-01
-1.398651228447563177e+00 -1.742617365584869349e+00
2.221547693535589119e+00 -1.693765489976711613e+00
-1.095696324250338582e+00 -2.555838177043367576e+00
-7.650755583783332980e-01 7.030061050634568431e-01
-1.964372279281245026e+00 -8.487741300371745012e-01
-1.171586182271080467e+00 -1.446147624899478012e+00
-2.866017432049162927e+00 1.578010521994798410e+00
2.457020120893831816e+00 -2.161489816122036167e+00
-2.366957520015991356e+00 -2.539596078890742348e+00
2.233097380500233875e+00 -2.784630085863799565e+00
-9.381198548665246051e-01 2.866180991077664331e+00
1.571894987725933390e+00 3.891752572657716236e-01
1.625303463011327665e+00 -2.203139169692456711e+00
-1.331902009987307789e+00 1.949842759491864363e-01
-9.433258801911614810e-02 1.506332883035437220e-01
3.068203833084872656e-01 7.615351545271034084e-01
-1.318844187761437858e+00 -1.691402292431225751e+00
-4.800386879385554195e-01 -2.268079850453587731e+00
-3.517246142789947072e-01 2.881613592214733011e+00
-1.790209445660194021e+00 3.379599376882826967e-01
-1.223220459024573659e+00 2.359214983200128124e+00
-1.791648877717678445e+00 -4.157075769314957370e-01
-2.817082342886420232e+00 -1.983239309416200413e-01
2.884194218134680909e+00 -2.120301768991008196e+00
-2.654594289449355049e+00 -2.100417253546156271e+00
2.842812467563513579e+00 -5.670759190989382859e-02
7.199532199214337957e-01 -1.920074227133383715e-02
-1.839394304260033586e+00 -1.139880124737996159e+00
2.694070593938374891e+00 1.363204746254565336e+00
-4.271958425154673833e-01 -2.324224217262051084e+00
1.399470406358565455e+00 2.054845718817359668e-01
-2.575577195901950667e+00 -2.193091578665038455e-01
7.147177995099633918e-01 -1.043608777557354372e-01
-2.528897900053536318e+00 -9.638204979385278648e-03
2.615876415089628537e+00 -1.624552804341947931e+00
-1.968828848079556160e+00 -1.174182487791928242e+00
3.306265800506307251e-01 -2.035266522145183998e+00
-2.264679810531821325e+00 -3.705872845143103333e-01
-2.127206338402680252e+00 -3.723663820763887244e-01
2.187303916847985974e+00 4.809390440383252141e-01
1.936380032531612727e+00 -2.103487894852022144e+00
-1.993103964095499503e+00 1.261990093983426320e+00
7.791181295005360496e-01 1.743702527403520719e+00
2.397185495316426440e+00 1.638267584021049217e-01
2.704757004466323167e+00 2.742030955842700735e+00
-1.329810128265341840e+00 -1.667951178829960801e+00
-2.559359001792008037e+00 5.008385712225980058e-01
-7.254862330312277230e-01 9.867715728059076596e-01
-2.890270335934848944e+00 6.213926778494016645e-01
-1.766940833438087388e+00 -4.301899495317549338e-01
1.828527382460072737e+00 1.350278132612215742e+00
-2.175151775122574627e+00 -2.908425284248008058e+00
2.991123042538835541e+00 -2.427411975038634040e+00
-1.395956808189131593e-01 -2.081703192728925345e-01
2.192184634694278600e+00 -1.954722578650379239e+00
-2.571861150332303225e+00 -2.716332196469899429e-01
-8.105538094592783516e-01 -1.187525708868890861e+00
-1.905260853938754106e+00 -1.317441954756304545e+00
-4.068977189467144484e-01 -2.373506399790575649e+00
-2.200757317493388321e+00 1.313713555830445578e+00
3.820625315570493896e-01 -2.516931103001131209e+00
-8.128593146646703183e-01 -9.250577458901165784e-01
-1.685077165456451587e+00 1.063081577043451631e+00
-2.937814431988608366e+00 1.169944589604182461e+00
9.816157900265611858e-01 -2.345877371477134155e+00
2.027867772286375825e+00 -2.670426995656449254e+00
1.642367900413762349e+00 -1.816975401952326319e+00
2.395325697395812803e+00 -1.282510444754085599e+00
-8.576303467032486694e-01 9.757460557354158404e-01
-1.511798649736615596e+00 -1.119131574393103401e+00
1.958441985776048000e+00 3.072369646564925283e-01
1.856027814034080237e+00 -1.496760582902824765e+00
2.116435195727192742e+00 -1.713741229477999450e+00
4.396336292981075644e-01 2.174752474392329660e+00
-4.890190947649459829e-01 2.036293651857748799e+00
1.362607130422061275e+00 1.085420250401602615e+00
-1.039792452422390490e+00 1.577775451962459385e+00
1.276450702743169074e+00 1.687277471249236882e+00
1.141367208976486580e+00 -2.032147678285036285e+00
2.089933951188687189e-01 4.617969172659424082e-01
-1.636214754504302649e+00 1.875638362305274143e-01
2.238500983646613207e+00 1.664220497849955294e-02
-4.282870280172810240e-01 1.000012675002134088e+00
1.762827042698551061e+00 1.045423808993904302e+00
2.254796039316296685e+00 1.629470770841010996e+00
1.035340861921770994e+00 6.089088813157577107e-01
2.722062110843531002e+00 -2.370852525146390555e+00
-7.848162552871533748e-01 7.135758555833660033e-01
1.839510493563084381e+00 -4.588728288101706632e-01
-1.270119210161233747e+00 -2.984744313419451345e+00
2.412456009149067881e+00 -2.008940710865545043e+00
2.279613457331541859e+00 -2.062897112516188791e+00
-2.024011550005591076e-01 -1.117449419075932981e+00
2.764248248577096945e-01 -2.901393746443351240e+00
-6.573621795743016527e-01 -7.384180468279835097e-01
-1.557866250905166838e+00 -8.430930742538089717e-01
-2.529678600870312266e+00 -3.781916989004496799e-02
7.139105974246122699e-01 2.681744090605405972e+00
8.329151290086391768e-01 1.103515872131163533e+00
-1.974075906341889786e+00 -2.454943261293987877e+00
4.527110067898942880e-01 1.871536049680587510e+00
1.089872025615737705e+00 7.647476152580314768e-01
1.172385215829314653e+00 -1.359132403306586800e+00
4.444485311793053839e-01 -2.587198449290405655e+00
-1.779397053779456339e+00 1.283238953126190296e+00
4.753019967172456006e-02 1.714123532246198955e+00
-9.453561531911365279e-01 -2.189880317073128246e+00
7.983976073742846680e-01 -9.945557923989936100e-01
7.904664510083487805e-01 3.616078221208267607e-01
-6.308971172361634849e-01 1.019500319108609609e+00
1.531489496840380937e+00 -2.362642549834621519e+00
-1.290999767290159639e+00 1.427816493353954996e-01
1.084776205547214545e+00 1.512314666197685398e+00
-2.762532531147785075e+00 1.822054409969124933e+00
-2.157678368428597615e+00 -1.312588742604819947e+00
-2.921923992350249133e+00 -2.156155676920690212e-02
-2.631610446548223514e+00 1.453673110432838200e+00
5.249068761024551222e-01 -2.509616832547099996e+00
-2.363654994654957875e+00 5.391386337567483089e-01
1.406453076688729098e+00 -2.619997659839077286e-01
-7.073834878108966606e-01 -2.083099034003073946e+00
-2.350173883721518475e+00 1.075701769650597051e+00
-3.339110553232367273e-01 -1.511826782090723187e+00
2.377935340824027577e+00 1.177761644741221581e+00
-1.420517646598862926e+00 -1.831338495034773306e+00
7.956949006679838732e-01 -1.085134062730617188e+00
1.690291712375639577e+00 2.973275062602598773e+00
-4.272290379072138933e-01 1.565570609883046416e+00
-1.371247288002711784e+00 -1.444928257158854201e+00
2.274853113985415121e+00 -2.318169918001476759e+00
2.540653665930584282e+00 2.057504083470589329e+00
-6.092508207057591996e-01 -1.442741985464790488e-01
-1.048012021386237613e+00 -5.650710668722740415e-01
2.031713058204998035e-01 1.621109116127493976e+00
2.632315040213586421e+00 1.964205009532846269e+00
3.458009391859118153e-02 5.493395599102672833e-01
4.087604006952698654e-01 -1.451366702641234463e+00
6.029337316472664909e-01 7.813988471001795943e-01
-1.780888228745030943e+00 2.306599105258285931e+00
-9.647748906894002552e-01 1.060142324969973515e+00
-1.834260107482879487e+00 -1.287248366317926163e+00
-2.830544279022523924e+00 -1.859647700831172701e+00
-3.539602775467729501e-01 -3.202687551812575251e-01
-2.783590112580840437e+00 2.611132065226729360e+00
-1.017649521829783410e+00 -1.677146254220061916e+00
-1.305431816646164478e+00 -3.315998770624060121e-01
1.851384902846330505e+00 -1.346286621873720835e+00
1.213894528768844516e+00 -1.268995602186488769e+00
-2.787057724582439278e+00 1.845386565366439413e+00
2.300421911806630249e+00 1.034559300779974933e+00
-2.105042946478866916e+00 -3.800118914388823654e-01
4.169664764722540440e-01 -4.201758463714551084e-01
-1.770139430867456731e-01 -2.543252581498283149e+00
2.744369557960013140e+00 -1.315095298876916896e+00
2.033669687839491758e+00 1.039384931234655696e+00
-2.295348382634462503e+00 7.733828978202783588e-01
2.136955427924230655e+00 -8.659146882100081655e-01
-1.438109408528754241e+00 1.706155788245037996e+00
2.515425025537034287e+00 -2.576354991627664237e+00
2.052783120145527995e+00 -2.820354607104909039e+00
4.369457875265903013e-01 -2.966348979051286250e+00
-2.747449440945763044e+00 -2.428419006406596914e+00
2.680060075437885381e+00 -5.426880618020328839e-01
-2.597463238026867849e+00 1.252840019578461472e+00
-5.719842838357789283e-01 2.956461712100643346e+00
-6.240014327950316186e-01 -1.494152368861784375e+00
7.163529941805579782e-01 -2.702356273574694434e+00
2.258334913776229413e+00 3.987638149338783577e-01
-4.129094690377743682e-01 -1.301407712396954297e+00
2.231913787145510142e+00 5.835513973227195450e-01
1.118660491034184190e+00 -2.351921847449549574e+00
2.631303925716151682e+00 -1.237991542239746723e+00
-9.293045113195130824e-01 6.949118477625741974e-01
3.887174115998170976e-01 -1.887648351558558923e+00
8.705138415626612058e-01 2.340650260080566092e+00
2.711501820596762258e-02 6.163479157079798654e-02
9.161574860071381998e-01 1.077236649027942583e+00
-2.216194775312742227e+00 1.814378974606227324e+00
-2.259875751893054563e-01 2.875642542130009360e+00
2.554648809818639066e+00 8.612906200162830928e-01
-1.344298583399670122e-01 2.945595063950813497e+00
2.363865990098118708e+00 -2.284349910718240562e+00
1.588703761158473782e+00 -9.226419693401766153e-02
2.747337180903011600e+00 -2.669566146080228464e+00
8.224351509049654396e-02 1.633378070461224851e+00
-2.900255360802564297e+00 4.365483483715939528e-01
-1.236932576530484162e+00 -6.364144821271882080e-01
-1.275011387752874148e+00 -1.992820572075711283e+00
-3.094149490461806096e-02 3.393021927127986004e-01
-2.494301691380659491e+00 -2.876830800723180204e+00
1.455134714110258187e+00 -2.059263080905164855e-01
8.601475478948135134e-01 -2.161756477533773424e+00
-1.782064513069485656e-01 -2.529535205401300502e+00
-8.079930478803971639e-01 3.456168909909544951e-01
-9.074220987693841778e-01 -3.188769606465231554e-01
-9.630756342192454689e-01 2.883397280084517789e+00
-2.846482416813942429e-01 1.315562570289142030e+00
9.598183137833946610e-01 5.466535959465019801e-01
-1.391954508856077410e+00 -1.570691298323406926e+00
-2.218150912956966536e+00 -2.282291574236150478e+00
-2.419150260220912507e+00 -1.451933871879021565e+00
-1.240504885758632936e+00 -8.308035670637234915e-01
1.410395779732017019e+00 1.311767314327830114e+00
-5.120764391947743022e-01 -2.949869954143009565e+00
-7.465699510249113047e-02 2.908692148532473709e+00
-2.590743909499775288e+00 2.539551836224629433e-01
2.274398408150792861e+00 2.007112684701799488e+00
2.711611005407549513e+00 2.682220878197927760e+00
-5.179790147918383880e-01 1.734451213013028514e+00
-9.076393827141244763e-01 7.750231497998152363e-01
-8.848045871696292863e-01 -1.528643420635447336e+00
1.234858806966292022e+00 -2.941737439929028142e+00
-1.477885158673919008e+00 2.172186341351012295e+00
-1.626648793387012848e+00 4.114883564277755923e-01
-1.457584207067119886e+00 2.769949526983519483e+00
-2.496627885003732228e+00 1.328683696097827216e+00
-3.704818048740832204e-01 2.705332931648046113e+00
1.928680441357784048e+00 -2.276764069815658598e+00
1.198550160125586572e+00 2.833084031063547670e+00
-1.607265436481662091e+00 1.294786182381084672e+00
1.058139812707671545e+00 -1.046551083361009216e+00
4.879198477603159390e-01 -1.124648847659240225e+00
-2.495481874920423060e+00 -1.932411235111439529e+00
2.275389418466587266e+00 7.496357770153005973e-01
-9.857093534663814438e-01 -5.285639162574726768e-01
-1.566540270778727706e+00 -2.200410628200435870e+00
-1.397758140430228835e+00 9.256960101106104233e-01
2.330318606372315138e+00 -2.269622967732160213e+00
2.039856708469708124e+00 -1.240128251054760211e+00
4.605356099225446087e-01 -3.555464513435158125e-01
-2.564906831727220116e+00 1.678100931588772937e+00
-2.566411459110764071e+00 2.173333278868295970e+00
9.345646074201958697e-01 1.707627516544556912e+00
-5.631425839151407153e-01 1.374823334940693087e+00
-1.889217610385816037e+00 1.112440656841189757e+00
2.264670771486191114e+00 -2.025927521265403985e+00
1.483924861991539501e+00 1.527491200075491662e+00
-2.484904193278238971e+00 -1.631353371680376751e+00
-1.818311766515899874e+00 1.461310485231015477e-01
-1.353155323178575120e+00 -1.013055365857610246e+00
-2.091746580043206016e+00 -2.328939391628138011e+00
1.560010514098493672e+00 -2.879706202745276222e+00
-1.524694452542084244e+00 -3.554736835364824543e-01
-1.751415540006316718e+00 -2.801032735170958077e+00
2.137135782896710801e-01 -1.996021395737010762e+00
2.578505961651050171e+00 1.644109260024997354e+00
1.294491290347401957e+00 -1.906963545114654712e+00
1.574647092957476069e+00 6.435162908404730153e-01
-1.926691695739612964e+00 -2.998246508816404976e+00
6.689968599576143760e-01 -2.959672044873075780e+00
-2.295734375394312021e+00 2.264927747930433277e+00
-2.172844798415357381e+00 7.961076968428955070e-01
1.856944152759492539e+00 -1.270326159246864650e+00
2.872036830950081665e+00 5.778135575755731779e-01
-4.756919103864909459e-02 2.944602970190433489e+00
2.585209777527349928e+00 4.791135785800193503e-02
3.521389706745097214e-01 1.506052955179370656e+00
1.555176295902867878e+00 -1.929167963667633767e+00
7.401606947508163614e-01 9.492773388871933449e-01
-1.232010906006783202e+00 -2.856543703210208562e+00
-2.997587850651855401e+00 3.865056354979774511e-01
-2.391234853055975940e+00 1.766418820170776449e-01
2.086202809424626103e+00 5.403067499074589719e-01
1.778933202787174039e+00 1.127873486248606838e+00
-1.031024463449020212e+00 -2.642797830742344534e+00
-2.162103997895378882e+00 1.319120050533346244e+00
-1.534400020746145010e+00 -2.723373255213094701e+00
2.872699095153436133e+00 1.371253551722869446e+00
-8.145255715388355355e-02 -1.805752930219746144e+00
-6.869050727940391177e-01 1.634636274005694112e+00
-1.849945566540659447e+00 -2.842958014798624866e+00
-2.214018931134498658e+00 2.048758210054961282e+00
1.096517196986659393e+00 -2.610200738035939771e+00
1.582320190700367668e+00 1.629312999952702512e+00
1.046993064973545273e+00 -3.590735895991814530e-02
2.932931308303797557e+00 -2.493757022770086706e+00
-1.324897925933163023e+00 7.155545441191724088e-01
-1.883940064251652613e+00 2.390767667589821066e+00
-2.840232691850271163e+00 2.643458489614623375e+00
-2.995280750822181481e+00 -2.147200084675713772e+00
-2.721282893737572373e+00 7.384796356382965499e-01
2.956205241988907773e+00 2.730069438555714711e+00
-1.901992921278277571e+00 1.342561365254221428e+00
