1.530484689024408651e-01
1.411821795493473919e-01
3.589874387730734862e-01
9.448519454731481304e-02
6.651705376622772670e-02
8.018862182841286490e-01
1.041613181068043792e+00
8.741915768798160791e-01
1.202209536123475669e-01
2.670558224396663571e-01
1.290269920073843779e-01
7.352086226645417888e-01
9.874235262796936530e-01
1.954922307475327192e-01
1.236585137541245522e-01
3.889491468272642249e-01
1.748943332777233850e-01
1.292769607797971954e-01
3.464662571215600950e-01
1.182714646866613872e-01
1.313919197456700216e-01
1.528558312425940535e-01
8.460021119401196776e-02
1.228604454759475578e-01
1.626567713786323810e-01
2.259792383747043776e-01
1.599706442587610355e-01
1.433151792723184881e-01
1.662303043943363090e-01
1.296756528657248442e+00
5.407429023660046408e-01
1.451603911061247754e-01
1.051167707503848359e-01
3.945821783439054098e-01
1.112479824198990414e-01
5.681659844723203623e-01
1.189852636667228791e-01
8.801142995677051217e-02
9.607284701987991449e-01
8.841641853015049790e-01
2.187125818800788046e-01
2.850633876135453826e-01
8.287109386217733631e-02
1.454868203965995477e-01
6.919268572972877562e-01
2.590168764767398768e-01
2.291757850588405920e-01
4.261325066762016167e-01
1.374153518400733076e-01
1.133235707973438006e-01
8.700647153822514690e-02
6.283272812128797014e-02
1.025435999458978453e-01
1.444197502117344767e-01
1.737119406534704535e-01
1.280743188214005512e-01
5.346355970172164129e-01
1.186130590215033476e-01
1.254777904551415135e-01
2.283525132560763060e-01
8.954747601124402046e-02
1.733218096492304405e-01
1.443116004955836140e-01
3.618368747737352176e-01
1.672085120058744712e-01
9.453564422640959863e-01
1.308125465261599896e+00
7.688376497588646219e-02
3.403335587236338555e-01
1.363484742514010084e-01
1.817800663031989283e-01
8.642748740792532969e-02
3.449481619505535557e-01
4.304449044845929384e-01
1.380771950885722188e-01
1.672235553638595218e-01
3.614276241618129548e-01
2.679124607706344086e-01
1.654762647260696051e-01
4.118108628635636093e-01
1.669613484938371473e-01
1.703608943568998557e-01
8.507356568187393053e-01
4.404076653557159604e-01
1.166758381716307136e-01
1.022973060255132571e+00
2.316734660264309076e-01
1.082949086752294787e-01
6.793460036632921473e-02
1.454075926770422855e-01
1.192066091523548838e-01
2.136529210043667693e+00
2.575417973954439166e-01
2.499039365182713357e-01
1.238433404030869628e-01
7.514772537232387861e-02
6.143070283842284873e-02
8.512675423664546326e-01
8.923543657084771763e-02
1.234501536260508014e-01
1.337728566007502229e-01
2.099362410376957588e-01
2.035146795157871114e-01
1.743518812839165877e+00
7.887795923786025676e-02
9.399332567144941253e-02
3.162451863102369587e-01
1.126274216159406594e+00
2.893039365128592388e-01
1.080261253894686940e-01
1.075499474633599406e-01
6.610620887444533522e-02
1.950921170153341322e-01
1.658297624316405205e-01
3.150531236001444246e-01
1.593252129494528158e-01
5.594704241085000085e-01
5.784132262527362789e-01
4.454914511925767151e-01
1.935775876687051700e-01
7.298447927166344940e-01
9.152996678826536003e-01
8.875835977351798078e-02
9.430206053979345304e-02
7.746139016693720514e-02
1.288666499805107002e-01
1.111239610140815071e-01
2.242681420663855396e-01
7.726386347105315133e-01
1.350772137959520558e-01
7.069501803242905780e-01
1.072712488908586920e-01
1.362712712107084223e-01
9.888292728363833051e-02
1.161968693594710028e-01
1.164819554751101299e-01
1.312392500216813807e-01
2.307962974277798507e-01
4.583505540905956632e-01
5.098425842837817079e-01
2.028551847780416806e-01
6.458301515787305547e-02
2.019172927646441795e-01
1.027103242691078805e-01
5.673472532097677545e-01
1.302110615412112871e-01
1.226606657540557921e-01
9.350144503189303236e-02
1.822165498125473404e-01
1.831534425089926810e-01
1.777823626478510777e-01
3.227834422372315992e-01
7.522279141755330856e-02
1.527888156673818942e-01
6.874589540523916298e-02
1.639310433640741582e-01
1.050445010090772235e-01
5.394056569956005021e-01
1.698241509442124653e-01
1.051237863684261059e-01
1.604247860473688447e-01
1.319382885629450664e-01
3.583284599383014246e-01
3.180572224257838809e-01
2.092305858276954644e-01
1.238512771583323291e-01
1.430084807756686061e-01
1.068535946674512571e-01
2.882840224001768648e-01
1.176653701200785912e-01
8.742373242815477674e-01
1.535954780426375343e+00
1.041691299796785874e-01
2.431813280285849144e-01
1.506914775944738216e-01
1.228123419683774947e-01
2.507507729140839858e-01
1.191364148256560118e-01
2.054663111581456481e-01
1.462854276704503020e-01
2.063932065682670403e-01
1.169848150716772672e-01
8.472263967974373589e-02
1.317258713368510414e-01
2.035185139837173973e-01
2.544677605002277909e-01
1.962406222335493888e+00
8.066910545460229121e-02
1.178185003666173403e-01
1.673323589912165954e-01
9.909153557411365387e-02
2.518503347811215654e-01
2.060833658419118086e-01
1.220309912226136551e-01
1.376467874719966566e-01
9.503767194563048082e-02
1.694516265595351623e-01
3.845484762070786044e-01
1.507137653172324621e-01
7.597583641519239928e-02
1.597313822680225814e-01
1.190503463855584754e-01
3.038494007151839038e-01
1.396076523462070229e+00
7.418499048810477114e-02
1.018189360586680137e-01
1.687016495953791717e-01
2.594962616579562509e-01
5.231738390353686263e-01
4.317720766135035859e-01
1.121215056108692681e-01
1.122624157719440685e-01
1.167675929315977190e-01
9.988326879040809736e-02
2.347351420272309475e-01
1.259059565674164549e+00
9.960868883289707154e-02
6.810354773332186751e-01
2.467949718495167366e-01
1.665466595216951451e-01
4.566305102822887374e-01
1.120773370880904507e-01
2.407630643243420243e-01
4.181616431830600944e-01
1.566214568570830079e-01
1.032149259282117704e-01
1.276111254864961408e-01
1.676051923508993513e-01
2.588159691760048009e-01
1.662838738393841442e-01
1.370251495587977153e-01
1.496791972002527726e-01
2.568855454560084794e+00
2.835711875528676429e-01
3.034591821474886819e-01
1.382258414451698336e-01
1.153435836280535393e-01
1.784830107156636370e-01
7.317596078047068353e-01
2.843847298909490950e-01
4.961835524052659596e-01
8.281914090595711431e-02
1.523949927664160764e-01
2.008746876227969491e-01
2.161606014443389623e-01
5.192060609646924618e-01
1.846291176842839166e-01
1.939156169815705044e-01
3.797448410328190249e-01
3.727482454390053102e-01
2.648669455764150471e-01
2.647174447104431172e-01
4.711512297936527038e-01
1.263236416632637082e-01
2.405227205657670675e-01
1.393877626148036786e-01
3.027662668061406603e-01
1.077473564038459453e-01
1.403769313159863197e+00
1.629735027346085330e-01
1.708138756081215848e-01
5.501745031481372061e-01
1.573263363577825091e-01
1.103955865507331019e-01
3.182192685938696197e-01
5.087982394326028279e-01
8.936371475108961793e-02
8.435390928901777274e-02
1.911271666316784190e-01
2.128107725596103672e-01
3.594260462576504556e-01
7.297568804735033998e-01
6.423525010238766431e-01
1.029887326878070331e-01
4.298427358653338359e-01
2.447031113235175193e-01
1.510788176825163254e-01
1.755435678822248879e-01
3.628352898267054871e-01
3.223276833333734159e-01
1.110517251690768536e-01
9.312861019378368410e-02
9.352845359149462856e-02
2.763129130690875068e-01
5.801288733471195863e-02
3.869461069493645433e-01
4.086954511059918138e-01
6.275885856424691378e-02
9.390931063809056234e-02
2.451590953711257626e-01
2.339478079351194895e-01
7.251342600226829971e-01
8.338526539056535791e-02
3.155599595404087743e-01
1.893203760791705714e-01
1.121584479850144950e-01
1.115740059265963868e+00
9.303430310527831260e-02
1.125995881722445247e-01
1.127046540225846022e-01
1.440778413984153405e-01
1.312299288867840863e-01
2.437498331567334864e-01
1.082471396315784762e-01
2.700624261241664770e-01
1.445662608061644983e-01
2.514089007005549936e-01
1.051738790190904632e-01
1.133908567604942075e-01
9.391126296764770731e-02
9.485968719717378927e-02
1.313027426035227319e-01
5.685977758112886749e-01
9.598888108032334332e-02
1.171888124337643611e-01
9.653436468463089115e-02
3.820765306460131572e-01
1.038695347939851299e+00
8.292343802074303438e-02
1.015866061630310152e-01
1.639687367622051639e-01
1.253102566461238021e-01
3.612295928144810819e-01
3.073945676916845504e-01
1.511327715154737183e-01
8.113206762747149359e-02
1.265647608240435817e-01
8.990396297009749238e-02
5.415910261592812303e-01
1.075960139175108798e+00
2.340465094142587243e-01
1.718073884333439216e-01
4.205365219314392555e-01
1.917862163322180680e-01
1.620163578276061223e-01
8.347053224547838768e-02
1.471335161225492960e-01
5.876063104274334981e-01
1.080125124976860224e-01
3.074467569988595939e-01
8.701932759031699716e-02
2.080056142524369933e-01
1.297223269316174210e-01
1.211977115208752037e-01
8.319114584649402178e-02
1.134390685824561568e-01
3.328108541539203657e-01
1.115795979036987712e-01
1.550373360750104401e-01
1.227369080621093650e-01
6.619146284050596574e-01
9.124928406712147499e-02
1.142004402919376826e-01
1.820425919187708963e-01
3.904530405944375282e-01
5.717983629084036901e-01
1.261874412732835182e-01
1.761889543928618629e+00
8.914609241264354056e-02
1.125851809406365867e+00
1.219431163223397840e-01
2.118135944580727403e-01
1.300672913301911537e-01
1.609334188681957600e-01
3.143670183687430342e-01
1.878660849525794208e-01
1.229389940036851869e-01
1.240254818347359816e-01
7.094421531580612506e-01
2.037001739202518036e-01
2.635770421983439360e-01
9.062754303102063536e-02
9.058802964063095153e-02
8.076216126741384005e-02
7.650589249294743877e-02
1.061000940239083673e-01
3.387176760765394645e-01
1.277884469758363284e-01
4.668573678008104966e-01
2.765570666335534611e+00
9.959419953049937213e-01
2.028318693358382441e-01
1.752964111133700209e-01
1.141890503297208759e-01
2.740426691575156282e-01
1.352783907768567440e-01
2.693371632754225642e-01
1.204052555562772769e-01
7.607885978231859747e-02
8.482754595123608021e-02
1.188382589039031628e-01
1.178270837225684931e+00
1.994933624547030326e-01
1.058610662634539706e-01
1.690755851566667634e-01
4.290480407146236019e-01
1.426188797068526082e-01
1.174104800569286233e+00
1.486896541954948192e-01
1.019162161281754603e-01
1.790513005194492580e-01
2.182632302904785881e-01
1.786955715864002869e-01
2.002537804688865886e-01
1.870697119969348676e-01
1.175885556925106018e-01
1.696329127600272879e-01
2.514127154653952312e-01
1.638447814924460511e-01
6.594372901212487703e-02
2.048988817870482371e-01
1.402296838220199182e-01
5.464336319582433488e-01
1.102561181004832191e-01
2.749410504596043192e-01
1.819252390719752199e-01
7.396327774763954144e-02
6.592328949522008319e-02
2.545683331563923346e+00
1.116493374336199051e-01
1.424855734039255917e-01
4.171507723534862988e-01
1.755719009754775073e-01
1.631561344629482990e-01
1.449448439639202946e-01
1.468231733019640661e-01
5.415733065888986841e-01
2.325782876842057145e-01
9.680988223467799914e-02
1.471300041331558006e-01
8.640482288019360468e-02
1.580085379606517848e-01
1.296610180107539700e-01
4.956358822255548247e-01
2.585321665821126436e-01
2.347478696224978012e-01
1.662474048703284912e-01
1.290954408825884525e-01
1.903737131083368395e-01
2.120606747010287119e-01
2.971913651986564653e-01
2.563745137976800592e-01
2.080632126009515082e-01
1.735405110926648287e-01
1.703767243369300077e+00
3.286901558839461779e-01
1.872251201703684920e-01
6.607397742736106361e-01
2.207276447867098368e-01
1.239267913236152679e-01
5.641110116733140112e-01
7.484714063178682375e-02
6.872252122008906117e-01
2.548184169358014284e-01
9.214974969652577064e-02
9.817601938916631354e-02
1.022266810008783944e-01
6.174137478559319492e-01
1.133209148366041974e-01
7.648849009100942009e-01
2.883711573205863798e-01
1.485728659535256457e-01
1.245109876312015529e-01
4.461308404003662131e-01
9.752556098464916501e-02
2.476722252895373622e-01
4.755880765702871216e-01
2.815530931707508899e-01
1.384824752735185627e-01
1.944407036173775305e-01
3.057656450876855558e-01
1.661329904766425392e-01
5.110959013051294964e-01
9.211517777723851053e-01
5.657990092767385404e-01
1.211014433410714797e-01
4.957693525939845247e-01
2.635855230071099120e-01
8.864094434190407379e-02
1.490653939193880284e-01
1.127636661746386215e-01
1.067402285666700923e-01
1.448497818182240271e-01
1.610945303627572267e-01
4.207418788369269302e-01
1.934350846439951144e-01
1.426441632827904482e-01
3.666876298189104544e-01
1.356539385459174796e-01
1.753871782723283868e-01
4.671486343977386269e-01
8.314313875558811129e-02
3.374347417881237710e-01
2.326589515680827780e-01
9.192132470161273883e-02
9.075856285156813641e-02
1.385038468678697843e+00
5.722020225963376783e-01
3.334140922389886574e-01
8.995083816665475074e-02
1.579854367025990136e+00
3.840908980479729729e-01
7.668045741900203494e-01
1.133534653877151938e-01
4.193413060832534289e-01
1.868628502885535669e-01
8.474382016292955622e-02
1.792564591703616150e+00
6.713038286819190958e-02
2.393243333775055548e-01
4.663938279979901180e-01
1.795295480597365878e-01
2.929209988417294519e-01
8.693276765677428186e-02
1.494264880085346969e-01
2.038480459164895564e-01
1.469704717168815122e+00
1.464242975108643041e-01
1.042639806298907290e-01
1.803057953450548367e-01
1.613750365543533127e-01
1.771044111209857386e-01
1.883549107549725987e-01
7.521642717223692154e-02
8.001076209928732752e-02
1.072944348255487068e-01
7.259160666304079190e-02
1.280863635667733036e-01
1.156547574849194071e-01
1.064075217759639091e-01
3.387684106843333876e-01
1.227612786487243396e-01
1.789200298755792007e-01
4.557560537650645061e-01
1.769294165884495174e-01
1.405888883460429672e-01
1.138124702221440243e-01
5.964774365567855341e-01
2.472605065659275181e-01
1.522895673074995959e-01
2.989232142441949236e+00
4.292244622249661856e-01
1.171853438040936363e-01
1.156017187794113887e-01
1.316126805013432544e-01
1.108082147926685163e-01
8.979790765038839218e-02
3.493459151141288799e-01
6.664691699083585830e-02
3.328132663615629983e-01
1.119563113722493036e-01
4.414961153449600273e-01
1.687197648619233326e-01
2.241733503029937236e+00
6.744135934055775494e-02
4.016350271859723819e-01
1.741236612692532715e-01
1.479223004969473509e-01
9.071909207873083414e-01
7.967509253437212724e-01
1.044768917293456556e-01
4.669123719916196680e-01
6.451274317727530017e-01
2.112107047550843275e-01
9.561099357030168611e-02
1.206214423973260425e-01
3.907643718164073299e-01
2.475278317199587907e-01
1.075968193529638905e-01
1.136872169380917369e-01
1.407172904043436923e-01
1.049164977935529847e-01
6.721720657977313385e-02
2.772676614976348763e-01
5.699726554967597947e-01
2.898861730548992210e-01
9.515929030778828845e-02
1.382640497632679488e-01
3.179337900618596224e-01
9.874424862698387428e-02
1.200689028300861994e-01
1.284342839674931513e-01
1.083017296537685387e-01
1.021149266158447311e-01
2.178756779106671149e-01
3.929382654317089552e-01
5.455832609316184634e-01
9.716621563241582826e-02
1.647622673854166886e-01
6.325099715206834450e-01
1.311328308436923162e-01
3.184063459492998960e-01
9.164581308080868571e-02
1.658668162371711718e-01
1.495872154843108648e+00
1.028301976688970748e-01
8.591179458470685204e-02
2.427536375890846365e-01
3.941245842733501759e-01
1.946787524325775676e-01
1.045684270088294704e-01
2.055387614324006018e-01
1.090980975875922021e-01
2.734024303162452818e-01
3.137441423036058663e-01
9.872289647347402830e-02
9.044583868476355204e-02
3.595758095724564951e-01
8.894232719993169778e-02
2.293696398575595929e-01
1.032867042586462364e-01
1.772352751517423941e-01
3.102096173179881289e-01
7.673641254155420810e-02
1.048524078379243912e-01
9.319409119673349728e-02
1.759001961630225208e-01
1.854609677965195491e-01
1.122024159237776514e-01
1.110747097073643552e-01
1.425393799795478256e-01
3.673502940144027229e-01
1.545532386369449784e-01
5.621245049900766011e-01
9.992313112499938421e-02
1.056533018556911757e-01
1.644951530748718915e-01
2.010384219092540836e-01
2.097886573118408760e-01
1.193688944813113273e-01
1.482629936419042616e-01
9.899867482584537304e-02
9.557729090206960876e-02
2.779802273748886998e-01
2.878630329640962104e-01
8.449722006051288425e-02
1.060525232276550017e-01
1.198250862008635037e-01
1.822025285208197509e-01
7.005333359440306662e-01
6.600263550122881240e-02
3.850044138429220553e-01
1.042209461721297775e-01
6.499924311884242023e-02
7.187948695631059259e-02
1.207622596915993440e-01
6.052379017021128349e-02
1.739115889099818735e-01
