-0.448338 1.432626
1.334116 0.628614
1.359318 0.393141
0.096326 -1.427901
1.419065 0.486992
-1.413143 0.235312
1.467938 -0.274584
0.468820 1.395708
0.287608 -1.463036
1.371583 -0.416614
-1.220345 0.752589
-1.415452 0.452745
0.066851 -1.480760
1.202051 0.847612
0.989166 1.073551
-1.089538 -0.710267
1.384986 -0.299002
1.160135 -0.934548
-1.253144 0.749283
1.070371 -0.869881
1.405934 -0.358523
0.332232 1.341930
-0.427039 1.389155
1.198927 0.885944
-1.161365 -0.854287
-1.418643 -0.323810
-0.404396 1.402812
-1.322105 0.580627
0.001750 -1.461867
0.216030 -1.465266
0.925189 -1.135023
0.395577 -1.372768
-0.994924 -0.882614
0.058777 -1.465520
0.040904 1.369212
1.227372 0.757369
-1.441495 0.250091
1.449892 -0.210660
-0.487196 -1.348292
-1.404927 -0.361127
1.071827 -0.874072
1.411946 0.459714
0.830586 -1.190034
1.400304 -0.218869
1.216683 0.730919
-0.373350 1.431581
0.950049 1.080079
1.323691 -0.427789
0.093496 -1.436802
0.327538 1.433322
0.403987 -1.313561
-0.774107 -1.218756
1.327152 -0.413895
0.228365 -1.437447
-1.416512 -0.076179
-0.132494 1.447910
1.406520 -0.282168
0.905418 1.034021
0.312259 1.359706
-1.393120 0.254585
0.651134 1.251789
-0.122099 -1.384077
1.237517 -0.718375
-1.393349 -0.284482
-1.387370 -0.349580
-0.355074 1.374281
-0.621791 1.316168
-1.389076 0.265879
-1.401236 -0.323100
0.020379 -1.445510
0.811807 -1.176664
1.248337 0.773411
1.047507 0.969441
0.562134 1.308811
0.381028 -1.357809
-0.732773 -1.200927
1.320300 0.136020
0.066308 -1.401662
-0.978677 0.992436
-1.251496 0.601558
-1.378165 0.241139
-0.734385 -1.139151
1.389483 -0.270672
-1.110546 -0.757302
-1.173504 0.870771
-0.527986 -1.342046
0.401865 -1.317321
-0.855758 -0.979955
0.570747 -1.294168
-1.110021 0.895239
0.097692 -1.452140
-0.724666 1.099455
-0.795688 -1.169146
-1.202380 0.744926
-0.497426 -1.335783
1.225878 -0.593358
-1.018234 -1.036650
1.335892 0.216979
1.313920 0.129845
0.921676 1.017463
-0.262180 1.374057
0.551135 -1.286189
-0.623071 1.299635
-1.418136 0.259450
-1.245818 0.731601
-1.069307 0.924578
1.362299 -0.415366
-1.348046 -0.392776
0.587545 1.308736
1.228852 -0.600757
1.310830 0.225889
-1.311929 0.485677
0.038208 1.402320
0.596038 -1.214189
0.932091 -1.045720
-1.384973 -0.484627
0.088546 -1.449363
1.191583 0.644792
1.392894 0.221183
-1.386177 0.215685
0.561978 1.312747
1.328499 -0.283881
-0.663362 -1.224739
-1.200462 -0.658900
0.282600 -1.350542
-1.100007 0.870869
-1.133417 0.812685
-0.663854 -1.224359
0.845387 -1.195491
-0.095309 -1.378975
-1.354710 -0.360604
1.297055 -0.284420
-0.012026 -1.422531
-0.288142 1.333181
-0.634609 1.274763
-1.334013 -0.339905
-1.339227 0.322114
0.796063 1.072758
-1.368648 0.256653
0.590897 -1.216188
-0.081874 -1.377062
-0.989103 0.961970
0.727485 -1.182461
0.989924 -0.813259
1.162573 0.722375
-0.735837 -1.225000
-1.138047 -0.712696
0.541018 -1.255566
-0.947696 -0.949324
-0.238638 -1.268962
-1.270880 0.453366
-1.311309 -0.322064
-1.339617 0.105736
0.849313 1.082830
1.281309 -0.401356
-1.359790 0.245091
-1.201881 0.744780
1.336890 -0.297150
1.282334 0.403356
1.248785 0.470469
0.237613 -1.341501
1.201346 0.632653
0.414062 -1.345179
-0.132857 -1.260329
1.237985 0.376050
0.718290 1.114224
-0.284580 1.315860
0.303969 1.452665
1.258794 -0.394665
-1.291148 0.418136
-0.241041 1.329293
-0.781821 1.096992
1.208860 -0.576670
-1.311015 -0.340838
1.194956 0.602420
-1.335804 0.208976
-0.280540 1.267258
0.547067 -1.216739
0.847074 -1.068687
-1.280221 0.467285
0.627874 -1.272655
0.900562 0.994934
0.845998 1.033880
1.333309 0.041609
-1.333180 0.164583
-0.844158 1.039720
-1.278186 -0.093179
-1.083709 0.794774
1.243892 0.414396
1.181580 0.663212
1.131001 0.719299
1.243302 0.420341
1.099787 0.751538
-1.151556 0.586668
-0.737129 1.076049
-1.337813 0.201203
0.746234 1.035502
1.270142 -0.356643
0.522019 -1.220210
-1.270414 0.264544
-1.165410 0.587343
0.611759 -1.179811
0.216673 1.227663
0.357158 1.183500
-1.121104 -0.851952
-0.215860 1.239738
1.388581 0.188712
1.126795 -0.634805
1.284591 -0.315594
0.261923 -1.289065
1.310414 -0.189797
1.229033 0.288983
0.900479 0.961053
0.751441 -1.061735
-1.254216 -0.253770
1.293301 0.128137
1.262562 -0.412332
0.125725 1.336771
0.190778 -1.341844
1.200111 -0.470818
-0.875720 0.944414
-0.726616 1.105738
-1.031639 -0.809399
0.382659 1.181065
-1.191423 0.446453
-1.086557 -0.697841
-0.905088 0.913108
-1.320738 0.180736
-1.278385 0.294044
-0.214426 1.252768
-0.793518 -0.931403
1.066771 -0.861320
-1.284137 -0.042710
-1.082378 -0.714948
0.054570 -1.377921
1.107194 -0.650657
-0.730573 1.050883
-1.273969 -0.350953
0.677078 -1.059738
-0.167912 -1.247010
0.794522 1.000759
-0.920385 0.807473
-1.223171 0.424999
0.235991 1.275338
-0.889359 0.926193
-1.293239 0.222669
-0.741921 1.046135
-0.731584 1.058840
-0.438543 1.116478
-0.908770 0.821654
-0.732340 1.052203
-0.485830 1.183012
1.144633 0.628420
-0.616045 1.086942
0.696088 -0.939307
1.224837 0.336524
-1.259536 0.096815
-1.241648 -0.325104
1.093358 0.732291
1.202621 -0.009097
0.733101 1.032610
-1.223873 -0.134256
-0.399645 1.197835
-1.226247 0.116621
-0.485889 1.174827
-0.571705 1.130974
-1.071708 -0.717676
-1.293668 -0.168411
1.313570 0.339606
1.077071 0.673758
-0.186928 1.266511
0.760828 0.994752
-0.126445 -1.249171
-1.115633 0.527461
-1.129887 -0.541480
-1.189872 -0.183194
1.246413 0.445110
0.759407 0.990785
1.184821 0.410743
0.261603 -1.141273
0.967495 -0.733039
1.234268 -0.013817
-1.251609 0.108250
1.097811 -0.655078
0.024464 -1.240558
1.109303 0.585979
-1.195041 -0.207724
-1.094901 0.539060
-0.678094 -1.032532
-0.281307 1.276279
0.184244 1.150876
1.054219 -0.683845
-0.148729 -1.156920
1.170422 -0.339333
0.682615 -1.084310
1.174592 -0.493914
0.373116 -1.179336
-1.107272 0.518297
1.171701 0.081136
-0.815866 -0.921476
0.408013 1.141772
-0.205977 -1.218891
-1.096567 0.438692
0.034504 -1.143903
-0.666805 -0.974875
0.492360 -1.114262
-0.716878 1.040590
-0.042065 -1.231731
0.631080 1.042266
-0.849463 -0.958342
-0.862016 -0.921108
-1.106044 0.534308
-0.054599 -1.218989
1.149565 0.393565
0.356457 -1.160569
1.240631 -0.090204
0.751467 0.993722
1.202779 -0.354933
-0.843475 -0.977553
-0.725334 0.974499
0.371414 1.118590
-1.201352 -0.167600
0.378581 1.146745
0.709439 0.984058
0.466608 -1.128049
-0.360406 1.113177
1.090420 0.581654
-0.600455 1.013559
-0.569946 -1.004324
-1.153783 -0.172025
-0.888820 0.854614
1.187534 0.021231
1.167857 0.000431
-1.200122 0.129962
0.487777 1.089641
0.598816 -1.030673
-0.623078 1.021959
-0.928527 0.697787
-1.033489 0.604425
0.027142 -1.200350
-1.051044 -0.546927
0.179625 1.193405
0.706547 0.964953
-0.209102 -1.121887
0.120698 1.180503
-1.230956 0.102674
-1.062074 -0.357968
-1.000173 -0.548787
-0.546953 1.052278
-1.118971 0.377474
0.549091 0.974710
-1.172528 0.155862
0.975593 -0.560284
0.864016 -0.797218
1.182947 0.029893
1.073034 0.502749
0.957180 -0.683682
-0.725376 -0.893333
-0.539044 -1.059900
-0.557062 1.035824
-0.432862 1.095057
-0.911587 0.729764
-1.061151 -0.513275
-1.091536 0.538305
1.215920 0.284031
-0.812888 -0.922539
-0.614780 -0.910250
-0.181886 1.155912
-0.768970 0.818883
-0.890632 0.769814
0.746230 -0.861346
-1.140009 0.212348
0.344444 -1.100210
1.073811 0.323038
1.145317 0.088397
1.137299 -0.220136
1.136371 -0.214632
-0.182067 -1.145267
-0.913617 0.752918
-0.321670 1.113639
-0.272815 1.176692
0.540460 -1.032076
-0.830917 -0.752488
-1.079649 -0.236028
0.628649 -0.949420
-0.266538 -1.149154
-0.162920 -1.176722
0.163079 -1.044746
-0.277475 1.120150
1.023438 0.522604
1.137625 -0.173880
0.382224 -1.073773
0.559290 -1.004032
0.642705 -0.972255
0.927168 -0.543537
-0.890533 0.725961
-0.205758 1.109097
-0.735991 0.907294
1.133782 -0.179181
-1.101007 0.283510
-0.930795 0.674834
-1.154100 -0.169129
-1.022105 0.296870
-1.044284 0.407070
1.038218 0.432494
-0.598189 0.913589
-0.055039 -1.182018
0.648717 -0.937553
-0.201532 -1.119732
0.005343 1.107038
-0.805317 0.779980
1.097273 0.150958
0.151271 1.110755
-0.534864 -0.986887
-0.260926 1.125150
-0.025490 -1.131837
1.105080 -0.200963
-0.884858 -0.707366
-0.932465 -0.615172
0.047520 -1.167072
1.041756 0.309124
-0.794661 0.783440
-0.955458 -0.582599
1.092903 -0.242458
-1.082367 0.236878
-0.797154 0.778244
-1.049584 -0.346639
0.499971 -1.014615
1.029832 0.414667
1.099401 0.067235
0.672960 -0.879269
0.411418 1.043823
0.988697 -0.498516
-1.027911 -0.552181
-0.757109 0.839208
-0.345447 1.096848
1.091922 -0.180233
-1.043689 0.366465
-0.867855 0.762827
-1.058883 0.274933
0.736393 -0.817585
0.896848 0.506200
1.001338 -0.462328
0.097245 1.124164
0.982496 -0.515176
1.077267 -0.204175
1.087301 0.199703
1.085464 -0.039033
1.001070 -0.458591
1.101425 0.005157
0.718616 -0.752423
-0.653211 -0.879462
0.852322 0.673487
1.086872 -0.200902
0.449251 -1.000331
-0.477240 -0.865552
-0.367720 1.018634
-0.610059 -0.875755
-0.976136 0.476435
-0.469622 1.043094
0.626050 0.887087
-0.910106 -0.628126
-0.746134 -0.788207
-0.805581 -0.739564
1.078120 0.293230
-0.924981 -0.563809
0.546893 0.881005
-1.033649 -0.298180
0.225318 1.053458
-1.028986 -0.356887
-1.031515 0.344660
0.195192 1.091381
0.675363 0.830526
0.798473 -0.713878
-1.074742 -0.437749
-0.970761 0.459222
0.524707 0.921026
-0.028484 1.007965
0.732914 -0.789578
0.864194 0.619072
1.085398 0.222260
-0.896238 0.552410
-1.070239 -0.055672
1.033894 -0.030226
-0.346309 1.025392
-0.560791 -0.879581
-0.968551 0.484087
0.918429 0.530658
0.966176 -0.403276
0.292708 0.912351
-1.005456 0.302474
0.985430 0.370823
0.194101 -1.101944
-0.762459 0.659073
0.945536 0.454798
0.808790 -0.666163
0.839009 0.622382
0.506992 0.933134
-0.719014 0.899872
-0.373558 1.026227
0.097129 -1.076224
0.972439 -0.525827
0.959679 -0.492731
-0.053063 0.984824
0.038597 -1.092289
1.049619 -0.044210
1.009228 0.337880
-0.919817 0.471710
-1.017746 -0.331999
-0.972288 0.440181
-0.763503 0.651426
-0.919142 -0.076663
0.122507 1.078967
0.944836 0.339617
-0.359726 1.028629
1.018745 -0.390955
-0.205315 0.994797
-0.667198 -0.733977
-0.962142 -0.414907
-0.896420 0.575478
0.848815 -0.577475
1.022580 0.311294
-0.633406 -0.821962
-0.817423 0.613453
-0.228530 -0.956342
0.899534 -0.493332
-0.284581 1.007982
0.750301 -0.734245
0.924986 0.352617
0.405688 -0.940118
0.987737 -0.360557
-0.645519 -0.866795
0.588673 -0.820350
-1.002458 -0.272607
-0.921988 0.480453
-0.552179 -0.811842
0.740114 0.662036
-0.894709 0.361221
1.045216 0.029412
0.914108 0.445950
0.227608 -0.990199
1.012057 -0.029246
1.045372 -0.033766
-0.871181 0.386096
0.721311 -0.724142
0.741075 -0.711362
0.796370 0.515363
-0.588615 -0.828237
1.016483 0.046537
-0.951940 0.284109
0.959540 -0.380157
-0.690037 0.677354
-0.858867 -0.491094
-0.698844 -0.678379
0.771956 0.665852
-0.973777 -0.167536
-0.608871 -0.752694
0.925178 0.311451
-0.777407 0.623957
-0.556551 0.781857
0.638251 0.794187
-0.525801 -0.814463
-0.938633 -0.257917
0.993709 -0.004958
-0.499892 -0.868644
0.613811 -0.764948
-0.940925 0.160324
0.549588 -0.710020
-0.734994 0.667209
0.562903 0.805369
0.926010 0.337211
0.972921 -0.167493
-0.192702 1.002026
0.043830 -0.955479
0.820379 -0.540023
-0.409149 0.953492
-0.553657 -0.793406
0.379760 -0.931587
-0.127587 -0.975456
0.684097 0.559074
-0.151822 -0.927575
0.388859 -0.939460
-0.546081 -0.794671
-0.906577 -0.324113
0.928025 0.204296
0.841678 -0.298931
-0.554285 -0.786258
-0.969955 -0.163691
-0.724247 -0.618776
0.417398 0.963049
-0.892660 0.416938
-0.493900 0.808275
0.172719 0.948220
-0.256908 -0.842429
-0.154858 0.960193
-0.848433 0.371291
-0.674798 -0.658187
0.543357 -0.737777
-0.711775 0.617659
0.933083 0.215731
0.714130 -0.695983
-0.379838 0.851130
-0.672141 0.582545
0.769661 0.534360
-0.752912 -0.562096
-0.153974 -0.934222
0.764359 0.559962
0.740177 0.571116
-0.922705 0.114031
0.411179 0.832086
0.771271 0.523702
-0.136661 -0.922623
-0.634153 -0.678622
-0.811129 0.423581
-0.320499 -0.836482
0.175856 -0.931751
0.443304 0.788440
-0.055608 0.943149
-0.890117 -0.090609
0.897160 -0.052819
0.800876 0.451512
0.592362 -0.741640
0.910112 0.285921
-0.793516 0.402220
-0.831693 0.165458
-0.892695 -0.225157
0.061298 -0.969329
0.877758 -0.262508
0.502454 0.760801
-0.895343 -0.009549
0.831051 0.353404
0.891221 -0.443709
0.437378 0.787221
0.790072 -0.482193
-0.673371 -0.599078
-0.778257 0.437207
0.470960 -0.760103
0.548442 -0.702951
-0.511914 -0.764707
0.525848 0.726882
-0.429281 -0.730220
0.874410 -0.184330
0.853706 -0.288449
0.849751 0.272477
0.739751 0.588003
0.005896 -0.884670
0.257953 0.899757
-0.784063 0.439179
0.263531 -0.894848
0.685524 0.580895
-0.727316 0.432951
0.085752 -0.791410
0.422378 -0.753233
-0.424001 0.759753
-0.385331 0.783633
-0.491104 0.772013
-0.695823 0.595953
0.743114 -0.518048
0.824147 0.374649
0.519129 -0.681980
-0.209258 0.833269
-0.813016 -0.237804
0.794154 0.405428
-0.877114 0.098292
-0.546446 -0.654272
-0.635937 0.688320
-0.381180 0.776156
-0.275368 -0.769090
-0.535819 -0.662569
-0.305832 -0.850281
-0.339074 0.781112
-0.763340 0.481383
-0.820083 -0.084876
-0.437311 -0.731214
-0.883806 0.105326
-0.105500 0.846574
-0.831726 -0.138138
0.428242 -0.742038
0.496752 -0.691751
0.409517 -0.731893
0.546421 -0.599286
0.823901 -0.029790
0.649416 -0.511884
0.377325 -0.737828
-0.373947 0.730456
-0.773063 0.215448
0.342432 0.727641
-0.707453 -0.352123
-0.140966 -0.912798
-0.695138 0.400070
0.486219 0.720299
0.400073 -0.752449
-0.397184 0.702637
-0.277754 -0.767264
-0.356752 0.750576
-0.466478 -0.608469
-0.779698 -0.272940
0.801589 0.012989
0.339704 0.710696
0.067034 0.813538
-0.666912 0.449506
0.740910 0.161449
-0.766818 0.007621
-0.149931 0.839092
-0.420482 -0.730034
0.485967 0.590112
0.553013 -0.563536
0.095476 -0.800373
0.366360 0.707701
0.344288 0.704392
-0.287382 0.758625
0.516089 -0.539825
-0.223957 0.765121
0.509201 -0.550747
-0.616101 -0.517109
0.711753 0.394760
-0.660307 0.409596
-0.464045 -0.608139
-0.731492 -0.317745
-0.752210 -0.042882
0.499549 -0.570964
0.328072 0.687577
0.152244 0.743262
0.413630 0.645633
0.758221 0.002147
-0.477149 -0.625173
0.458819 -0.572821
0.475675 0.569860
-0.721977 0.241806
0.378893 0.671385
0.750824 0.053978
-0.755224 0.009026
0.750298 -0.002269
-0.746391 0.009815
0.754380 0.013155
0.190861 0.724537
-0.726023 0.207008
-0.702760 0.109148
-0.749657 0.053167
-0.504179 -0.562176
0.514005 -0.534677
-0.341662 -0.656651
0.703433 0.229112
0.578734 -0.496471
0.705077 0.067659
0.325793 0.646207
0.711333 -0.095495
0.481222 -0.565734
-0.744624 -0.022354
0.731133 -0.034146
-0.656505 -0.197830
0.644384 -0.106981
-0.737921 0.052078
-0.302060 0.614829
-0.000488 -0.651251
0.691574 -0.174508
0.614097 0.300727
0.324240 0.644819
0.063294 0.716275
-0.071715 0.628372
-0.424810 0.616616
0.700869 0.067194
0.632412 -0.243961
-0.696078 0.085142
-0.457796 -0.497670
0.428147 0.587170
0.680501 -0.010831
-0.557593 -0.408882
0.590736 0.318090
-0.684292 0.025735
0.687262 0.062798
-0.684819 -0.145667
0.347561 -0.561914
-0.398138 -0.551494
0.282557 0.635485
0.591489 0.328496
-0.333320 0.580935
0.636096 -0.068111
0.318397 0.647208
-0.275999 -0.663461
0.456209 -0.555725
-0.137228 -0.600039
0.603889 0.251583
-0.623563 -0.207001
0.518371 -0.377842
-0.086743 0.628511
0.475710 -0.400105
0.634995 -0.082232
0.587836 -0.179903
-0.537750 -0.212986
-0.520741 0.282392
0.447416 -0.417636
-0.146718 0.585059
0.452485 -0.370064
-0.302508 0.552071
-0.050927 -0.602429
-0.590434 -0.259920
0.653637 0.080937
0.228163 0.603227
0.639320 0.036785
0.418130 -0.421701
0.611162 0.029874
-0.110259 0.605741
-0.568393 -0.207654
-0.130497 0.602835
-0.586671 0.118587
-0.012519 -0.642098
-0.551900 0.284121
0.544970 0.242133
0.619224 -0.068178
0.432336 -0.419334
-0.196325 0.492637
0.171606 0.607089
0.449217 -0.375792
-0.584005 -0.179703
0.087531 0.574586
-0.500965 -0.261096
0.082257 -0.520527
-0.132096 0.556984
-0.577870 -0.196269
0.285486 0.507747
-0.559761 -0.000758
-0.518877 -0.233957
0.441691 -0.365435
0.500113 -0.154828
0.293309 -0.489137
0.189987 0.515187
0.085821 0.538108
-0.052664 -0.561020
0.161230 -0.516504
0.153665 0.523729
-0.568672 0.067443
0.475756 -0.198367
0.203481 0.451598
-0.447289 -0.278224
-0.179164 0.565969
0.157339 -0.466623
-0.345911 -0.383031
-0.442360 0.233698
0.279006 0.370886
-0.475257 0.132738
-0.003987 0.502649
0.146199 0.490405
0.496011 -0.007515
0.255834 0.434514
-0.492067 0.038248
-0.461987 0.145628
-0.127701 0.478886
-0.428052 0.267772
-0.482547 0.040619
0.497828 0.322316
0.451955 -0.127656
-0.470689 0.069116
-0.444799 0.191353
0.158915 0.514900
0.033157 0.480425
0.135382 0.499219
-0.426247 0.239999
0.159818 -0.474518
-0.441389 0.193140
-0.349309 -0.324822
-0.212645 -0.396119
0.351080 -0.321962
-0.469780 0.051415
-0.150306 -0.398399
-0.256641 0.359000
-0.456232 0.075603
-0.244888 0.350750
0.230986 0.426249
-0.392685 -0.176389
0.003368 -0.443716
-0.113936 -0.426117
0.169064 0.403760
-0.220198 0.386235
-0.002110 -0.434030
-0.392542 -0.098754
0.437143 -0.108506
0.164410 0.404167
-0.352744 0.269778
0.394239 -0.148063
0.199557 0.353826
-0.421154 -0.137659
0.027185 -0.416257
0.028271 -0.426732
0.406588 -0.068050
-0.393082 -0.026120
0.046662 -0.410757
0.392681 -0.018667
-0.137168 -0.421897
-0.032602 -0.380251
0.109384 -0.380186
-0.240025 0.365157
0.217784 0.298314
-0.426589 0.089367
-0.189096 -0.354111
0.392747 -0.012144
0.230058 0.298337
0.378059 -0.045929
0.103483 -0.366377
-0.346315 -0.064948
-0.342724 0.119109
-0.264524 0.243005
-0.050068 -0.348354
-0.366016 0.010289
-0.192270 0.288356
-0.009374 -0.369054
0.319089 0.112469
-0.306418 -0.133086
0.225806 0.296673
0.348665 0.023137
0.348958 -0.094130
-0.064044 -0.342388
-0.319923 0.160399
-0.226715 -0.319208
-0.257711 -0.206056
0.316440 -0.065435
0.018329 0.330224
0.315251 -0.094590
-0.286991 -0.185065
0.252290 -0.192834
0.179566 -0.271416
-0.284967 -0.140603
0.345067 0.011115
0.008342 -0.333436
-0.283457 -0.142299
0.065408 -0.311745
0.224259 0.264892
-0.105796 0.294091
-0.199240 0.227951
-0.221837 0.167196
-0.209596 -0.207342
-0.238463 -0.199788
0.233635 0.191523
-0.220016 -0.150695
-0.068341 0.258169
0.255649 0.045218
-0.155510 -0.186771
-0.067357 -0.219585
-0.260992 -0.022354
0.058059 0.220016
-0.047179 0.222511
-0.182707 -0.118484
-0.219578 -0.124360
0.027875 0.181266
0.100573 0.129054
0.113810 -0.136243
0.183326 -0.042594
-0.130921 -0.081554
-0.006281 0.147893
0.147514 -0.092796
0.086990 0.128212
0.043707 0.161092
-0.058869 -0.156974
-0.104595 0.123278
-0.080987 -0.011371
0.047937 0.143084
-0.120797 0.062242
0.016087 0.141151
0.178924 -0.038530
0.018121 0.058789
0.062348 0.028125
-0.007147 0.041897
-0.677857 0.025422
-0.752961 -1.216693
1.103195 0.576980
-0.875710 0.944427
-0.006744 -0.369714
-0.141788 -0.924489
0.390235 1.255288
-0.714742 -0.681732
1.227913 0.366208
0.159173 -0.867629
-0.532461 0.054525
0.349693 -1.194811
-0.345148 -0.118702
-0.294089 0.156102
0.121443 0.139431
-0.730369 1.027988
-0.001933 -0.882040
0.747574 -0.967110
-0.309377 -0.794978
-0.947432 0.967669
0.487474 0.724035
0.535115 -1.261956
-0.841632 0.366961
0.648252 0.601438
-0.984641 -0.583330
-0.816562 -0.878651
0.827568 -0.657770
-0.178236 -1.348332
1.160700 0.647845
-0.285362 -0.157148
0.371083 -0.039083
1.337957 0.216397
-0.461288 0.137236
-0.567104 1.211039
0.677084 0.018550
-0.382817 0.997932
0.097784 0.575073
0.591290 -1.062395
1.233867 0.352961
0.482851 -0.580293
1.138748 -0.220187
-0.435013 -1.001615
1.458309 -0.148331
-1.282128 0.585288
-0.096820 0.294668
1.364262 -0.283266
0.311392 -0.112304
-0.900493 0.077921
0.201852 -1.433989
-0.150392 -1.220857
-0.439839 -0.106915
0.997212 -0.476112
-0.624704 -0.552771
0.507740 -1.116424
0.961736 -0.161984
0.842580 0.608615
1.277203 -0.385445
0.831868 -0.030245
0.953640 -0.473403
1.036570 -0.694531
0.908362 -0.511700
0.729075 -0.051681
-0.449117 0.743583
-1.193070 0.133564
-1.079090 0.872357
-0.556901 -0.663635
-0.206418 1.129643
1.089302 -0.030918
-0.567565 -0.020742
-0.532772 -0.994196
1.004658 0.234380
0.564813 0.329380
0.531634 -0.603576
1.239967 -0.426534
-0.491758 0.773993
0.308616 -0.130248
0.790716 -0.596689
-0.022048 -1.111273
1.091484 0.543742
1.185594 -0.555338
0.007420 0.088579
0.540802 -1.019677
-1.024597 0.310424
-1.348523 -0.396300
0.693462 -0.479663
0.162697 1.172708
-0.505971 -0.682115
-0.646777 -0.665792
-0.924355 0.472014
1.320408 0.442678
-0.979257 0.652078
-0.669841 0.973647
-1.031920 -0.257650
-0.132864 -0.076638
-0.546550 -0.216428
-0.666393 -0.708065
-0.218801 1.050387
-1.080699 -0.722532
0.255220 0.387079
0.034276 -0.889160
0.937780 -0.554703
-0.124279 -1.381417
0.620587 -1.185056
0.241667 -1.343083
-0.172420 0.998158
0.751175 0.637756
-1.136231 0.193474
1.193582 -0.043732
-0.598305 -0.881547
-0.049430 -0.188871
0.922584 1.007632
-1.281958 0.461153
0.675208 1.027628
0.462643 -0.255408
-1.225566 -0.042766
-0.105806 -0.965610
0.235675 0.615634
0.467699 -0.760165
1.366899 -0.282213
-0.776567 -0.071381
1.174100 0.020649
-0.133651 -0.390045
0.679776 0.341034
0.275634 0.370381
0.964746 0.971628
0.513258 0.823083
1.010997 0.430447
-0.343977 1.429983
-0.405355 0.262819
-0.900572 0.913142
-0.786755 0.635801
-0.673676 0.450910
-0.212885 1.279459
-0.937131 -0.596538
1.102089 0.749954
-0.658694 0.046894
1.111918 -0.210455
-0.868003 -0.858286
1.100394 0.189231
-1.163065 -0.900494
-0.229976 0.389160
-0.030221 -1.123696
1.457191 -0.214330
1.354005 -0.297459
0.480791 0.762244
-0.463914 -0.263739
-0.255664 0.359660
-0.423804 -1.305193
0.378542 0.307317
1.271924 -0.134524
-1.438884 -0.065764
0.084483 0.574442
-0.524334 -0.541419
1.159158 0.707870
0.338239 0.731632
0.515257 -0.157303
1.227331 0.594248
0.916953 -0.461838
0.240838 0.134756
-0.715772 1.075929
-0.499953 -0.621767
1.179317 0.504774
-0.738453 0.113985
0.729729 0.076908
0.979193 -0.522647
-0.801348 0.731003
1.031352 0.498017
1.233310 0.098793
-0.778869 0.800639
0.618259 -0.130430
-0.671447 0.668000
0.390492 -1.314319
0.335768 0.666934
-1.167584 0.732211
-0.739040 -1.161460
-0.912802 0.755935
-0.462132 0.177818
-0.781314 0.622931
1.413182 0.226215
-0.475679 0.088999
-1.383421 0.238882
0.705912 -1.177817
-0.633021 -0.291618
1.092258 -0.194387
0.543868 -0.734504
-0.764293 1.091185
-0.452015 1.192991
1.078139 -0.664349
0.821798 0.003649
-0.850999 1.024598
0.053504 -1.398583
0.618274 -0.961546
-0.658825 -0.851687
-0.202547 1.245234
-0.221367 0.564293
-1.118249 0.341249
-0.895766 -0.676686
0.388834 -0.533575
-0.433977 1.076246
-0.071980 -0.582701
-1.275127 0.110030
-0.090994 -0.616986
-0.106003 0.571744
-1.220514 -0.270726
0.672777 0.006401
0.560002 -0.344198
0.162390 -0.903403
-0.729965 -0.369771
-0.393594 -0.036551
0.350373 0.066785
-1.184362 -0.182313
-0.806495 -0.668541
-1.179492 0.605810
-1.351379 0.492006
-0.983542 0.242510
0.262814 0.769020
0.485565 -1.014739
0.145241 0.958638
-0.377990 0.866296
0.972536 -0.811849
-0.560492 1.191093
-1.365609 -0.303527
-0.373437 1.210225
-1.339857 0.223511
-1.075337 -0.727166
-0.748440 0.054434
0.082876 1.094434
-1.032211 -0.257395
-0.689303 0.326188
0.415639 -0.733475
0.387278 1.257063
-1.328626 -0.293963
1.086739 -0.202232
-1.444133 0.252455
0.191672 0.351657
0.396725 -0.964158
-0.778294 0.793192
0.174214 -1.265727
-1.162294 0.415061
-0.976454 0.479480
0.964423 -0.342008
0.224836 0.366380
-0.171231 -0.221612
1.065126 -0.824632
0.613295 0.805213
0.475276 -0.564037
-1.327119 -0.149308
1.097588 0.150114
-0.581608 0.797497
-0.908334 0.068014
1.391985 -0.374810
-0.892646 0.106600
-0.764701 -0.689956
0.617658 1.312920
0.126747 -1.054913
-1.310384 -0.194266
0.176896 -0.065030
0.891901 0.983685
-0.340977 -0.132200
-1.086835 -0.441909
-0.271490 -0.762864
-0.061319 0.844581
0.000127 -0.883835
0.381650 -0.008891
-0.107692 -0.429718
0.951160 -0.247342
0.664741 -0.705541
0.542389 -1.234359
-0.202651 1.323536
0.867687 -0.810762
-0.303492 -0.347357
0.382215 -0.841175
-0.848163 -0.500643
-1.447631 0.255627
-0.102651 0.604988
1.319351 0.668063
0.150881 -0.901980
-0.252435 -0.780066
-0.482928 0.028649
-0.954317 0.877595
0.834832 1.108347
-1.344510 0.262438
-0.058225 0.583965
-0.710832 -1.213100
0.847126 -0.535840
0.601463 -1.186937
-0.674962 0.663612
0.212941 0.612171
0.071188 -1.086931
0.120234 -0.477382
-0.681888 1.115971
-0.386808 0.920992
-0.294933 0.026893
-0.009658 -1.480830
0.462039 -0.427418
-0.494351 -0.758015
-0.637116 -1.050314
0.733349 0.539830
-1.146442 0.730559
0.039540 -1.478151
-0.021793 -1.226856
0.403667 -0.734360
-0.914914 -0.078565
0.085653 -1.452900
0.069143 -0.174257
0.192420 0.514648
0.601438 -0.983168
0.634013 -0.942072
0.293479 1.196519
0.619967 -0.051989
-1.255693 0.412039
0.426983 0.646463
-0.058434 -0.395460
-1.108867 -0.373207
-0.097127 0.148766
-0.384886 0.966963
0.010857 0.210517
0.445047 -0.441109
1.124022 0.603438
-0.739368 1.098071
0.586149 -0.237444
-1.343923 0.177876
0.905966 0.344644
0.379413 -0.542242
-0.430932 -0.555303
0.387080 -1.329997
-0.518120 -0.231820
0.847889 0.634385
0.367457 0.708977
0.951755 0.984441
-0.074795 -0.624184
-0.971464 0.659407
0.936508 0.341153
0.468992 -0.614304
-0.226286 0.769025
-0.220656 0.571076
-1.304455 -0.266428
0.926879 1.076480
-0.756431 0.849482
0.030576 -0.850163
0.330483 -0.113986
-0.252858 -1.091151
0.247116 0.262419
-0.065418 -0.351379
-0.914697 -0.053438
0.818023 -1.178211
-0.477973 0.082334
-0.808331 0.774920
-0.345584 -0.862931
-0.765455 0.422016
1.176960 0.050044
0.225716 0.598015
-0.623576 1.021497
-1.086401 -0.696937
-1.273553 -0.308209
-0.631874 -1.014788
1.230051 -0.695820
0.236853 0.353390
-0.922797 -0.851281
-1.225057 -0.239055
-0.744734 0.050833
-0.915890 -0.295847
-0.721327 -1.000114
-1.171095 -0.775385
-0.220164 1.296595
-1.131661 0.497090
-1.267613 0.245095
0.719072 -0.706420
-0.494072 0.046177
-1.016209 -1.053464
0.907632 -0.516024
-0.571122 -0.126202
0.119915 -0.152100
-0.180089 0.979028
-1.106858 -0.498204
-0.367193 -0.025854
0.411751 -0.730927
-0.615201 -0.815019
-0.450489 1.104628
-0.502960 -1.061533
-0.410111 1.095340
0.817851 -1.177492
0.089561 0.073460
0.788162 0.410020
0.234850 1.048961
0.030252 0.547554
-0.326775 -0.320836
0.215662 0.360199
1.034744 0.217611
-0.382047 0.041174
-1.108728 0.898695
0.189168 0.383143
-0.707076 1.080197
-0.747843 -0.016353
-1.171749 0.637370
-0.218327 -1.137212
1.192918 0.840937
-1.201636 -0.203232
0.932544 0.023883
-1.046923 -0.564433
-0.761219 0.702350
-0.274829 -1.155426
-0.118306 0.077830
0.964917 -0.432027
-0.484668 0.048336
1.077607 0.606936
0.745107 0.597706
-0.953812 0.459994
-0.909041 0.780004
-0.237592 -0.312833
-0.317480 0.789938
-0.523406 -0.228528
-0.819303 0.858187
0.391320 -0.059356
0.343238 1.182598
-0.930278 0.666077
-0.986856 0.321309
0.394322 -0.736217
0.075835 -1.424634
-0.790263 -0.945360
-0.449546 0.208545
0.195325 1.420250
-1.186494 0.106387
0.995333 -0.001331
0.722395 -0.510856
0.776429 -0.741652
1.225713 0.317890
0.637388 0.793875
0.772286 0.528774
0.272554 -0.161986
1.368851 -0.472258
1.298643 -0.353565
0.248246 0.627517
1.428890 -0.236157
0.298509 1.021015
-1.154742 0.158821
-0.281734 0.738652
-0.684679 -0.968019
-0.688373 0.085798
-0.916173 0.467583
-0.241799 -1.179586
0.969039 -0.357158
0.742700 1.022783
0.988227 0.334979
0.278392 -1.469940
-0.629680 1.028769
-1.384394 0.267166
-0.737167 0.701627
0.561107 -0.556692
-0.888915 -0.433588
-0.447244 1.435157
0.101288 0.158442
0.217704 0.710373
1.043356 0.410911
-0.182247 -0.144458
0.474352 -0.610873
0.903934 -0.022105
-1.083307 -0.362601
-0.004489 1.120156
-0.516184 -0.829588
1.103202 0.051448
0.786529 0.396184
0.783558 0.714053
0.602951 0.781437
-0.226093 -0.933556
-0.708507 0.060666
0.230938 -1.448780
-0.417780 1.156205
-0.105922 0.486687
0.555694 1.306506
0.567109 1.310592
-1.114640 -0.512829
0.561104 1.353378
0.486569 0.833351
0.353880 0.687263
-0.103401 0.491378
0.873449 1.040929
0.096962 -1.481402
1.170695 -0.336253
0.976802 -0.543577
-0.157738 -0.940395
0.799756 0.008664
1.196778 0.412138
1.061028 -0.027855
-0.269019 1.357298
-0.753048 0.474731
0.407251 -1.318249
0.165640 -0.920332
1.091503 -0.206519
-0.713076 -1.212960
-0.759936 1.054377
0.269038 -1.353761
1.361100 -0.409742
0.742801 -1.090807
-0.558600 -0.375139
-1.343487 0.112023
1.218386 0.006964
0.775886 1.010729
0.635115 0.192824
0.715953 0.407228
0.771384 0.500878
-0.225447 1.021299
-0.376288 0.768562
-0.744726 0.414456
0.911636 0.544291
-0.009598 -1.122866
-1.371603 0.210248
0.554972 1.359364
0.119878 1.089317
0.778470 -0.750726
-0.820888 -0.840703
1.282063 -0.392994
-0.382454 0.984930
-0.720968 0.609885
1.384875 0.574343
0.407983 -0.443236
0.220131 -0.497684
-0.004877 -0.225477
0.401291 0.685335
-0.486430 -0.642581
1.267215 -0.635434
0.549234 -0.328317
0.090558 0.794833
-1.409366 -0.335845
-0.694408 -0.742988
0.232105 0.611624
-0.068319 -0.825521
0.599097 -1.031922
0.184939 0.472378
-0.513199 0.868866
0.396768 -0.131803
1.020202 0.427680
1.304434 0.279075
-0.161837 1.289731
1.152689 -0.607466
-0.227697 1.008032
0.489953 1.087271
-1.282335 0.349565
0.708044 1.014654
1.249854 0.442719
0.947900 0.336539
0.115094 0.302797
-0.884795 -0.687994
-0.243318 -1.119218
-0.072203 -1.382768
0.990703 -0.029205
1.416997 0.229510
0.467339 -0.241424
-0.825545 -0.945354
1.106957 0.968514
-0.046079 0.795457
-0.432365 -0.084018
0.475500 1.119352
1.075722 -0.207312
1.222928 -0.060297
-1.008834 -0.941722
0.451777 -0.378126
-0.092706 0.899176
-0.063660 -0.341929
-0.310219 1.428503
-0.063435 0.010679
-0.994593 -0.149807
-0.620335 1.203590
-1.244094 -0.021708
0.680670 -0.877749
-0.720398 1.018583
0.922988 -1.154551
0.702164 1.151455
-0.910984 -0.345666
0.057801 -1.402220
1.049549 -0.654170
-0.264888 0.293986
0.720776 -0.649521
0.236006 0.500884
-0.957118 0.662675
0.592513 -0.741652
-0.497868 1.072533
-0.926636 0.124779
-0.619395 -2.439929
0.232900 1.687203
-0.484833 1.637586
1.111317 0.588893
-0.496171 -1.472399
0.352139 1.506053
-1.811391 -1.466888
-1.981017 -0.170877
-0.473354 0.205008
0.198992 0.720594
1.151263 0.487051
-1.106906 0.273578
1.500866 -2.258323
2.933167 -1.485724
1.488994 2.102126
-1.317336 -2.902654
1.735676 -2.062494
-0.312639 -1.623974
2.451573 -1.444830
-1.238315 1.204744
-2.883798 1.484984
0.444706 -0.998548
-2.119629 -2.870352
0.535833 -0.785948
1.198550 2.833084
1.166401 -0.927667
-0.514924 -0.236461
-2.700279 -1.730186
0.982768 -0.841147
0.089335 -2.777471
2.667569 1.133935
1.504873 -2.029390
0.742033 -1.532158
-0.906610 -2.786398
-1.380433 0.213642
0.980649 0.334448
0.730174 -1.092162
-0.300527 -2.897411
0.470338 -1.890631
-0.551179 -0.399190
0.702869 1.157312
-1.040131 1.643338
2.315653 2.109778
2.451211 2.340220
0.740161 0.949277
2.576623 0.384430
-2.177186 -0.028449
1.180909 -1.342808
2.538147 0.846901
-2.254374 0.026170
-2.880719 0.345448
0.232986 2.771354
0.316932 1.613030
0.514556 0.834319
2.817574 -1.041772
-0.672836 1.118041
2.181251 0.210224
1.482730 -1.852713
-2.181269 0.668474
-2.271939 -1.718548
-2.924664 2.640375
0.408603 -0.733379
1.462955 2.461153
-1.827423 -0.021083
0.488154 1.575661
-0.037382 0.368038
1.973885 2.539068
-2.888543 0.005438
0.413109 -0.726057
-0.719153 -0.687596
0.305689 -2.729941
1.015397 -0.029816
-1.410483 -1.220928
-1.438109 1.706156
1.828527 1.350278
-1.839394 -1.139880
0.148022 2.185933
2.548848 0.662077
-2.916291 1.314036
0.700670 -2.618409
2.701057 1.763100
0.339919 -0.008498
0.849397 0.693375
-0.659954 -0.608909
-0.084056 -2.766492
0.625863 -1.188190
2.557089 2.833816
-0.630746 -0.577820
2.779575 1.419763
-2.242023 0.163775
-2.189525 -1.757141
0.033973 -1.474438
-2.870851 -0.395862
2.687821 -2.505445
-1.007619 -0.157668
-0.931580 0.664253
0.492085 -0.615051
2.272992 1.736245
2.068407 -0.212924
2.432354 -0.211185
-1.285687 -1.638277
-0.058479 0.976428
0.594662 -0.528321
0.560888 1.400720
-1.108531 2.990149
2.357332 -0.037797
1.727575 0.368998
0.672187 0.060654
-2.676544 2.609013
-0.478838 2.404956
1.074413 -0.207578
-2.997588 0.386506
-0.740518 0.903514
0.628297 2.059081
1.973075 -2.209558
0.768457 0.585189
-1.286542 0.751289
0.521000 -0.524435
1.188343 -0.569824
2.186877 -0.616931
-1.063914 -2.316067
-0.535132 0.060095
-0.591122 -0.269733
0.731516 0.453437
-0.418516 1.191212
-1.808581 -1.922016
-0.939923 0.500775
0.976319 -0.531083
-1.485800 -0.842762
0.166288 -0.495118
0.114070 -2.376206
1.625303 -2.203139
0.413148 0.830810
-0.205741 1.107553
-0.732455 1.052147
-2.522244 1.120510
2.896903 -0.970621
2.249770 0.840987
0.416966 -0.420176
-2.034171 0.037005
-0.198720 -1.007611
-0.928968 0.472323
0.555071 -1.298104
2.497833 0.116863
-1.842224 2.474367
-0.002495 -2.652317
-1.750833 -2.376290
-0.504908 -0.002937
0.700110 0.816587
0.095142 1.616695
-0.137154 0.572027
0.730837 -2.281705
0.264061 1.897906
-2.132727 1.749431
-1.667705 0.163256
0.116111 2.912308
-2.866017 1.578011
-1.053825 -0.238432
0.230644 -1.338782
2.199650 -1.460801
1.221102 -2.817540
0.661445 0.037320
-2.792573 -1.303670
1.390372 0.212744
-1.441810 1.637312
-1.457584 2.769950
-0.928215 -0.631259
1.696496 -2.491186
2.942831 2.137714
-2.141965 2.150019
2.407851 2.339521
2.848442 0.340116
0.819626 -1.184894
2.963478 -1.372661
0.276425 -2.901394
0.158556 0.091085
-2.842689 -1.398110
1.156066 0.739667
-0.348574 2.561125
0.489464 0.584299
2.938510 -2.989015
1.501034 1.414489
-0.258148 0.311462
-2.658423 1.701727
1.791625 -1.201790
-1.216012 0.414018
-2.834364 0.060919
-0.713903 0.458973
1.499150 0.866264
0.066849 -0.240792
0.245711 0.347863
2.756606 2.845956
-2.806062 -0.714082
1.256324 -0.395902
-0.209991 1.276989
-1.671404 0.826849
-1.397568 -2.313849
-2.511156 -2.388912
-0.428287 1.000013
-2.345887 -1.997401
-0.945275 0.870844
-2.139462 -0.513686
-2.319948 0.429317
-2.833300 -0.061439
-0.630897 1.019500
-0.285571 0.240357
-0.131565 -1.589515
1.818980 -1.033330
-0.585645 -0.191664
1.643246 -0.135441
-2.937814 1.169945
0.231764 -1.128242
1.775802 -1.498364
-2.126651 -1.424264
-2.053620 -1.563498
-1.874210 -0.845812
-0.594758 1.012448
-2.283258 -2.238925
-1.414215 0.225656
-1.113198 0.886747
2.464637 2.667824
-0.800660 0.775790
0.073756 0.573932
1.301272 -0.405714
0.132307 2.115381
-1.044061 0.367557
2.156936 1.023674
0.351099 2.986345
1.141367 -2.032148
-0.282879 0.207240
0.769854 -0.654128
-1.259419 0.246885
-2.943909 -2.379733
0.460536 -0.355546
-1.131335 -0.231215
0.103606 0.575350
-0.441151 0.540896
-0.772237 0.485416
2.065980 -0.419467
-1.632598 -1.639193
-1.636142 -0.398684
0.642565 1.040210
1.898109 1.944354
1.211259 1.734314
-1.557866 -0.843093
0.445315 0.975294
-0.906074 -1.697457
-2.658214 -1.673965
0.984615 -1.412470
-0.016499 -0.549528
0.424295 0.794748
1.901011 -0.480039
-2.438537 0.002394
2.852100 0.081807
-1.992100 0.838868
0.795695 -1.085134
-0.138706 -1.709982
-2.921182 -1.118038
-0.188230 -0.228834
-0.255571 -0.206296
-1.080283 1.153289
-0.967752 0.315473
0.143377 -2.488860
0.027115 0.061635
0.114494 -0.366193
-0.304519 -0.201818
0.866167 -2.523382
1.982397 -1.826806
-1.355281 2.278681
0.363180 1.271519
1.030379 0.341060
-0.885422 -2.597888
-1.262384 0.302937
1.642796 0.789629
-0.433576 -0.380023
1.846190 -1.152918
-1.717841 1.624565
-1.148148 0.729094
1.399470 0.205485
-2.144890 -2.813403
-0.737504 0.119598
1.047384 0.210566
-1.754246 -1.346018
1.267887 1.045087
0.323308 -2.978319
2.009124 -2.130528
-0.388164 0.074113
-0.131812 -0.426897
2.856261 1.144240
-1.784387 -2.588633
-0.412909 -1.301408
-0.574789 0.167594
-2.119491 -1.258590
1.375914 -0.479212
0.863374 -2.658400
1.525836 2.573479
-1.735606 1.007869
0.605725 -0.008517
1.493570 -0.211817
0.829312 0.353607
0.582764 -1.250477
-0.446632 0.097324
-0.779075 0.803312
0.184185 0.402439
-2.207033 2.618840
-2.542867 1.375576
-0.857630 0.975746
-2.351608 0.140203
0.434431 -0.491629
0.167424 1.763520
1.440465 -1.016531
-2.100411 0.069366
0.306523 2.010150
-1.700297 2.822748
1.555176 -1.929168
-0.580677 2.929582
1.552482 -0.590750
-1.331490 -0.137566
-2.977238 -2.634313
1.373105 1.711992
0.100133 1.864919
1.241737 -2.722423
1.503746 -0.652032
0.679267 2.193462
-0.588804 2.750848
1.183848 2.517552
-2.981323 0.281928
2.378500 0.535590
-1.564106 0.575943
-2.275397 0.987311
-1.678296 0.544890
0.258999 -1.535901
-1.279730 -2.877081
-2.169872 -1.603868
0.683227 -1.571038
-1.055169 2.285779
-0.255839 1.389597
-0.335297 -1.539666
1.968812 1.758326
-0.441911 0.264725
-0.925807 -0.561083
1.049830 -1.765186
0.761134 0.994508
-0.313866 1.918321
1.706745 0.966929
-0.258206 0.746107
0.937376 -0.478333
-2.208954 0.870014
-0.402111 2.248984
0.632874 -0.943488
0.028204 0.179365
2.057399 -1.874682
0.439634 2.174752
2.656575 -2.403058
0.107160 -0.170026
-1.490165 -0.226551
0.241566 0.304895
2.693018 2.927872
0.746020 1.830945
-2.533713 -1.839756
-1.067223 2.738446
-2.946365 1.916387
1.936380 -2.103488
2.167270 0.084628
-0.361015 -0.815912
-0.132828 0.478490
2.375820 0.094759
1.100789 0.750202
-0.612056 0.960017
0.034452 1.404172
-1.234706 0.842087
-2.134108 -1.499358
-2.915446 2.689652
1.295674 -0.284105
0.042480 0.699211
1.174585 0.885405
-0.561103 1.661273
0.886624 1.035765
-1.964372 -0.848774
2.851334 -0.115618
-1.078084 -0.734348
-0.749454 -2.608854
0.717520 1.771547
-0.402369 0.720599
-0.854933 0.086429
-1.018338 -1.070556
1.184213 0.664869
-1.388099 2.508467
1.849668 -2.624607
0.264728 -1.288971
-0.072471 -0.567314
2.132138 2.098167
0.512091 -0.574544
-0.323297 2.508094
2.531210 -0.553954
1.094722 -1.693584
-2.917395 1.532655
2.630891 -2.500141
1.678466 2.902266
-0.948283 0.322022
1.300625 1.222719
1.195846 -0.001417
1.130984 -0.183040
-0.768467 -0.246425
-2.654071 2.333770
0.789880 -0.729446
1.243900 -0.417872
0.085050 -0.790179
-0.222965 -0.193893
-0.426406 0.764107
-0.016265 2.475235
-1.428718 0.259399
2.067162 -0.419832
-0.440165 1.786048
-2.127206 -0.372366
0.057680 -1.399074
-1.218317 2.728135
2.157906 2.621233
1.029590 -0.393907
0.800844 -0.413936
-2.251492 1.478863
-0.176473 0.575856
2.689795 -0.100980
0.870514 2.340650
-2.089651 1.089325
0.834761 0.378759
0.393973 2.260524
-0.188005 -1.342342
-0.431775 2.981085
1.506726 1.454052
0.476163 2.184324
-2.611560 -1.605712
2.948079 -0.098880
-1.803027 1.786827
-0.463484 -1.958937
-2.354947 2.953260
1.482029 -0.403155
0.154017 0.405075
-0.896061 0.470118
-0.396700 1.586049
-0.705195 -0.150341
-0.181266 1.154450
-0.813732 0.787551
2.466115 -2.883464
2.704521 -1.685098
-0.741821 0.873824
2.970314 0.997613
-2.649824 0.299347
0.100238 -1.497322
-2.813418 1.894146
0.427054 2.280720
0.785755 0.517979
-0.288983 0.545422
1.664813 1.944528
-0.030941 0.339302
-2.095294 -1.782368
-0.783600 -0.518307
1.361363 -2.384564
-0.137922 1.311862
-0.306727 -0.121900
0.165713 -0.288920
-0.545455 -0.794483
-1.253076 -1.985690
0.021057 -2.300243
-2.343703 1.212169
1.662589 2.482824
1.781774 1.853348
-1.698651 1.149747
-2.899706 -1.991882
-0.608046 -0.905708
-0.713511 -2.267479
-2.317222 -0.632937
-0.584059 1.529192
-1.073842 0.266252
0.347472 0.381137
2.509552 -2.989142
-2.577999 2.424939
-0.904996 -1.674027
2.623512 1.417419
-0.062610 0.509242
0.237895 0.153217
2.371562 0.968667
-0.320190 0.792406
-1.478510 -0.498947
-1.357142 -1.804217
-1.029832 1.203501
0.285386 -1.360138
-2.143240 1.698378
-2.435398 2.124961
2.221150 -0.125677
0.429253 2.629699
0.154812 -0.908227
-2.543857 1.876938
2.244756 2.689927
1.875044 1.188115
-1.297189 1.021099
0.167081 2.841468
-0.963500 -0.209348
0.328004 -2.375898
-1.044197 2.704968
-1.045140 0.945408
-0.183126 0.675237
-2.751150 1.902247
-2.777324 0.761853
1.163132 -0.421570
1.022100 2.165585
-0.417169 1.127199
0.216051 -2.194567
0.072366 -2.816306
0.704766 -1.181862
-0.405866 -2.789531
2.086203 0.540307
-0.275646 1.209723
-2.907579 1.019927
2.238409 -0.862741
0.937209 -2.330132
2.710654 -2.620816
-0.470053 -0.864782
-2.510256 0.831605
1.637314 0.345244
-0.081356 -0.814421
-1.563534 -1.647915
2.714843 0.665455
0.683604 -2.545120
2.840924 1.936213
-0.392430 2.078924
-1.585112 -2.381096
1.105308 0.136942
2.222549 1.389183
0.629561 0.316542
-1.479366 1.096118
0.602934 0.781399
-2.216936 -0.108649
0.710075 2.460635
0.187727 0.355354
-1.229529 -1.398289
2.381910 -2.639550
1.957365 -0.018905
-0.079496 -1.376723
0.590788 0.330655
0.163605 -1.635989
0.748928 -0.805822
2.302533 -2.509997
0.406142 -0.940268
0.575894 -0.794074
-1.563323 0.862512
-2.211506 -2.013312
-2.028914 1.345783
0.613102 2.938956
2.781403 2.270895
0.573751 -2.771440
0.694226 0.342719
1.501903 -2.121233
1.517555 1.156563
2.505638 2.126798
2.131142 0.504341
-1.074082 -2.446186
-2.262271 1.470632
-0.357917 0.242820
0.538942 -0.161174
-2.783590 2.611132
-1.179926 -0.697575
-2.871744 -2.615343
-1.239742 0.121401
2.573697 -0.194133
-0.271847 -1.120451
-1.168270 -2.037801
-0.770073 1.107785
0.507284 -2.974492
1.175077 1.214028
-2.568317 1.757355
-0.109822 -2.153176
-0.325962 -1.616454
1.225880 1.375995
1.089872 0.764748
1.182891 0.912396
0.711604 -1.071199
2.424618 -1.782804
-1.597388 0.068088
-0.653405 0.690521
1.892862 -1.919068
0.681155 -0.016460
1.560011 -2.879706
-0.434009 1.416828
-0.759557 2.503871
-1.589534 -0.831384
-0.230388 0.999674
1.376386 1.163709
1.349500 -2.930102
0.942393 -2.953028
2.225674 -1.690099
-1.020933 -0.335837
1.098446 2.931841
-2.545819 -2.349039
-1.854964 1.087029
2.098613 -2.191678
1.002713 0.235464
0.769438 0.534587
2.737809 1.828021
0.539539 2.945658
-0.424016 -0.516298
-0.979524 -2.775990
2.951670 2.822473
0.112826 2.792237
-1.966322 -1.029980
-0.778166 0.791531
0.807112 2.726394
-0.516481 -1.765175
2.945494 -0.543933
-2.104584 0.539514
-0.230522 -0.318676
0.365693 0.705503
-0.868744 -1.452614
-1.874581 -2.583205
0.500438 0.326220
-1.634414 -2.148089
2.377935 1.177762
2.238566 -0.911105
1.201737 -0.907444
-0.819068 -2.553143
-1.346381 -0.689464
-0.678065 -0.952937
-0.042715 0.036709
2.309799 0.511730
-1.214552 0.716485
1.305570 0.134138
-1.854780 1.508869
-2.290844 1.054069
2.021987 -0.126253
0.543123 -1.434501
-1.542651 1.263884
0.739483 -1.790148
0.830132 0.981708
-2.595064 -1.762515
-0.240260 0.053140
-1.476668 -1.142428
0.548323 -0.705980
-0.707396 -1.019815
-2.239720 -2.617204
-2.523951 -2.190448
-1.182850 -0.182906
1.450229 -0.695375
0.690094 1.051191
1.034467 -2.427632
-2.949702 -2.029171
0.019084 -0.453090
-1.614549 2.496318
2.895539 1.679537
2.482438 2.883790
-0.915783 -0.077842
1.681347 -0.060686
0.539708 1.300783
1.723581 -0.155602
-2.398592 -1.605671
0.222043 -0.235921
-0.643062 -0.664673
-0.642162 1.295795
1.743822 -2.682708
0.870470 -2.925072
-0.993484 -0.871054
1.137836 -0.173590
0.592925 -0.585793
-1.995349 2.637105
-1.421166 -0.283808
-2.570338 -1.924166
0.963590 -0.375939
-1.735374 1.225889
0.016946 -1.441553
-0.666760 0.449524
0.227926 -0.989957
-0.964775 1.060142
0.220610 0.292952
-0.656337 0.573597
1.070895 -0.862310
0.368948 0.716225
-0.851521 0.839651
0.678674 -2.372334
2.614418 -1.572493
0.581331 1.315684
-0.353960 -0.320269
-2.774377 -2.697622
-1.336799 0.949570
0.208993 0.461797
1.607777 1.359573
0.897498 0.572664
2.588682 0.277110
2.515425 -2.576355
1.590031 -2.470716
0.598442 -1.033636
-2.911537 1.039854
2.830920 1.659844
1.111038 1.487880
-0.878113 0.371616
1.353855 -0.297382
-2.844445 -1.556686
-0.230872 0.392274
-1.312192 0.923961
2.308091 1.695863
1.626032 2.860970
-1.021590 -0.343690
-1.052170 -0.540191
0.141332 0.870613
2.711611 2.682221
2.327979 -0.544420
0.108195 1.181231
-0.763507 -0.576162
1.262127 -0.901103
-0.266139 -2.202187
0.631277 -2.880524
-2.466011 -2.677858
-1.890566 -1.669993
-1.932812 1.702030
2.160401 -1.326579
2.756824 2.610008
-2.654499 -2.772540
-1.236825 1.780753
-0.863901 -0.862893
-2.332526 -1.670042
1.548370 -1.587918
2.065499 -2.428536
2.343041 1.009463
-0.708946 2.465593
-0.337169 0.779988
-2.390511 -0.978693
-1.292256 -0.039249
2.444377 0.380895
2.343314 0.483979
2.535027 -2.203457
-2.063103 -0.761636
0.791970 0.117628
-1.736231 2.637508
-0.929305 0.694912
-2.040487 1.676729
-2.008089 1.863836
1.146164 0.240954
0.442817 0.661808
0.777648 -2.594551
0.097191 -1.044158
2.179359 -0.103295
-2.714774 -1.186238
-0.058828 0.175884
-2.727107 -2.171643
-1.231848 -2.420660
-1.382072 -2.868045
-0.716796 -2.143740
1.215138 -0.582426
-0.023256 -2.438613
0.799256 -2.292638
-0.879634 -0.751099
-2.200757 1.313714
1.829015 1.433002
-1.887717 -2.503916
2.614519 -0.038803
-1.298733 0.604551
0.308589 -0.130352
-1.888265 0.258954
-0.347393 0.297661
-1.888094 1.282692
-0.037052 -2.869545
-2.140861 -0.036711
-0.396961 0.957035
-2.643857 0.937325
-0.209196 0.218531
1.840481 1.143883
2.939301 -2.160631
-1.935423 -2.051568
-2.652145 -0.459826
-2.167101 1.024569
-1.264437 1.926722
2.099583 1.226962
-0.191703 -1.145549
-2.051809 2.499976
-2.911307 -2.769567
-1.406928 -0.326228
1.046993 -0.035907
0.308813 0.704855
-1.070111 -1.745711
-2.125287 -1.464650
1.102262 0.575794
2.442654 1.492035
-0.969292 -1.323969
2.210929 -2.234312
1.017880 -0.705849
1.846673 0.464310
-0.277020 -0.911710
0.346952 -0.095468
0.036787 -2.571369
1.151903 -2.767886
0.121882 -2.955787
0.034676 -0.326621
-1.441250 -0.812451
2.731574 -1.103570
-2.515477 0.373894
-2.498795 2.171471
0.714809 -2.410790
-1.653039 1.980341
1.591104 2.524000
-2.494302 -2.876831
0.750726 -0.060339
-0.541612 -2.865747
2.699078 -0.475505
-0.562269 -0.530586
-1.272079 -2.266969
0.635378 1.892732
0.569083 -1.548269
2.646080 0.144575
0.942242 -0.183716
-1.897564 -2.525141
-0.813807 -0.840736
-2.487659 1.339338
0.657012 0.596114
-0.494206 0.057734
-1.059125 -0.684772
0.644651 1.554519
2.076328 0.684686
0.962746 -1.490214
0.469044 -0.149750
2.799675 -2.579891
2.370521 -1.923155
-1.133922 -2.242756
0.290935 2.802691
1.092398 -2.666143
0.050892 -1.959076
1.751183 -1.362830
-2.286160 2.132846
-0.121575 -0.917132
2.680060 -0.542688
0.320602 1.964677
-1.785222 -1.743475
-1.025124 0.332998
0.902389 0.956016
-0.439072 -0.597582
-2.600575 0.264944
-1.019307 0.617736
-0.773117 -1.132206
-1.231075 -0.377338
-1.713193 -0.097868
1.502721 -2.382252
1.506539 -2.306234
-1.729672 -0.030533
-0.658412 -0.139610
1.558952 0.783806
0.524520 -2.343322
-2.241415 1.257726
-1.550649 2.338994
2.841113 -0.409963
0.632532 -0.264611
2.857430 0.275411
-1.132224 -0.163955
1.793837 -1.284790
-0.248695 -0.814136
-1.452642 -0.086917
0.714718 -0.104361
2.912669 2.936785
-2.804137 2.304258
0.393325 -0.149696
-1.444691 -0.938846
-1.503227 -0.490102
0.014370 -1.121900
0.201894 1.222143
1.436327 -1.061796
0.092362 1.098717
2.585130 0.972634
-0.654488 -0.881565
-1.713211 -1.916384
-1.255163 -2.268516
2.417501 -0.777269
0.212285 0.626076
-0.884805 -1.528643
-0.397862 0.977301
-0.210674 -1.532904
0.844846 -1.196721
-2.693335 -0.524064
2.561047 1.714935
-1.314267 0.501068
0.612880 -1.072796
-0.621224 1.237489
-1.196206 -2.561576
-0.627897 -1.020112
-2.335227 1.122826
0.885318 -0.106506
-0.880546 0.766725
-1.810805 0.024181
-1.676436 1.352480
1.278984 2.014352
0.923041 -1.154987
1.313637 -2.913116
-0.500600 -0.888305
-0.107076 -1.625157
0.327111 -0.914263
2.252423 -2.076295
2.695587 2.809696
0.835109 -0.306458
-0.890251 0.925002
2.508170 -2.142919
-2.215843 -2.200533
-0.475721 2.058041
2.867282 1.357384
-0.721413 0.242097
-1.224390 1.349868
1.427973 0.962930
0.508150 1.594531
-2.346030 -0.905720
0.262725 -0.002516
0.761496 2.700346
2.483063 -1.849802
0.331352 0.089995
-2.430264 2.017527
0.485904 1.091680
1.294962 0.228511
0.945128 1.243396
1.879763 -1.515327
0.718092 0.721743
-0.293385 2.836424
1.217590 -0.895349
0.394393 -0.474819
2.452848 2.048874
1.921215 0.539640
-0.003953 -0.548519
-2.774497 -0.130331
0.714238 -2.404063
-1.818312 0.146131
0.708068 2.383647
-1.614060 0.526408
0.805685 0.006661
-0.194700 -1.697329
1.001655 -0.464421
-0.279735 -2.822804
0.154270 0.523106
0.951408 2.578400
-1.912828 -2.545150
-1.665701 0.108706
-0.202401 -1.117449
1.355753 -0.384669
1.105858 -0.201194
-1.798884 2.309019
-1.708742 -1.538519
-0.662328 -1.225539
-0.354767 -1.707205
0.571619 0.888960
-0.227051 0.378999
0.443313 1.121782
-2.316205 0.215520
-2.685054 -2.965841
2.086326 -1.670958
-0.845284 0.369278
-2.548135 1.305674
0.612047 0.036126
-0.447579 1.435621
1.223997 0.354399
1.800838 -0.751609
-1.386384 2.421328
2.612521 -2.483432
-0.883924 -0.840407
0.716353 -2.702356
0.860775 -0.281603
-0.218657 2.051204
-0.991492 -2.920770
-1.291523 -1.299512
-2.266433 -1.814173
1.088159 0.175404
2.202836 -0.103888
1.791722 -1.999373
1.960612 -0.754225
0.879300 0.494926
-1.431476 -0.789327
0.250794 -0.499145
-0.195241 -1.221824
2.266809 -0.874981
0.426053 -0.094168
0.623686 0.638414
-1.084214 1.480697
1.087225 1.763823
0.931208 -2.429628
-1.948004 -2.579562
-2.734130 -0.832053
-1.597594 1.220593
2.785346 0.360887
0.054836 -0.973522
2.194116 -0.104821
-1.296795 -0.529866
-2.495482 -1.932411
-0.312607 -0.793958
1.778933 1.127873
-0.314951 2.030640
-1.895235 -1.171065
2.680370 1.666996
2.252332 -0.589461
0.651393 -2.982351
2.772469 -0.662223
-1.893026 -1.407936
0.059390 -2.779340
-0.937271 -0.596979
1.817199 1.985817
-0.452641 0.861752
-1.808110 -2.403698
-1.365595 1.541869
0.592734 -1.208447
-2.230614 -2.434934
1.099025 0.062801
1.451785 -0.348175
-0.503395 0.809254
0.189501 -0.886141
-1.205326 -2.959513
-2.367692 -1.445643
-1.290407 1.067485
1.807984 0.341870
0.102723 2.149442
-0.477783 -2.536396
-0.443215 -0.624585
2.690750 2.665160
-2.564907 1.678101
-1.065855 -0.048013
-0.027030 0.486664
1.946758 0.579758
1.460343 -0.111423
-1.576716 2.026877
0.236945 0.621933
-1.952993 1.985599
-2.372185 -2.886888
1.058140 -1.046551
-0.736696 1.330444
-0.162210 -0.377108
1.635482 2.284613
-1.368263 2.283581
-1.193952 -0.178556
1.034525 1.022042
0.106720 1.470395
1.226983 0.290863
-1.643429 -1.465585
0.157378 0.484502
0.003717 1.312042
-1.477885 2.172186
-1.883066 2.379377
-0.169086 2.745655
-2.202563 2.993883
-1.327450 1.809034
-1.112114 -1.481311
0.616721 2.716859
1.316033 0.340992
1.086669 -2.715733
-1.578108 0.834230
-1.170206 0.377586
2.287010 -0.547919
0.800765 -0.849219
-0.812859 -0.925058
1.821568 -0.357938
-0.618071 1.117203
0.893893 2.588977
1.519955 -2.646751
-1.318844 -1.691402
-0.291829 -2.536828
2.402693 -0.530929
2.231914 0.583551
0.545404 2.270600
2.445868 1.214776
0.368458 -1.090346
-0.601470 -2.315580
-0.012128 -1.480418
0.722809 -0.704594
0.494639 -0.415922
-2.970142 -1.098755
-2.118131 -0.972676
0.591983 -0.025972
0.000560 -0.371549
0.919548 -1.719606
1.187050 0.405675
-1.889740 -1.970956
-2.624281 -1.434492
-0.731348 1.060650
1.175979 0.019594
-1.824995 -2.504960
1.500745 2.753841
-0.675837 0.022233
0.167513 1.177775
-1.967025 -1.370697
-2.887914 2.798329
0.830060 -0.656656
0.219449 -2.254696
1.649672 0.332353
2.936713 1.990602
0.091288 -1.453831
-0.127060 0.063399
0.436130 0.230033
-0.825208 0.172941
-0.064531 2.129041
0.160295 -1.041361
0.330521 -0.744514
-1.242013 -0.185337
-0.357973 1.032000
2.644970 2.762400
-1.696681 -1.794374
-0.014614 -1.135998
1.299528 -0.374265
1.233482 0.538991
1.525050 0.528889
2.519721 -0.018131
-0.655362 2.691636
-2.336655 1.422915
0.272827 1.427996
0.639213 -0.745435
-1.296101 1.227994
1.014947 0.006416
0.281810 -2.384880
0.258984 0.467766
0.694356 -0.122424
-0.799608 -0.319944
-1.790420 2.822231
-1.034856 1.942693
-1.836811 2.883858
-0.029326 -0.237577
0.810750 -0.541528
2.281320 -0.550686
2.415219 1.948886
-1.157035 0.490230
-1.305432 -0.331600
-0.788539 -2.121573
-1.711706 -2.479866
-1.086084 1.220165
0.023898 0.204295
2.538604 1.674087
1.476961 2.211775
0.768138 1.082205
-1.177449 -2.972253
-1.390423 0.510697
1.780473 -2.037194
2.579959 1.220410
0.751987 -0.495277
0.161432 2.214992
2.151670 1.836945
0.927225 0.342158
-0.625498 -1.055356
-2.495872 2.221265
0.233589 -1.460405
0.252457 2.543546
-2.792196 2.073320
0.850495 -0.813325
-0.755519 0.013010
0.056451 0.839269
2.314939 1.350689
0.978893 0.409663
-0.351725 2.881614
1.455135 -0.205926
0.921186 1.454700
-1.349676 -0.404813
-2.351595 -2.598030
-0.677723 -1.471034
0.741311 -0.773519
-0.551717 -1.893153
-0.609251 -0.144274
0.981616 -2.345877
0.299340 1.821370
2.898234 -0.231274
0.590563 0.276660
-0.695315 0.691132
-2.119512 -2.645367
2.434851 -1.470554
-1.091347 0.860444
0.750094 0.025441
-1.385746 -0.484230
1.068498 0.491413
2.003428 0.265269
0.674767 -0.927793
-1.324078 0.094300
2.495272 1.719548
-1.810606 -2.583540
-0.314525 -0.665220
0.345527 1.181957
0.441366 -2.640769
-0.314830 -1.503479
-0.075172 1.995187
0.725714 0.074519
-2.199636 -0.686158
-2.802548 -1.904974
-0.135234 1.448627
0.757254 2.534006
-2.414504 0.517985
-0.441042 -0.110602
-1.376688 -1.184995
-2.873522 0.940572
0.669442 -0.880416
-0.729877 -0.372756
-2.840830 2.778216
-0.284648 1.315563
2.586019 2.106828
0.991010 -0.388155
0.034580 0.549340
-2.420526 -0.849580
0.636212 0.190760
-2.843640 -0.609735
-2.957720 0.688376
2.554225 1.250922
-0.566656 -0.006909
2.168115 -1.509020
0.115786 -1.707682
-1.086385 -0.696842
2.778194 -1.383499
0.533452 -1.575906
-2.026530 2.882876
-2.099409 0.973224
1.136969 -0.248734
-1.274844 2.044685
-0.980261 -0.141157
1.843143 1.881187
-2.784114 -1.832168
-0.849629 1.034694
0.829669 1.315364
2.146432 -0.566056
-2.308239 -0.726041
1.472990 -1.534779
-0.093180 -0.151712
-0.264763 -1.158752
0.919507 0.337410
0.125090 -1.053756
-0.225153 1.588181
0.962472 -0.796628
-1.590587 1.794442
-0.755720 2.146579
-0.526326 1.164992
0.669265 1.347636
0.281007 2.210131
-0.664350 -1.762068
2.196465 -0.106914
1.250705 0.627959
1.194879 -0.045959
-2.066828 -0.507270
-0.936101 2.159539
-0.814978 1.612710
0.399873 -0.464052
0.959818 0.546654
-0.501225 -1.061887
-0.294644 -1.531176
-0.907639 0.775023
-0.700318 -0.831360
-2.591220 -0.457865
0.307540 0.629893
0.575202 -2.597300
-2.127001 -0.211298
0.312833 -0.103030
0.408838 -0.054196
-0.939479 -1.591199
-0.896297 0.579501
0.916387 0.034354
-0.055559 -0.189632
0.631505 -0.087205
-2.128960 -2.712036
-0.237396 1.329803
-2.233070 0.244575
2.085016 -2.778314
-0.951156 -2.030554
-0.550912 0.289153
1.098384 1.124984
-2.606268 -0.946010
-1.915625 2.218813
1.165842 2.275186
0.706526 0.190958
2.275191 2.937193
-0.935284 0.873253
1.143834 -1.237179
1.297430 2.213390
-2.124426 -1.799753
-2.566411 2.173333
1.690292 2.973275
-1.869277 -0.171530
2.178668 0.283626
-2.671415 -2.692240
0.330627 -2.035267
2.824452 -0.293615
-0.657362 -0.738418
-1.265934 -2.613513
0.079802 0.230022
-0.910460 -0.293780
2.569368 -0.585855
0.450421 2.490505
2.209431 0.466054
-2.365535 -2.187167
-0.743658 0.050322
-0.587437 0.877586
-2.287618 -1.902010
2.704757 2.742031
-2.083764 -2.943140
-0.227495 1.008662
1.372890 -1.573183
-0.885663 -2.417814
1.426844 -1.687677
-1.847812 -1.507096
-1.271522 -1.428725
0.071995 0.801473
-2.988218 -2.392823
-1.336230 0.092062
-0.907422 -0.318877
-2.484287 1.594655
0.130687 -2.428829
-0.016261 2.105120
0.562523 -1.434876
-2.208770 1.965706
1.394165 2.529553
1.406817 -0.370774
-0.518638 -0.231352
0.564866 -2.431128
0.719953 -0.019201
0.691330 -0.179067
2.923098 -0.993669
0.374367 -1.388422
2.186498 0.214858
-0.487748 -0.481152
0.926816 2.016195
0.984905 -0.024609
-1.181516 0.597125
0.719674 -0.619697
-2.038061 -1.432280
-0.079566 0.793750
2.673806 1.257470
-0.696515 1.422483
-0.186966 -2.385938
2.045447 1.311334
-2.931147 -2.649425
-1.397758 0.925696
-0.071517 -0.597218
-1.911076 1.258637
0.834317 0.374644
1.444961 2.928255
0.773049 -2.372026
0.521773 -1.781290
0.983676 -2.901303
2.419636 -0.239136
-0.700945 1.237213
2.658746 -2.644112
0.704294 0.989884
1.740573 -1.868924
0.088653 -2.194892
-2.223812 0.808688
-0.697069 -2.625413
-2.802808 -0.491136
-1.350679 1.657055
-1.916544 -2.944435
2.253182 -0.211565
-2.512581 -1.798651
1.224184 0.589709
2.515355 1.125323
-2.872193 0.527376
1.093324 -0.177259
-0.165759 0.849292
-0.756789 -0.898548
2.246927 1.816247
1.357036 1.063641
-0.125397 -0.442950
0.853936 1.697693
1.419883 0.549787
-0.622444 -1.958635
-0.312324 1.428260
2.645095 2.191835
-1.632484 -2.912668
1.295919 -1.175771
0.619077 -1.457744
2.263799 0.013999
-1.488057 0.368470
-0.032119 -0.422548
-1.677799 -2.440982
-0.087975 -1.219512
2.957888 -2.221938
-1.055032 -2.033851
-2.787828 -0.938522
1.904110 -1.131986
2.341830 0.484303
2.575639 2.710978
-0.898437 0.509333
-0.414158 0.270827
-2.381072 0.621837
1.234859 -2.941737
-2.759893 1.678149
-1.411910 -1.617146
1.047641 2.837942
2.617851 -2.857562
-2.479927 -0.242250
-1.842000 0.496239
-1.348842 0.308768
0.469934 -0.760420
-1.802127 2.176544
1.587186 0.223222
0.061283 -1.492653
-0.278550 -1.199070
-2.412948 1.109507
-1.654783 0.179818
-1.146763 0.206845
-0.673769 1.711541
1.471751 -0.273822
1.816395 -2.119411
-1.572866 1.338907
1.549084 0.575641
-2.801509 1.351655
1.400686 1.193262
1.357211 -2.544224
2.690192 -1.249151
0.567623 -0.298809
2.585939 -1.537398
0.078074 2.697795
1.103995 -1.692613
-1.455250 -0.635038
0.910104 -1.048511
-1.285302 0.460374
-1.153246 2.297433
2.827700 -0.892576
1.363413 0.628844
2.152291 1.822028
-2.889824 -0.562970
2.322727 -1.204577
0.572797 0.918403
0.461762 -0.269949
-1.974076 -2.454943
0.059244 1.035129
1.537019 1.743556
-0.223571 -1.266157
-2.698254 2.241195
2.777903 -1.513687
-2.955961 -2.261532
0.434585 0.526834
-0.691704 -2.445166
2.569243 -1.674846
-1.653694 1.180781
-0.006195 1.856764
1.004003 0.051000
0.563617 -0.466242
-2.846759 1.852303
1.417544 0.228791
0.942990 0.402591
-0.718760 0.608940
0.790466 0.361608
2.798468 1.017731
0.713821 -1.599613
0.010759 2.319640
-0.285743 0.761045
1.393624 0.943038
-0.124372 -1.445705
-2.762533 1.822054
1.728841 -2.534115
-0.070746 -1.383976
-1.092385 -1.258800
-1.115847 2.768213
0.206399 2.015376
1.941309 -0.932443
-2.496628 1.328684
-2.348648 -1.896045
0.175536 1.115714
0.960851 0.445520
1.168476 1.367267
-1.120670 -0.378633
-2.773333 2.693172
-1.643735 -0.729569
2.712375 1.875988
-0.653089 -0.302099
-1.198209 -2.988196
0.322511 2.680608
2.111858 -0.903650
1.769805 -2.777789
1.142604 -0.217377
-1.296339 1.004887
-1.223620 2.101252
-2.962738 -1.624798
-1.738230 1.156777
0.848549 1.889949
1.257535 0.789260
-2.287334 1.636957
-2.507136 0.786642
0.200421 -1.957383
-0.983247 2.812928
-0.690545 -2.844136
2.645085 2.456182
-1.107623 0.901649
-1.081855 -0.451220
0.965035 -0.164379
1.170912 -2.931095
-1.753692 0.269669
-1.166936 2.486785
0.285447 -2.723742
0.177944 -0.363666
0.745078 0.656299
-1.410980 2.484959
0.916157 1.077237
0.833687 2.938164
-1.157147 -2.693100
1.664877 -0.504153
-0.798844 0.202145
-1.248629 -0.918142
-0.015310 1.134592
-0.061153 0.260192
-0.380623 1.797507
2.832124 2.086648
-1.713613 -1.857826
0.246725 -1.798356
2.805653 0.393204
-0.362765 1.047953
1.760908 -0.812018
-2.784725 1.036497
-1.851847 0.318459
2.864733 -0.561509
0.339550 0.677279
2.712547 -1.598116
1.000848 -0.459094
-2.933380 -0.189313
1.669957 -1.139215
1.444691 -2.819676
1.312650 0.128722
-2.419090 -0.127751
-1.773679 -2.764949
-1.106075 0.155192
-1.918599 0.033449
-0.452324 -1.344812
-0.817894 2.946558
2.524054 -2.837898
-0.429989 -0.076739
0.445700 -0.433180
1.041018 1.745210
-0.565078 -1.356062
-2.970738 -1.365302
-1.048012 -0.565071
2.033670 1.039385
-0.010999 1.050037
2.108813 0.581552
-1.338462 -0.366029
2.068568 -1.987498
-0.500285 1.688355
-1.447670 0.255622
1.212417 -0.487207
-1.361947 -2.681173
-1.456712 -1.101051
-2.931165 1.586524
0.346974 1.276338
1.273686 -1.830186
-0.045116 1.659344
2.855220 -0.577526
-0.214338 2.299772
-2.342750 2.893144
-1.287699 -0.255207
0.514970 -2.673597
-0.719573 -1.265484
-1.941972 1.067844
-1.216873 -0.252167
2.736118 0.310072
-1.694368 1.826050
-1.567115 -0.197189
-2.359715 2.760823
1.252586 0.452049
-0.372348 0.075483
1.762827 1.045424
-2.295348 0.773383
2.907479 -0.928498
2.791128 2.554779
-2.227610 -1.507631
2.934454 2.541765
-1.089257 2.071616
1.425531 -2.511496
0.505616 -0.045620
-0.985709 -0.528564
2.925113 2.730593
2.261302 -1.598009
-1.082099 -2.579076
-2.332938 -1.441802
-1.179164 -2.834625
0.876182 1.682735
0.630595 2.521585
-0.474461 1.329526
-0.683097 -1.209487
-2.263914 0.788739
-1.602875 -0.344983
1.049224 0.442491
-1.633045 -1.623807
-0.129769 -1.601926
-0.883545 0.731557
0.279069 -1.470380
1.783319 -1.184662
-2.918734 2.091258
-1.228116 0.432585
2.918415 -1.866587
0.362407 -0.742562
-2.328267 1.019393
0.067637 -0.703074
0.830868 -0.031009
-2.266726 2.703333
0.154567 1.274604
0.901739 1.498980
0.692833 0.063590
-1.586603 1.614128
0.709091 -0.506237
-1.183029 0.000532
-2.467394 -2.475123
2.751445 0.594331
-0.887068 -0.688862
2.468611 0.359986
-0.796846 -0.047741
-0.798978 -1.174531
-2.417204 -1.257553
-1.013913 -1.553387
0.958259 -2.561020
-0.200739 0.486714
-0.871084 0.385767
0.310428 1.845951
-0.740114 0.467529
-2.669087 2.700950
-2.421849 1.735551
1.872693 -0.990202
0.097896 -1.758660
-2.066533 1.445830
0.789563 0.723066
2.781976 -0.047357
0.598286 0.141458
-2.942882 2.589203
-1.116094 0.828036
0.452756 -1.383613
0.349719 -0.898047
-0.630479 -0.813686
0.039493 -2.511568
-2.059490 -1.053421
1.527102 -2.822516
-1.020161 0.297404
0.392734 -0.008995
-0.341332 1.108466
0.821016 2.134329
1.154505 0.391156
0.751746 0.090010
0.605794 -1.176267
-1.723446 2.169659
1.887001 -2.991694
2.499901 1.062941
0.366593 2.807448
0.153587 1.680340
0.041582 -1.289578
1.909048 2.150334
-0.225988 2.875643
-2.438315 2.783320
2.279613 -2.062897
1.919817 2.944356
-0.435047 1.090582
0.493290 2.989102
1.373824 -0.480854
0.928795 -1.760456
-0.525644 0.674425
-1.080510 0.452016
-1.282513 -1.511714
0.585719 1.377562
-1.662817 -0.450602
-2.904540 -0.984175
-1.506611 0.968380
1.314992 -2.706064
0.329354 0.649390
0.513515 -1.222832
-0.217958 -0.091114
-1.151943 -0.847336
0.875300 1.210362
1.017423 -1.283481
1.124061 0.302187
-0.370482 2.705333
0.159656 -0.863130
-0.004338 -1.575719
-0.752100 -1.217481
2.809209 -0.509900
1.818000 0.533620
0.186284 2.588095
-0.742235 1.102165
-0.325353 -0.862631
-2.409922 1.924263
-0.836842 1.674075
2.039723 1.471145
-2.360852 -1.338357
2.619702 0.022053
1.656487 -0.516444
2.066344 1.293828
-1.761120 -2.759798
1.148931 1.818552
0.192083 -0.050678
-1.420518 -1.831338
2.269921 -2.273867
-2.351356 -1.246818
-1.291000 0.142782
-1.369182 1.236084
-2.408766 -0.381357
-2.186418 2.345179
1.873789 -2.651561
-0.338448 0.569735
1.252263 1.268752
-0.069995 -0.402267
-1.524346 0.660225
-1.391955 -1.570691
1.237579 1.503925
-2.740259 -2.263308
-0.831074 -1.747635
1.642368 -1.816975
-2.528863 1.705982
1.245360 -0.742066
-1.331902 0.194984
1.318774 2.550648
0.644259 0.876378
-2.437580 2.443352
-1.092114 0.542827
-0.170880 0.254782
1.306014 -0.156833
-1.384659 0.266856
-1.961660 0.164033
-0.725264 0.968871
-0.371511 0.866691
-0.887740 -0.206015
-1.708742 -2.426370
-0.768462 2.453601
-1.443046 0.388852
-2.201342 2.567665
1.101646 -1.533252
-1.715941 -0.568887
-1.789928 -2.483899
-2.107599 -2.027070
0.810480 1.351526
-1.899919 -2.663419
1.271636 -0.901734
0.345263 1.414888
0.900978 -0.492549
-0.506570 -1.333953
1.268224 -0.083452
-0.012324 -0.368313
2.610274 -1.858205
1.974045 -2.242575
-1.258199 2.279597
-0.240856 -2.921369
0.585652 1.735457
0.358119 0.057332
-0.034026 -0.414741
2.023236 2.753258
1.708386 -2.074014
-0.598234 -0.881372
-1.152564 0.461140
-0.489214 0.047396
-0.019404 2.262122
0.487920 -1.124649
-0.563143 1.374823
-0.202716 -2.334190
2.607213 -2.251802
0.381055 2.134247
1.043556 2.527848
-1.353953 0.163602
-2.349415 0.735870
-0.211609 2.161740
1.365023 0.297847
1.843147 -0.716607
-1.382141 1.753137
-2.345230 -1.781813
-0.619913 -2.856301
-0.990667 2.534511
-1.123010 0.369646
1.425047 0.472329
2.457020 -2.161490
1.280216 -2.449609
-1.407769 -0.342889
-2.012992 1.848620
2.282984 -2.158121
-2.769675 -2.036414
0.527638 -1.031731
-0.254777 -2.593322
1.043111 -0.680855
-1.018073 -2.080894
1.101825 -0.004448
-0.611930 1.025465
-0.126275 -1.250542
-1.261180 -0.079018
-1.313246 -2.320123
0.543575 -0.737687
1.740801 2.200036
0.609596 1.607575
1.382932 1.955650
-2.858833 -2.778576
0.000074 -0.883750
2.934842 -1.601850
-2.918817 2.906278
-0.354726 -0.105947
0.677332 -0.475360
-1.899848 -2.165965
1.276451 1.687277
1.971454 -2.964181
-0.886702 2.567593
-0.058380 -0.613881
1.659682 2.866116
1.040266 2.507880
-1.901993 1.342561
0.355258 1.155739
-0.043675 0.236536
2.619165 2.512341
-2.942599 -1.143464
-1.488291 -0.801850
0.034059 -2.929518
0.242500 0.270948
-0.772245 -0.686550
-1.243732 -0.209135
1.801691 2.883295
-0.045192 -1.124300
0.674154 -2.360395
-0.548349 -2.332330
-0.088724 2.206936
-1.294830 1.412404
-0.810554 -1.187526
-1.291596 0.298563
-2.345610 1.109955
2.103021 -1.754751
0.436946 -2.966349
-2.479150 -0.931293
2.247399 -2.866264
-0.782596 -0.753865
-0.760333 -0.944953
1.873122 -1.287518
0.170308 -2.967052
-2.997610 2.070907
-1.612086 -1.478621
2.960222 2.521136
0.937205 -2.130251
1.116838 -1.788084
0.844457 -2.526385
2.225023 -0.036381
0.376332 -1.142450
1.958675 2.056701
-1.796902 0.284750
-0.708787 0.060995
-2.350174 1.075702
-0.889977 -0.624644
-2.774238 1.366590
0.498204 1.859611
1.035341 0.608909
0.006150 -1.244563
1.214116 -0.096693
1.467674 -2.499053
0.009823 2.876966
1.232213 0.745626
-0.319813 1.937450
-2.750789 0.061429
-0.064144 0.641773
-0.399898 0.701214
0.457289 -0.558904
-0.941708 -2.698930
-2.037050 -2.370930
1.448463 -0.336364
-2.537615 -1.710627
-1.420919 0.258835
-2.232281 0.484904
-1.045389 2.920861
-1.605251 -1.297012
2.779413 -2.887326
2.160527 -1.957528
0.113902 0.472054
-1.234271 0.529769
-0.477588 0.731060
-1.057864 -0.349760
2.158578 1.262447
-0.044157 0.616780
2.600883 2.438976
-1.015627 -1.001460
-0.750634 -0.053054
2.912066 -0.050543
-1.112214 0.530536
-1.612586 2.879330
0.306820 0.761535
-2.677719 0.866489
1.531489 -2.362643
0.973045 -0.662776
2.247610 0.460526
1.519509 -2.475850
-2.171910 2.722096
0.407787 1.034949
0.164505 0.120987
-2.661904 2.853246
-0.821024 1.982547
2.806364 -1.704124
1.173069 -0.309459
-0.781561 0.436089
1.029757 0.424808
0.168403 0.938037
2.411968 0.158335
0.910442 -0.525938
1.339915 0.013755
-2.384481 -2.608110
-0.122051 -1.382783
0.881143 1.012066
-1.273589 -2.699555
2.886101 -0.745875
1.282129 -2.430221
1.708530 0.385358
-0.713734 0.396254
1.279559 1.611634
0.773547 0.510191
-0.466634 0.052065
-2.815207 0.060738
0.572734 -0.843976
0.382581 -2.667127
0.604848 -0.982834
-1.062879 2.699111
-2.569959 0.345692
2.250463 2.484022
-1.236933 -0.636414
2.301553 1.863677
2.017603 -1.101475
-1.038386 -0.034769
2.414068 0.249176
0.948498 -2.122847
2.398818 -0.843930
1.698789 -0.832145
-0.451503 -1.705229
-0.636731 2.545067
2.193747 -0.011679
2.332200 1.919551
1.159921 0.096472
0.798398 -0.994556
2.219926 1.723306
1.486284 -0.479963
-2.132016 2.294122
-2.359082 1.584025
0.157909 1.343294
-0.847540 -2.753536
2.120098 -2.243513
2.874753 1.089645
-1.334232 -0.367011
-0.509958 -0.625742
1.267867 -0.636098
1.548794 -2.139131
2.300422 1.034559
-0.798311 -1.946343
0.885495 -2.593478
2.371103 -2.574906
2.533925 1.443129
0.711002 -0.739010
1.259572 -1.107957
-0.983121 0.341095
-0.553122 2.427109
-2.095381 -2.013311
1.958001 -2.843504
1.262764 -2.164767
0.834383 2.923059
1.468451 1.861434
2.289957 -1.812260
-2.744878 0.237416
-1.718975 0.436388
2.371911 -1.723979
0.937043 -0.710218
1.606714 -1.489218
-0.245301 1.587387
0.444357 -2.011531
1.846247 0.469119
-0.494905 -0.876429
0.707320 0.956394
2.850452 -2.792191
0.388408 -1.687174
-0.205566 -2.878848
1.598389 -0.463982
-1.847930 0.298101
0.549765 -0.669244
-0.348937 -0.384573
-0.827103 -0.151507
0.393831 -1.298973
1.501464 -0.648143
0.293156 0.908555
-2.851038 2.646490
1.587289 -1.292488
-1.240505 -0.830804
0.732415 -1.778327
-1.613423 0.832608
1.504142 2.356918
1.538822 -2.253607
0.117038 0.760334
-0.306648 0.639181
-1.921484 2.638927
1.396161 0.444514
-2.747636 2.840315
1.739440 -1.034921
-0.908921 0.076347
-1.799449 -0.196022
-0.209091 -2.968122
-2.451192 -1.282749
-1.194663 -0.878855
1.582320 1.629313
-2.995555 -2.876181
1.411293 -1.634519
1.125033 0.604723
1.212101 -2.684199
-2.217855 0.292673
-0.768471 0.062086
-0.576698 -1.477357
1.525009 0.624744
0.078894 1.740128
-1.357936 0.249828
2.319887 1.935570
-0.029956 2.377183
-2.593375 -0.754430
1.084214 0.287124
2.831989 -2.174200
1.256243 0.451640
-1.044548 0.453682
1.401102 0.198605
0.922509 0.271409
-0.094333 0.150633
-0.293587 0.043870
0.169804 2.565899
0.232660 0.200292
1.252567 -2.240161
-2.412965 -1.297388
-1.448436 -0.317661
-1.626649 0.411488
1.325500 -0.302804
-2.069283 -1.711011
1.624610 -1.992300
-0.334049 -0.026197
-1.259276 0.099753
0.863908 -0.562823
2.321630 -1.579221
1.158566 2.772845
2.208073 -1.300861
-1.821768 -2.811211
-2.660242 -2.641426
1.084776 1.512315
-2.734205 -0.456414
-2.778282 -1.049363
-0.207537 1.132946
2.953195 0.309109
-1.640354 -0.032792
0.404780 -1.871328
-2.960659 -0.769098
2.541671 -1.931565
0.832915 1.103516
1.486051 1.956223
0.617246 1.313673
-1.647687 -1.867888
-0.530797 -0.993658
-0.139596 -0.208170
1.328417 -2.428448
0.018390 -2.561052
1.064051 0.969004
2.368657 1.264572
1.453409 2.047608
-1.403393 2.869983
-0.765076 0.703006
0.350508 -1.650600
-0.713707 -1.630133
-0.265519 -0.038839
1.761156 2.588079
1.227714 0.096056
1.690080 2.214411
2.655067 -1.694235
-2.418731 1.852985
-1.658385 -0.728170
-2.943968 -0.345984
0.742893 1.028380
-1.038255 2.519414
-0.401241 1.391871
1.406453 -0.262000
-0.747562 1.043130
-1.629546 1.362814
-1.158082 -2.188008
-2.099606 1.904067
-0.297855 -2.791322
-1.010541 -2.160022
2.354865 2.283832
-0.816598 0.747079
-1.169413 0.159914
0.621518 -1.258459
-1.593552 -0.629291
-2.959227 2.299769
-0.770289 1.445821
2.246257 -2.466713
1.164543 0.652491
-0.572504 -0.095837
0.473707 1.311267
-1.766998 -2.477085
0.978908 -0.597978
-0.493433 -0.008779
-1.013535 -1.852363
-0.827861 0.610714
-0.362589 -0.116364
-2.755993 -0.710828
-0.608579 -0.485926
0.468480 0.667505
0.847119 -1.399279
0.341736 -1.201760
-2.714299 0.057104
-2.089767 0.483367
-0.489319 2.254320
0.357366 0.439867
-0.887314 -2.546909
2.841777 2.548193
0.596437 1.966981
-1.174469 2.462345
0.152823 -1.427608
-0.327077 1.014497
1.936098 2.368014
-2.499237 2.631157
0.935342 2.234107
-0.907936 0.464532
1.063001 -0.086516
2.140526 -2.440036
0.095818 -1.418893
-0.272732 -0.763417
-0.139484 -1.144019
2.878618 -2.454532
-2.575577 -0.219309
0.471119 1.928309
2.258853 2.232927
-2.665718 -0.602421
-2.405079 0.056027
2.178568 -1.456763
0.422304 0.641928
0.350963 -0.322133
-2.921924 -0.021562
0.853517 0.245778
-0.402271 1.790923
-1.131546 -0.544596
-0.571378 -2.738208
-0.398138 -0.129157
0.964424 -0.341980
1.634941 -2.139168
1.372238 2.778977
1.771523 -1.428292
-0.205976 1.128338
-2.050801 -0.756413
-0.217007 1.238676
0.925812 0.972656
-1.724722 -1.638519
-0.014173 -2.574181
2.039324 1.500865
-2.002511 2.461151
2.334522 -0.478646
-0.968521 0.661970
-1.272332 -0.047743
-0.713576 1.061238
1.224889 1.627342
-0.199947 2.622911
1.149463 1.303709
1.522849 -1.178252
2.619703 -0.101709
2.870240 1.007838
-0.733805 -0.238917
-2.990973 0.080494
-1.230967 -0.324016
-0.678061 0.098328
-0.241077 -0.934762
1.780313 0.327910
0.128221 -0.865970
-0.595449 2.002032
0.693501 -2.990858
-0.066489 0.917078
-1.175869 0.621358
0.990462 1.071993
-0.218736 2.060465
0.910926 0.450727
-2.268708 -2.800048
1.411234 -0.496628
-2.871663 0.714384
2.634876 2.456532
2.914907 0.947421
-2.224492 -0.758922
-2.082827 -0.340047
-0.836902 -1.762362
-0.833028 -2.412511
-1.321288 -1.077241
-0.871175 -2.193100
0.258009 -2.789850
-2.528898 -0.009638
-0.762782 0.627796
-2.194504 -0.896849
1.846145 -1.434921
-0.536394 -0.663388
-0.567523 -0.205278
-1.171586 -1.446148
-2.233572 0.473366
1.088369 -0.256900
-1.398651 -1.742617
-1.341382 0.228980
-2.705739 0.093168
-2.129119 1.273897
-0.149823 -0.927414
2.615876 -1.624553
1.254843 -0.635499
2.857465 2.282942
1.434630 1.604853
2.947273 -0.009084
-0.883130 -0.469450
2.872699 1.371254
2.162229 0.470663
-2.556293 1.861397
-2.832289 2.870861
-1.468762 2.614476
0.387639 -0.190496
0.372367 -1.175011
2.324406 2.342926
0.213413 -1.290697
0.471775 -1.009169
-0.566212 2.224286
0.556438 -1.005359
2.130826 0.577662
-0.725486 0.986772
0.279149 1.027044
-0.612208 -1.554693
2.668636 0.005468
1.474797 -1.055434
1.782040 1.320202
-2.022799 2.373510
-0.121850 2.529798
-2.206373 -1.842108
-1.333578 -0.285929
0.237902 -2.903169
-1.208022 0.746573
0.366455 0.704102
-0.989360 -1.407932
-1.486050 -2.716937
-1.636948 1.585977
-0.449693 1.199093
-1.209636 1.684457
-0.057830 2.919099
1.084959 -0.195002
-2.953148 0.175588
-1.494574 0.948161
0.765818 -0.019624
-0.807993 0.345617
-2.900625 -2.825896
-2.323923 1.852262
-0.678036 -0.668935
-2.625087 2.768903
1.829715 2.452431
-0.463321 0.127869
1.081167 -0.991918
-2.419150 -1.451934
-2.731465 1.556225
-1.373843 2.370494
0.018478 2.558687
-0.255124 -0.755571
1.611808 -0.951234
-2.038618 -1.465879
0.060265 -0.175245
-2.150838 2.803044
-0.540608 -1.565555
-2.124825 -1.752511
-0.268609 1.127600
1.019969 0.533381
-2.381147 0.712358
0.642641 -2.724014
-0.478025 -0.863032
0.003792 -2.521446
0.934833 -1.045372
-0.842793 -2.565134
0.688698 -0.874139
-1.286657 -2.461355
0.016641 -2.397139
0.434339 1.228831
-0.946264 2.658841
1.115477 -0.646753
0.255569 -1.136717
0.228351 -1.437439
1.122440 2.327759
-0.970300 0.458363
-1.296165 0.381887
2.726369 2.570472
-0.124950 0.944559
-0.377183 -0.197478
2.427497 -0.068623
0.154545 -0.457727
-2.721595 0.373523
-2.245152 -2.481260
2.240360 -2.581658
-0.784816 0.713576
0.218781 1.056911
0.699137 0.622349
0.511645 1.063650
-1.406707 0.755472
-1.468640 1.703030
0.107213 -0.407768
1.405244 -0.796491
2.233097 -2.784630
1.016737 0.046446
-1.777826 -0.885004
-2.225004 -1.943628
0.090198 2.605812
-2.218151 -2.282292
0.141867 -1.987623
0.408760 -1.451367
0.506821 0.767362
-1.607265 1.294786
0.111036 0.024146
2.012495 -0.947195
-2.434856 -0.146959
-0.658196 0.407652
-1.082612 0.785339
2.347324 0.295498
-2.821055 2.212003
-1.941752 -0.289454
1.403916 1.179430
2.741494 2.123418
-0.133692 -0.077580
-0.430684 -0.728458
2.757622 1.172226
-0.980400 0.477179
-1.255903 1.871494
2.263693 -0.758590
-0.937804 -1.517528
-0.902365 -1.026813
1.127676 -0.502234
-0.959439 0.206378
-2.759739 -0.767637
-0.143034 -2.385939
1.382401 -2.668907
-2.539593 0.233710
0.214714 0.574581
2.301825 -2.520678
1.364112 -0.283637
-2.184232 1.750964
0.031835 1.071388
1.851720 0.492615
-0.483987 -0.750618
-0.103275 -0.964466
-0.189277 -0.626343
-2.376189 0.279777
-0.900339 -1.423066
-0.019827 2.508100
0.879682 -1.238427
0.384836 -0.052580
-2.072547 -0.569482
1.453035 0.598655
-0.839444 -0.115815
0.628044 -1.279783
0.543092 1.832404
-0.925954 -0.458260
-0.438179 -2.956297
-0.341393 2.852801
2.921908 -2.081484
-1.601368 -2.528679
-0.846384 -0.978693
-0.571984 2.956462
-0.024610 -0.439436
-0.281568 -0.203374
-0.434665 -1.002342
-0.455806 0.162491
-1.018072 -0.984245
-1.524694 -0.355474
0.290430 2.767878
1.280405 0.441709
2.283730 -2.720306
0.306859 1.454828
2.432558 -0.475773
0.928106 0.203308
-2.816036 2.433571
1.065720 1.812459
-1.270119 -2.984744
0.349692 -1.166737
0.991424 0.335204
-0.575634 2.508415
0.194408 -2.328952
2.369035 0.081245
0.137411 -1.924570
2.320476 -2.796025
-1.832932 -2.907770
-0.421170 0.253312
2.156106 2.132162
-2.817022 -0.320863
-2.201507 -1.586177
-0.567919 2.619204
-2.325846 0.715253
2.848860 -2.231320
-0.065601 -0.352570
-2.185385 2.389162
1.202661 2.263583
0.497150 0.752832
1.750401 1.548671
0.226204 1.052990
-0.362083 0.794684
2.509671 0.903120
-0.456782 -0.267960
-0.536869 -2.646896
-0.309035 -0.364247
-0.984446 0.964340
-0.358959 -2.416061
0.601494 -0.185135
2.061111 -0.901202
1.996632 0.464094
-0.356781 -1.500497
-0.597538 0.073767
-2.573237 -0.744251
-0.195708 0.761412
-0.581743 -0.760680
-1.790816 -0.238121
1.188888 -1.202465
2.852449 -2.308294
2.338515 2.462860
1.800917 -1.860038
1.771848 2.227394
1.794546 1.948238
0.677709 0.557097
1.130260 -2.343629
2.570030 0.178064
1.049233 -2.704269
1.194646 -2.800031
1.373433 -2.548744
-0.565679 -0.791829
-1.088560 -0.709486
2.694071 1.363205
-1.780888 2.306599
0.195986 0.449415
1.632735 2.639306
0.098093 2.440736
-1.627281 -0.309379
2.335919 2.139956
0.462860 -0.609563
0.243096 -1.753622
-1.109098 0.282120
-2.282193 2.270343
0.899461 -2.561522
0.152817 -2.326038
-2.216195 1.814379
-1.262758 0.906090
-0.596853 2.190685
1.240073 0.778497
2.406420 -1.210930
-0.428537 2.588892
1.248678 -0.002058
-0.034700 -1.218677
0.456893 -0.331777
-1.001949 -0.283945
-2.480543 -0.972016
0.063939 -1.189445
0.896769 -0.445537
-1.107013 1.170723
0.861007 0.614439
-0.131044 0.589501
-1.640178 -0.522503
-0.377257 1.205693
0.477686 -0.621026
-2.705415 1.195979
-0.282832 1.323450
-0.915884 2.316400
2.056728 -1.156746
-1.926692 -2.998247
1.415513 0.495698
0.396782 -1.423680
0.006901 0.140872
0.059508 0.142470
-1.892292 -0.301671
0.266406 0.368999
0.337315 -0.580969
1.588704 -0.092264
-2.574682 0.543535
-0.784118 2.618276
-0.845081 1.267386
-2.316238 1.915171
-2.242577 -0.713800
-1.472667 0.274743
-0.931768 1.284237
-1.718990 0.545803
-0.759689 0.652320
0.426148 -0.764287
-0.826780 1.009796
1.237412 -1.671208
-1.206386 1.877251
-0.901796 -0.024874
-2.810006 2.179207
-2.127059 1.081418
0.238464 0.504440
2.971587 2.664039
-0.026222 0.044762
-0.695377 2.804415
0.540999 -1.255507
-2.174245 -1.790003
-0.132237 0.552639
-1.902314 2.367070
-0.542219 1.139732
-2.697962 -1.283670
-1.968829 -1.174182
-2.702914 -2.210840
0.343584 2.097587
0.192464 2.262773
-0.170349 -1.561551
0.420465 -0.724140
1.403013 2.904128
-2.524735 2.782485
-0.614136 -0.815112
-0.985571 -1.496722
-2.997642 -0.310226
1.127678 0.069409
2.107036 2.193493
1.302142 -2.452342
1.202869 1.413490
1.073127 0.683532
2.352270 1.441552
-0.581383 0.797832
-2.826256 -2.676980
-1.187477 0.136420
-0.736559 0.123954
-2.266048 -2.491053
-0.063982 -0.341980
-0.078473 -0.654442
0.421751 -1.362741
1.702316 -2.031920
-1.063636 -2.603529
1.706625 1.547403
-2.128887 0.530474
1.637998 -1.762051
0.172192 2.605275
-0.298888 1.352874
-1.640211 0.519591
0.106532 -1.222613
-1.031024 -2.642798
