0.408212
0.411947
0.423054
0.406192
0.387354
0.413411
0.416562
0.398485
0.403079
0.410573
0.410695
0.393130
0.407723
0.403143
0.398463
0.443109
0.415538
0.392466
0.409173
0.421654
0.412644
0.437246
0.402968
0.392474
0.408190
0.404681
0.420221
0.407982
0.405882
0.392269
0.416430
0.429018
0.439833
0.403510
0.443450
0.408474
0.410718
0.422905
0.414338
0.407039
0.426568
0.395378
0.409781
0.422161
0.432062
0.395587
0.426302
0.432378
0.416464
0.400786
0.434290
0.412721
0.435802
0.398777
0.454086
0.421466
0.414736
0.432938
0.445154
0.428615
0.436310
0.426828
0.447539
0.434030
0.428543
0.428167
0.403549
0.422610
0.435256
0.402787
0.459868
0.405251
0.442622
0.424562
0.438675
0.429865
0.450639
0.427351
0.433978
0.449982
0.433575
0.477583
0.430514
0.458258
0.406026
0.412270
0.441578
0.460942
0.426882
0.423255
0.406192
0.463857
0.439242
0.442442
0.424714
0.446498
0.413071
0.457178
0.456114
0.449003
0.446241
0.442601
0.421749
0.422610
0.411765
0.428145
0.419736
0.444227
0.421332
0.449607
0.459420
0.448527
0.448667
0.450853
0.439170
0.419334
0.422189
0.455227
0.433465
0.429182
0.425087
0.459436
0.441494
0.466867
0.463638
0.433368
0.434177
0.441494
0.423414
0.445580
0.427498
0.461381
0.429793
0.453581
0.428976
0.451021
0.454669
0.480869
0.439230
0.457345
0.445580
0.435295
0.432706
0.489599
0.455824
0.430430
0.472483
0.442601
0.468294
0.480003
0.474764
0.461488
0.463722
0.451490
0.470649
0.444832
0.442442
0.449644
0.466274
0.467458
0.450928
0.459686
0.441578
0.492516
0.486911
0.494501
0.464776
0.428345
0.473725
0.459823
0.463367
0.468112
0.502717
0.449133
0.470181
0.462604
0.500919
0.472809
0.455042
0.462193
0.446016
0.469056
0.473762
0.476822
0.468835
0.468112
0.495145
0.457083
0.492644
0.466700
0.467529
0.493635
0.475376
0.508727
0.491942
0.468172
0.496901
0.481414
0.473704
0.492434
0.515213
0.474673
0.508633
0.519565
0.451407
0.503132
0.455949
0.492844
0.481414
0.487463
0.472187
0.503224
0.477588
0.498742
0.510266
0.514385
0.459561
0.475276
0.454004
0.514150
0.498669
0.484561
0.486997
0.525492
0.514094
0.498253
0.501970
0.481313
0.471664
0.510989
0.541851
0.474765
0.506081
0.496643
0.468929
0.516656
0.524492
0.484715
0.536686
0.526105
0.509964
0.537267
0.499378
0.493166
0.498669
0.486325
0.507311
0.504632
0.546431
0.549444
0.507756
0.508354
0.491674
0.539813
0.559292
0.516320
0.515907
0.489572
0.494147
0.541105
0.519416
0.539230
0.519459
0.543941
0.514409
0.515094
0.506447
0.495984
0.489949
0.518097
0.503132
0.524995
0.563331
0.532401
0.555619
0.545873
0.499380
0.544446
0.526835
0.560714
0.555774
0.548777
0.525360
0.516656
0.538414
0.527982
0.550430
0.542351
0.539794
0.500919
0.579586
0.519128
0.570201
0.546222
0.512515
0.515122
0.500527
0.564294
0.582020
0.545874
0.555231
0.539627
0.565254
0.587000
0.566964
0.571678
0.527616
0.540083
0.564153
0.524063
0.524562
0.545614
0.549253
0.582724
0.557103
0.532743
0.540254
0.521167
0.527092
0.551812
0.598023
0.539230
0.559151
0.557932
0.554194
0.580223
0.548506
0.575505
0.595979
0.588772
0.538226
0.580867
0.595355
0.543941
0.574605
0.585529
0.567632
0.583225
0.556110
0.561172
0.575308
0.554681
0.563404
0.595600
0.574348
0.554808
0.624311
0.622109
0.574051
0.583190
0.623155
0.574474
0.610798
0.583550
0.562613
0.558306
0.583338
0.618001
0.565073
0.581924
0.574384
0.588336
0.582632
0.568925
0.554219
0.565056
0.623429
0.556465
0.615126
0.580280
0.614230
0.617979
0.598491
0.628329
0.621080
0.598963
0.610918
0.599316
0.583225
0.597223
0.566214
0.583538
0.630734
0.634505
0.609387
0.588223
0.570201
0.649004
0.600287
0.609522
0.606541
0.630083
0.603840
0.588397
0.652101
0.602037
0.616540
0.582755
0.606541
0.647593
0.603289
0.584834
0.649390
0.628841
0.625673
0.653419
0.582487
0.612255
0.606497
0.664982
0.627980
0.634895
0.634880
0.654041
0.611446
0.621773
0.637385
0.613962
0.633968
0.600588
0.665675
0.633885
0.630706
0.630141
0.638705
0.637972
0.654866
0.602920
0.649861
0.642674
0.640690
0.599120
0.642227
0.608723
0.624250
0.619024
0.644767
0.664169
0.616845
0.664403
0.646523
0.693448
0.646945
0.611325
0.643017
0.650933
0.638524
0.664552
0.647735
0.648123
0.686506
0.690168
0.671415
0.629492
0.646169
0.711795
0.674664
0.693486
0.694114
0.619687
0.663432
0.645087
0.661732
0.645142
0.646434
0.647089
0.720324
0.670593
0.670045
0.628596
0.656683
0.646984
0.681798
0.681254
0.630103
0.666667
0.683494
0.726641
0.657115
0.680359
0.633636
0.709621
0.645616
0.708329
0.669284
0.713650
0.670665
0.686078
0.716996
0.744587
0.708673
0.694201
0.645208
0.718804
0.715305
0.715451
0.725072
0.683494
0.640998
0.666954
0.661880
0.667269
0.671095
0.737541
0.658227
0.690992
0.682372
0.722383
0.688647
0.691367
0.737579
0.780376
0.667274
0.738853
0.684516
0.680762
0.761298
0.740169
0.692981
0.698338
0.729127
0.691049
0.685442
0.743005
0.757298
0.751627
0.702704
0.698356
0.749770
0.755377
0.686669
0.690168
0.751197
0.718397
0.706402
0.756594
0.761770
0.769505
0.689880
0.728829
0.714307
0.751553
0.717871
0.773299
0.732100
0.707143
0.782166
0.736830
0.739017
0.761774
0.732363
0.780458
0.777491
0.782932
0.706293
0.765414
0.783385
0.781115
0.743005
0.840920
0.719655
0.780860
0.782353
0.750481
0.726337
0.773254
0.801868
0.829776
0.762451
0.770742
0.738602
0.715443
0.745910
0.840432
0.738757
0.737789
0.788775
0.755377
0.754504
0.850580
0.808584
0.725100
0.761772
0.774230
0.804115
0.845397
0.798171
0.782963
0.805773
0.740714
0.768417
0.861389
0.738248
0.877970
0.765622
0.827422
0.844156
0.847756
0.815969
0.761851
0.767740
0.866449
0.869504
0.825251
0.816449
0.773424
0.793945
0.828525
0.845510
0.822604
0.834608
0.833973
0.822770
0.853717
0.896280
0.791258
0.863236
0.774354
0.902694
0.871397
0.847885
0.813794
0.827159
0.883895
0.910667
0.832367
0.824740
0.822797
0.862370
0.905116
0.820129
0.812737
0.875058
0.813470
0.852333
0.918129
0.870316
0.905751
0.834936
0.880926
0.921979
0.879087
0.880596
0.874114
0.843510
0.874184
0.854052
0.883895
0.847153
0.869246
0.957846
0.976015
0.942781
0.950816
0.913950
0.861427
0.869504
0.849548
0.887821
0.949375
0.934997
0.948667
0.895627
0.883201
0.943613
0.876448
0.927845
0.990158
0.982044
0.897815
0.932869
0.906346
0.993995
0.921338
0.910667
0.945390
0.959198
0.926023
0.947793
0.969652
1.014014
1.034906
0.980675
0.978598
0.999103
1.045556
1.018010
1.088928
0.912398
1.039769
0.939586
0.946084
1.013985
0.979036
0.980868
1.077618
0.976075
1.064207
1.052862
0.993386
0.954036
1.092506
1.081546
0.980887
0.995557
1.067489
1.045422
0.974300
1.030712
1.062996
0.999723
1.096540
1.002652
1.100207
1.004839
1.004948
1.014024
1.084512
1.039384
1.098759
1.129307
1.095287
1.104935
1.096332
1.105068
1.054892
1.133173
1.176663
1.045556
1.071727
1.113303
1.112823
1.117000
1.122485
1.105068
1.104935
1.112952
1.188575
1.105504
1.107239
1.116434
1.119286
1.115582
1.097349
1.194106
1.190028
1.216580
1.129307
1.143254
1.146405
1.228338
1.274206
1.162629
1.303766
1.325972
1.199746
1.266907
1.190028
1.151645
1.312019
1.106324
1.167774
1.303883
1.190053
1.269502
1.171038
1.266055
1.164295
1.296208
1.199733
1.250730
1.226872
1.343186
1.217793
1.228146
1.282603
1.250608
1.329253
1.233127
1.227817
1.244726
1.420429
1.310362
1.303304
1.343079
1.392009
1.372362
1.308503
1.462104
1.458787
1.537041
1.468654
1.423643
1.451170
1.353308
1.494784
1.369240
1.342779
1.354843
1.358583
1.479593
1.425694
1.390003
1.384962
1.392009
1.448277
1.325972
1.423488
1.434210
1.413059
1.403602
1.563079
1.396163
1.456910
1.454193
1.496374
1.522802
1.590389
1.485568
1.470777
1.475786
1.633559
1.472482
1.505472
1.646936
1.487734
1.576527
1.586818
1.551744
1.571296
1.541200
1.528502
1.662291
1.688446
1.652880
1.545218
1.716939
1.729582
1.713607
1.769783
1.705513
1.690981
1.638086
1.723142
1.690806
1.729560
1.751962
1.748103
1.709576
1.762998
1.600343
1.834287
1.802497
1.761083
1.673487
1.764635
1.680574
1.761083
1.716939
1.766051
1.792053
1.818911
1.771229
1.783105
1.925586
1.879186
1.836060
1.943643
1.782746
1.909495
1.914638
1.925283
1.916396
1.819183
1.939427
2.012697
1.834287
1.916396
1.894147
1.967783
1.994996
1.909495
1.965903
1.939427
1.985800
2.018173
1.978404
2.083160
1.925586
2.080010
2.006020
1.943643
2.093703
1.956176
2.034540
2.018344
2.115270
2.161829
2.121172
2.183118
2.157920
2.244281
2.176803
2.124631
2.136374
2.141672
2.192786
2.217937
2.098991
2.205376
2.087984
2.198794
2.132282
2.140112
2.251408
2.256641
2.197315
2.262343
2.240047
2.264615
2.274257
2.337257
2.223639
2.232106
2.272398
2.291382
2.254997
2.299792
2.365114
2.374763
2.394913
2.340032
2.397861
2.440509
2.431700
2.431587
2.516595
2.546891
2.524003
2.627400
2.661263
2.586963
2.494130
2.720510
2.774175
2.725677
2.811400
2.767697
2.801141
2.725646
2.788828
2.790607
2.754699
2.810687
2.913578
2.795857
2.930794
2.842083
2.811400
2.997511
2.958823
2.960993
1.198043
0.423226
0.521372
0.498669
2.141672
0.833973
0.487006
0.818814
0.492644
0.878490
1.661266
0.534780
2.180065
2.234346
2.722705
0.531951
0.950087
0.559292
0.946632
0.472125
0.939586
0.454569
0.877011
0.898521
0.605617
0.566965
0.715451
0.452244
0.491674
2.280985
2.161829
0.457178
1.777509
0.461038
1.266055
0.674664
1.496374
0.568209
0.485461
1.116434
0.613471
0.700447
0.402836
0.444184
2.307048
0.439871
2.270966
0.898302
0.413298
0.542657
1.891630
0.642227
1.004839
0.542114
0.832494
0.740986
0.473725
0.916572
0.671988
0.519128
0.706742
1.146782
0.927524
0.543941
0.445409
0.894503
0.605661
0.664552
1.517562
0.595979
0.699309
1.362169
1.014014
0.489096
0.861427
2.252701
0.760668
0.662985
0.553386
0.502717
2.913791
0.601850
0.664169
0.444227
0.931027
0.609972
0.950626
0.800622
0.722383
0.432863
0.583858
0.580672
0.687387
2.915747
1.472482
0.786578
0.674376
0.496643
1.782746
0.874184
0.652101
0.452244
0.474673
0.450928
0.745910
0.775868
0.613194
0.595355
0.670308
2.727174
0.449003
0.489808
0.537367
1.685031
0.548585
0.754504
1.279670
0.946084
0.430514
1.034927
0.616128
1.957689
1.172194
1.769783
0.442622
0.812612
0.662715
0.395587
1.801964
0.506910
0.735338
0.988006
0.471663
0.652421
0.463458
1.361363
0.610606
0.549675
0.617469
0.409127
1.882816
0.627955
0.395292
0.417483
0.875058
1.585335
1.879186
0.439201
1.684256
0.518407
0.439677
1.496374
1.102160
0.462630
1.018010
1.646936
0.448214
0.723010
2.472342
0.497250
1.077618
0.497610
1.117878
1.133475
0.643595
0.665164
0.609522
0.514385
0.636092
1.367615
0.815969
0.438675
1.134368
0.425483
0.447575
0.583225
1.725064
0.743005
0.425651
1.746025
0.433575
0.468065
1.254496
0.637523
0.847756
0.485449
0.543118
0.516656
1.004475
0.483393
0.440454
0.622776
0.672141
0.544279
1.422990
0.596119
0.628636
1.297476
0.623000
1.483690
0.504714
1.363484
1.467698
0.523132
1.279807
1.293662
0.858490
1.039384
2.018173
2.199675
0.563409
0.688362
0.478328
0.425990
0.729320
1.009457
0.617157
0.759657
0.801503
0.541557
0.477042
0.435256
0.493059
0.462604
0.506447
1.118090
0.661568
0.687387
1.088006
0.942781
0.487006
0.461488
0.631732
0.410718
2.056076
0.720705
0.636092
0.517236
0.538680
0.670665
0.720276
1.928526
2.469593
0.490909
0.713845
1.129307
0.479161
0.634895
0.788542
0.867424
0.420251
0.883201
0.740169
0.436310
0.645208
0.479161
2.725646
0.477588
2.149373
0.582566
1.024100
0.945390
0.840432
2.154405
1.898809
0.762588
0.792178
0.463230
0.473593
0.555986
1.818911
0.853517
0.777491
0.407668
1.409865
0.401433
0.880204
0.991693
1.763119
0.468159
0.418291
0.451921
1.471814
0.428779
0.738757
0.473778
0.815969
1.359825
0.658084
1.679995
0.484561
0.766365
2.334936
0.393450
1.366792
0.840617
0.539794
0.868259
0.465358
0.394769
0.541375
0.976897
0.907765
0.411529
2.722254
1.576527
0.628776
0.627300
0.538979
1.396359
0.478788
1.061865
2.080010
0.607326
2.663025
0.697275
2.632109
1.377728
0.521372
0.492985
1.353300
0.461744
0.820129
1.297476
1.189554
0.438675
1.600084
0.683797
1.031479
0.438905
1.376827
0.578661
0.733415
1.075708
0.998903
1.389681
0.471802
0.417849
0.622043
0.969993
2.237687
0.662397
2.165077
2.198794
0.855939
0.441408
1.766011
0.613176
0.808704
0.909654
0.580867
1.354843
0.557949
0.498253
0.484666
0.577793
0.447539
1.943352
0.515963
0.527091
1.105504
0.738203
0.544935
0.443109
0.481449
0.537720
0.482072
0.756990
1.737451
0.439833
0.709483
1.469917
2.703233
0.761298
0.555619
2.106700
0.968071
0.724364
0.571071
0.559915
0.591103
0.441408
2.871170
0.895627
0.676288
1.632743
1.873730
1.948118
0.699309
2.098995
0.423255
1.943352
0.499332
1.120796
0.467613
0.599120
0.408474
0.546492
0.794130
0.602355
0.741979
0.572279
2.800035
0.689650
1.783105
0.536976
0.810447
0.702404
0.539137
2.009541
0.976130
1.470777
0.579111
2.000326
0.538979
0.608849
0.701186
0.976897
0.420155
0.538104
1.726090
0.421734
0.573390
0.750481
0.849548
0.674797
0.516320
0.719655
0.816529
2.289831
0.432378
0.470898
1.260615
0.411188
0.679775
0.607134
1.033831
0.561805
1.223456
0.718016
0.555570
0.685879
0.538866
0.707053
0.398777
0.537981
0.438403
0.730870
1.045422
0.774230
0.390911
2.688147
1.143795
0.638941
2.568825
1.116946
0.871397
0.625818
0.664982
0.776519
0.642204
0.881213
0.718675
0.713845
0.808584
1.233136
0.402839
0.541608
1.704411
0.424562
0.424562
0.555619
0.440960
0.807176
1.101308
1.709977
0.467521
0.397565
0.546222
0.623235
0.773424
1.070363
0.499380
0.674092
0.446241
0.886358
0.434290
0.791258
0.637523
0.431558
0.486851
0.450928
0.419736
0.476768
1.295129
0.454586
0.556494
0.509964
1.310362
1.004948
0.878253
0.674376
0.952091
0.943868
0.686078
0.627955
0.452608
0.414390
0.659056
0.661097
0.569357
0.458006
0.684516
0.793562
0.386983
1.443827
1.608232
2.640896
1.038671
1.018199
0.446498
1.343079
1.024310
0.411553
0.713397
1.354843
0.950087
0.593160
1.700045
0.737351
1.967783
0.662715
0.472365
0.503132
0.492844
0.719042
0.574605
0.480015
0.542673
0.493635
0.738602
2.202604
0.630412
0.610037
0.446229
0.725149
0.428156
1.662291
0.520261
0.399698
1.028886
1.891630
0.530900
0.641137
0.541137
0.454990
1.468654
0.888856
2.250394
0.406984
2.913578
0.746358
0.477570
0.538907
0.617337
0.527616
0.420196
0.492728
0.756183
0.413448
0.542290
2.078228
0.776529
1.631515
0.598093
0.813794
0.578637
0.830411
0.149995
0.309512
0.308000
0.523062
0.364412
0.367350
0.173524
0.233447
1.677592
1.125045
0.528367
0.613464
0.130164
0.089760
0.143554
0.095322
0.131640
0.326261
0.118656
0.301674
0.092153
0.655798
0.076559
0.809827
0.102115
0.391994
1.535955
0.094206
0.499161
0.124188
0.114525
0.148963
0.309778
0.112158
0.438359
0.712490
0.486388
0.113439
0.242383
1.260794
0.462236
0.243165
0.098586
0.084638
0.562125
0.140513
0.197202
0.283473
0.133521
0.184744
0.114313
0.123997
0.329781
0.774680
0.106906
0.491950
0.194854
0.167756
0.180675
0.118412
0.063071
0.966370
0.117268
0.272486
0.327761
2.142018
0.093694
0.115291
0.972935
0.757594
0.126968
0.734257
0.262458
0.188355
0.181925
0.199493
0.194924
0.137647
0.094684
0.130259
0.093160
2.244078
0.652637
0.880042
0.125148
0.468713
0.067118
0.941870
0.099287
0.185753
0.121779
0.399182
0.114567
0.072298
0.729845
0.610101
1.052149
0.117494
0.214885
0.158959
0.214273
0.777102
1.038695
0.383640
0.095240
0.169824
0.289798
1.273051
0.069926
0.157652
0.654685
0.105653
0.590073
0.201427
0.109828
0.791783
0.392214
1.140936
0.483826
0.182049
0.146497
1.612962
1.329466
0.933950
0.519712
0.137078
0.682953
0.638877
0.307896
1.658943
0.166963
0.127788
0.839675
0.625390
0.506713
0.125830
0.103475
0.163969
1.469705
0.223753
0.722142
0.706180
0.430445
0.151910
0.101561
0.135781
0.110593
1.709576
0.672509
0.338667
1.479233
0.164736
0.249889
0.125960
0.318685
0.113314
0.090628
0.667825
0.459657
0.136941
0.102463
1.300556
0.101750
0.433202
0.196479
0.098744
0.628902
0.106224
0.073746
0.104815
0.086199
0.116832
0.415669
0.090939
0.113321
2.751514
0.096473
0.451754
0.142636
1.097717
0.055869
0.218156
2.025730
0.097153
0.200633
0.505026
0.119512
0.952096
0.300493
2.548098
1.955482
0.062389
0.114759
0.484241
0.498804
0.262655
0.130940
0.081019
0.660740
0.101804
0.504563
0.193380
0.169593
0.119598
0.565799
2.130731
0.347963
0.212474
1.409017
0.328019
0.096810
0.603629
0.174564
0.145324
0.143023
0.219392
0.585211
0.094732
0.420005
0.424533
0.073955
0.635765
1.504126
0.457057
0.207368
0.643020
0.165830
0.106706
0.173541
2.207657
0.740434
0.505794
0.068214
1.495872
0.601186
1.488623
1.223716
0.860601
0.209458
0.175984
0.315865
0.547967
0.129646
0.208117
0.288371
0.675902
0.247995
0.098056
0.303533
1.581644
0.875925
0.239562
0.159325
0.118047
0.199914
0.467149
0.305504
0.098880
2.393515
2.283759
0.353721
0.732029
0.152789
2.989232
2.095529
2.157672
0.134270
0.131629
0.135885
0.481079
0.663129
0.127178
0.496184
0.273801
1.509650
0.197331
0.168914
0.458753
0.429048
0.077847
1.125852
0.679647
0.191602
0.330061
0.107470
0.112287
2.056918
1.888163
0.102067
0.097895
0.455756
1.452497
0.156097
0.407700
0.122812
0.107747
0.229456
1.434770
0.383786
0.875046
0.447767
1.855454
0.632004
1.901571
0.082923
0.115096
0.495636
0.170076
1.315047
0.288348
0.290843
0.210680
0.223981
0.089374
0.154553
0.108112
0.323710
0.471300
0.061983
0.194313
0.261921
0.107718
0.331521
0.178486
0.121302
0.123922
0.107553
0.159385
0.321736
0.154268
0.290395
0.362835
0.097606
0.131393
0.306283
0.149966
0.429843
0.355493
0.137025
1.679643
0.665809
0.219876
0.526767
0.243400
0.239353
1.048938
0.695664
0.167605
0.180192
0.617018
2.755070
0.123803
0.190374
0.075976
2.699842
0.384332
2.077641
0.061901
0.235910
0.098674
0.111507
0.078842
0.117589
0.198640
0.888065
1.734317
0.167126
0.475163
0.614913
0.434238
0.390075
0.140203
0.062251
0.478586
1.218472
0.401028
0.293715
0.456848
0.203700
0.118015
0.492239
0.129907
0.251053
0.988960
0.935996
0.397915
0.459895
0.116970
0.093986
0.485077
1.521845
0.107778
1.084202
0.148698
0.141967
0.227446
0.089364
0.074061
0.086427
0.750222
0.284360
0.568166
0.608780
1.019090
0.078000
0.672947
0.487352
1.039917
2.396311
0.912674
0.154869
0.410085
0.209231
0.269272
0.200254
0.436541
0.108026
0.084335
0.647157
0.875125
0.131817
1.443517
0.132010
0.152290
0.169974
0.854493
0.178725
0.461419
0.106346
0.212112
0.187688
0.102790
0.110730
0.147631
0.228193
0.068505
0.371893
1.931222
0.738587
0.333009
1.176605
0.589758
0.620195
0.067907
0.095384
0.608322
0.098542
0.134387
0.387294
0.084509
0.175007
0.822562
1.406477
0.145290
2.241734
0.126629
0.824625
0.127074
0.483091
2.278210
2.267906
0.794455
0.171140
0.177887
0.137131
0.108007
0.144100
0.220394
0.078704
0.657884
0.167209
0.163931
0.332275
0.643489
1.677845
0.064256
0.077782
0.253076
0.108438
1.685638
2.438613
0.145083
0.943015
0.361672
0.184263
0.352241
0.442200
0.128074
0.092793
0.189419
0.134597
0.848289
0.096861
0.079336
0.190208
0.327296
0.118598
0.767956
0.164407
0.114453
0.431758
1.220286
0.086825
0.115956
0.537462
0.164896
0.563505
0.192574
0.120966
0.449743
0.120828
0.201038
0.534928
0.101789
0.164344
0.150651
0.068746
0.769943
0.136557
0.319490
1.000099
0.182141
0.122802
0.137458
0.082306
0.208076
0.117478
0.636756
0.138898
1.209854
0.268817
0.766805
0.190237
0.145160
2.034513
0.263369
0.077097
0.240290
0.448092
1.268450
0.329682
0.649249
0.083810
0.725134
0.773870
0.284260
0.107826
0.159805
0.107028
0.075625
0.119903
1.075956
0.141136
0.251850
0.089835
0.195079
0.133914
0.131395
1.933987
1.546945
0.067130
0.452727
0.064864
0.531435
0.143029
0.602660
0.171014
0.465073
0.105989
0.314004
0.099855
0.200875
0.327958
0.268374
0.475588
0.390366
0.504071
0.106528
0.346466
0.810532
0.131653
1.259060
0.090446
0.395920
0.139348
0.281863
0.723366
0.279434
0.093139
0.100619
0.122849
0.673360
0.098695
0.081108
0.201917
0.104848
0.718971
0.827939
0.089547
0.107550
1.288075
0.111166
0.058793
0.122860
0.190212
0.640179
0.118840
0.269353
0.107506
0.198006
2.063155
1.040079
0.313008
0.095084
1.455906
0.131309
0.135654
0.162041
0.384967
0.132989
0.381956
0.588976
3.001452
0.168718
0.431316
0.487209
0.165374
0.149499
0.225511
0.372748
0.232171
0.245010
0.504319
0.098321
2.560501
0.262076
0.885688
0.534636
0.081993
0.086969
0.567347
0.342852
0.523223
0.137108
0.076056
1.866875
0.109071
0.086693
0.067528
0.851268
0.316394
0.432279
0.300757
0.115454
2.299054
0.843655
0.412974
0.094627
0.103694
0.481755
0.604301
0.975882
0.088765
0.411479
0.093993
0.714370
0.206427
0.415220
1.023919
0.734233
0.419341
2.152901
0.917607
0.450371
1.021345
0.568149
0.155798
0.103757
0.416846
1.792565
0.065341
0.331267
1.703767
0.209935
0.683318
0.140685
0.075216
0.111574
0.569302
0.101129
0.090097
0.264677
0.806984
0.444176
0.092216
1.861569
0.344169
0.117189
0.089613
0.670345
0.578413
0.902575
0.067217
0.165402
0.575701
0.803274
0.365637
0.190460
0.110792
0.073626
0.149407
0.143623
0.147992
0.067832
0.066386
0.198775
0.549176
0.116826
0.190515
0.095292
0.146223
0.144681
0.950513
0.142809
0.499634
0.155037
0.165143
0.086121
0.193555
1.029811
0.097078
0.596477
0.136892
0.127611
0.587630
1.037262
0.130439
0.699442
0.196453
0.109804
2.744268
0.080108
0.129751
0.095549
0.183843
0.466031
0.159302
0.160643
0.599554
0.144945
0.174557
0.098395
0.139524
0.419782
2.261323
0.252360
1.854309
0.180499
0.116745
0.203474
0.712507
0.121973
2.372372
0.198972
0.073326
0.120703
0.132008
0.164580
0.177272
0.160162
0.595581
0.092680
0.060694
0.413929
0.700533
1.084380
0.221110
0.143020
0.532901
0.117333
0.330861
0.097940
0.536394
0.252794
0.807783
2.176327
0.144024
0.107318
0.110114
2.283710
0.326022
0.110996
0.147115
0.088580
0.150311
0.143179
0.108317
0.067441
1.114540
0.113175
0.127533
1.077972
0.141097
0.231688
0.327762
0.136006
0.798996
0.097021
0.588540
0.120304
0.895243
1.731384
0.520655
0.316245
0.195697
0.287553
1.746948
0.067458
0.103650
0.150472
0.120923
0.115853
0.239776
0.190333
0.098955
0.843233
0.128086
0.232951
0.152515
0.670346
0.485845
1.136508
0.139603
0.571238
0.452571
0.503036
0.305380
0.121017
0.126289
0.300960
1.277144
0.296324
0.164034
0.144179
0.121871
0.116686
1.249819
0.116676
0.610198
0.192362
0.948167
0.408543
1.174105
0.057345
0.074059
1.971945
0.303162
0.353371
0.629379
0.536367
0.284055
0.646952
0.125645
0.651249
0.144142
0.141812
0.147526
1.303719
0.289886
0.692803
0.367083
0.403893
0.127248
0.101730
0.433207
0.538644
0.444979
0.120155
0.566609
0.141964
0.888785
0.590588
0.277039
0.201222
0.166019
0.397456
0.094860
0.730095
0.335278
0.785621
0.102940
0.064555
0.891804
0.505517
0.089182
0.099184
0.208688
0.096211
1.100052
0.273877
0.303367
0.319413
0.150281
2.506073
0.121925
0.100833
2.232675
0.097025
0.568871
0.485639
0.361102
0.162345
0.731760
0.118184
0.382530
1.406473
0.094838
0.231896
1.585065
0.124304
0.151065
0.273402
0.153536
0.311304
1.021271
0.307803
0.645578
0.119382
1.593782
0.126850
0.095541
0.320886
0.617414
0.431772
0.627589
0.112390
0.178036
0.440408
0.296700
0.691086
1.904065
0.560249
0.174178
0.061216
0.133782
0.846833
0.117264
1.416618
0.385902
0.511832
0.241667
0.123230
0.075060
0.550175
0.122761
0.869388
0.218091
0.101585
0.271241
0.114182
0.647310
0.192557
0.132665
0.210843
0.741774
0.333094
1.557527
0.537354
0.160410
1.921642
0.887660
0.270418
0.216304
0.140840
0.092774
0.117678
0.228720
0.121678
0.780792
0.193981
0.436217
0.097166
0.945097
0.209789
0.219650
0.188918
0.097151
0.173899
0.103641
0.118271
0.169611
0.124096
0.639034
0.132001
0.782779
0.106644
0.218713
0.466924
0.089011
0.648593
0.390792
0.807560
0.868692
0.094863
0.124597
0.319012
0.269130
0.201586
0.143029
1.091052
0.068151
0.102830
0.681035
1.761890
0.224417
0.404038
0.144420
1.293756
0.123659
0.069972
0.392938
0.378386
2.005926
0.121592
0.134827
0.559470
0.409029
0.399448
0.520809
0.193095
1.696323
0.487456
0.138264
0.104851
0.126627
0.070698
0.186403
0.265881
0.123584
0.459091
0.112536
0.284385
0.542902
0.170630
0.590878
0.541573
0.264814
0.510164
0.127684
0.103675
0.202832
0.145971
0.156621
0.176929
0.172918
0.128403
0.604370
0.165189
0.396545
0.741342
1.337509
0.096534
0.173533
1.468173
2.136529
0.241978
0.525304
0.128439
0.107821
0.502551
0.583665
0.100650
0.098368
1.270245
0.572996
0.164528
0.060604
0.689562
0.183089
0.316268
0.077419
0.407837
2.855808
1.744822
0.960728
0.205466
0.694383
1.006497
0.524399
0.656526
0.066860
0.155557
0.617015
0.463210
0.466856
0.340657
0.149716
0.124931
0.127965
0.409231
0.772639
0.284265
0.735209
0.164013
1.623697
1.209018
0.933065
0.086952
0.193237
0.083191
2.581958
0.780903
0.171301
0.100387
0.523819
0.466394
0.183390
0.106274
0.333513
2.685952
0.104416
0.135074
0.478193
0.094781
0.396183
0.130715
0.117986
0.876590
0.190033
0.119990
0.765217
0.544952
0.087006
0.397244
0.145701
0.080483
0.583145
1.109905
0.963801
0.133097
0.686787
0.114189
0.401635
0.303514
0.431873
0.079304
0.338610
0.676648
0.237056
1.385038
0.147130
0.267595
0.113853
1.323967
0.774518
0.084600
0.118750
0.442203
1.119460
0.402452
0.583712
0.226547
0.607493
0.477994
0.105117
0.097248
1.147522
0.541591
0.133361
0.371807
0.231673
1.159804
0.177330
0.084651
0.408695
0.136526
0.155566
1.863061
0.275521
0.105576
0.643797
0.998335
0.062039
0.466912
0.087289
0.683637
1.579854
0.144702
1.296757
0.113791
0.104690
0.118781
1.535753
0.136839
0.306788
0.501047
0.100377
0.322783
0.078445
0.175911
0.593624
0.162974
0.762871
0.137627
0.087427
0.471151
0.363831
0.190201
0.161679
0.205963
2.764730
0.573787
0.775592
0.686790
0.344470
0.528830
0.164474
0.181524
0.509106
0.385500
0.188906
0.257982
0.193578
0.436949
0.568231
0.205799
0.170361
0.278162
1.417951
0.645127
0.585195
0.362146
0.569973
0.661549
0.137854
1.217514
0.135011
0.204132
2.280608
1.999656
0.267056
0.680657
0.854011
2.709681
1.357952
0.081849
0.464095
0.185997
0.080669
0.186642
1.394480
0.356883
0.124726
0.112073
0.145652
1.155210
0.070753
0.508304
0.315560
0.144667
0.123727
0.085912
0.083143
0.259496
0.193910
0.067960
0.218263
0.119136
0.764885
0.114116
2.568855
0.803055
0.137459
0.148467
0.184203
0.093375
1.129230
0.691927
0.108923
0.065944
0.074995
0.714719
0.213232
0.143674
0.191786
0.166230
0.250751
1.022973
0.066733
0.470813
0.796751
0.110563
0.160095
0.210005
0.369645
0.110221
0.115309
0.408729
1.532546
0.152452
1.178271
1.190473
0.101401
0.417037
0.193914
1.250929
0.190330
0.768850
0.480183
0.811718
0.153019
1.034800
0.110370
0.352288
0.165080
0.160425
0.062731
0.318406
1.445537
0.179650
0.857307
0.090970
0.152576
0.264884
0.102932
0.160210
0.425167
0.069491
0.553740
0.145933
0.193971
0.168654
0.129724
0.118667
0.204075
0.078909
0.183433
0.101233
0.459478
0.126209
0.112897
0.642353
0.926979
0.584755
0.115241
0.302766
1.845259
0.253719
0.377596
0.219602
0.405273
0.082436
0.087118
0.294825
0.352327
0.183319
0.373123
1.962406
0.109849
0.547960
0.071346
0.179223
0.111324
0.190948
0.165324
0.069865
0.716020
1.739511
0.156588
0.095159
0.092909
0.202484
0.105469
0.065152
0.152935
0.251939
0.445491
0.885680
0.120265
0.344948
0.390355
0.541900
0.135440
0.322514
0.592469
0.269300
0.388949
0.123135
0.217553
0.326688
0.099946
0.269121
0.115673
0.109559
1.348649
0.106602
0.131334
0.226565
0.350751
0.442936
0.455800
0.144130
0.109618
0.386946
0.120742
0.111136
0.139352
0.665974
1.623122
0.097526
0.711743
0.174447
0.504251
0.079154
0.096731
0.070511
1.255621
0.147334
0.102710
0.224268
0.264717
0.745922
1.156009
0.084281
0.418100
0.723950
0.821407
0.921152
0.108729
0.294265
0.175105
1.009246
0.316305
0.410588
0.088641
0.102663
0.444367
0.321763
0.108247
0.225513
0.201283
0.120069
0.105919
0.622809
0.688837
0.280524
0.578281
0.065468
0.280573
0.089235
1.179538
0.093501
0.131239
0.178364
0.089459
0.594249
0.331094
0.160192
0.085122
0.213239
0.216359
0.394582
0.121337
0.138226
0.238009
0.108585
0.112411
0.074854
0.421977
0.586851
0.776209
0.097159
0.287509
0.126971
0.127710
2.024631
0.759953
0.117704
0.429224
0.103543
0.112085
0.297975
0.991066
0.366024
0.618225
2.491036
0.269840
0.078709
0.148854
0.275865
0.119670
0.641106
0.244489
0.109182
0.259017
0.112969
1.106194
0.097638
0.648313
0.111476
0.226420
0.096453
0.483180
0.161334
0.089921
0.633920
0.249244
0.426782
0.103293
0.067776
1.920200
1.396077
0.224242
0.401894
0.090750
0.572202
0.180306
0.697983
0.195492
0.443369
0.116834
0.291475
0.401431
0.490840
0.106683
0.272902
0.087422
0.480901
0.188613
0.324101
0.113433
0.176526
0.070478
0.487021
0.129144
0.408291
0.190783
0.533513
0.126383
0.153014
0.354016
0.073962
0.475439
2.108188
0.220728
0.161375
0.103675
0.068272
0.132184
0.064928
0.172174
0.115344
1.701464
0.632510
0.061190
0.125045
0.122661
0.127366
0.102506
0.254499
0.141123
0.430524
0.442580
0.164544
0.331321
0.614754
0.177507
0.343288
0.607597
0.389121
0.203515
0.075629
0.493730
0.081094
0.987424
0.147276
1.206435
0.979142
0.078271
0.505432
0.294979
1.228409
0.183395
0.918201
0.578183
0.079718
0.121158
0.628369
0.152587
1.033867
0.425915
0.128960
0.265179
0.128089
1.646940
0.808013
0.260831
0.912116
0.067800
0.108607
0.207577
0.291335
0.149455
0.677400
0.123891
1.412516
0.063716
0.442222
0.408268
0.794412
0.719638
0.150613
0.176019
0.094085
0.685318
2.064748
0.596942
0.179875
0.550696
1.107146
0.480633
0.124880
0.077876
0.129713
0.119816
0.314749
0.501318
0.116301
0.115602
0.071315
0.102227
0.078834
0.585263
0.105174
0.408395
0.232999
0.942373
0.587606
0.234735
0.388993
0.303214
0.102723
0.282675
0.106587
1.162545
0.478694
2.591968
0.421061
0.390453
0.331953
0.593532
0.128434
0.908692
0.355504
0.420537
0.117902
0.255110
0.141584
0.477172
0.847468
0.101621
0.260904
0.150269
0.129958
0.139018
0.299342
0.159394
0.090514
0.201728
2.706624
0.175387
0.093870
0.134890
0.495769
0.267912
0.159297
0.094248
0.091981
1.300144
0.285071
2.013214
0.323674
0.211211
0.242519
0.077151
0.245404
0.158009
0.103783
0.411255
0.466857
0.116618
0.660891
0.081688
0.550245
2.357857
0.485374
0.431315
0.237811
0.557190
0.820228
0.861680
0.109444
0.144078
0.390078
0.084970
0.256773
0.277925
0.103055
0.112600
0.355429
0.090633
0.362295
0.407978
0.722352
0.422647
0.514045
2.146815
0.094371
0.108038
0.140654
0.112077
0.271385
2.166677
1.987410
0.083306
0.132448
0.682734
0.534458
1.749545
0.183568
0.545583
0.394125
0.171835
0.081979
0.198799
0.128057
0.456631
0.156464
0.198102
0.438212
0.235809
0.188189
0.111050
0.112705
0.129280
0.578774
0.387019
0.090588
0.125478
0.411627
0.128213
0.098044
0.082318
0.597775
0.140445
0.531450
0.175544
0.647653
0.569464
0.523615
0.518990
0.134452
0.854952
0.121943
0.304330
0.164824
0.061639
0.900079
0.086887
0.057817
2.141075
0.985469
0.115864
0.208063
0.076905
0.129722
1.407939
0.088502
0.129843
0.173912
0.558054
2.578273
0.074064
0.097121
0.313679
0.112193
2.163477
0.715454
0.520669
0.084108
0.626530
0.157333
0.164732
0.191996
0.249908
0.417151
0.479074
0.141565
0.127684
0.107294
0.136175
0.073550
0.661915
0.555234
0.181941
0.109142
0.073506
0.195498
0.064729
0.174024
0.209443
0.134667
0.189320
0.562804
0.119098
0.274730
1.196031
0.142644
0.661271
0.101072
0.247748
0.564111
0.532205
0.551442
0.114556
0.116184
0.415920
0.238892
0.126572
1.340506
1.018724
1.174416
0.117633
0.099001
0.393517
0.103138
0.413906
0.180238
0.100459
0.217909
0.061006
0.113253
1.767381
0.468586
0.915300
0.636372
0.151901
1.403769
0.076668
0.422937
1.115740
0.113473
0.540982
0.089119
0.995942
0.121198
0.121101
0.582721
0.178768
0.114041
0.080276
0.637995
2.690343
0.064281
0.202652
0.090011
0.554983
0.884164
0.636593
0.807577
0.162005
0.696614
0.470464
0.078015
0.443069
0.469331
0.108230
0.108508
0.126906
0.294328
1.003580
0.219075
0.841277
1.816668
0.121079
0.729757
0.131753
0.601756
0.114352
0.141760
0.086468
0.441496
0.109885
0.178127
0.709494
0.160777
0.174334
0.147134
0.255863
0.290557
0.138643
0.194452
0.105777
0.593569
0.511096
0.121538
0.361088
0.098634
0.118985
0.463097
0.115871
0.101439
0.102233
0.445460
1.018735
0.426966
0.136899
0.149426
0.210281
0.127547
0.079477
0.113207
0.723767
0.318057
0.707777
0.153214
0.113973
0.081637
0.151268
0.104488
0.168031
0.112890
0.126251
0.287744
0.112006
0.583956
0.194958
0.343646
0.218641
0.252608
0.744568
0.573068
0.061533
0.300534
0.115473
0.322568
0.260844
0.925815
1.667630
0.964270
0.460314
0.332836
0.805534
0.064673
0.221238
0.390764
0.248208
0.275758
0.122737
0.128589
1.084827
1.201077
0.091025
0.403737
0.062708
0.225901
0.860611
0.277282
0.108891
0.125254
0.395318
0.182203
0.056897
0.200264
0.509843
0.111060
0.187458
1.081780
0.351473
0.328304
0.297241
0.447146
0.105727
0.167171
0.131152
0.629739
0.076468
0.473457
0.614663
0.428719
0.797013
2.765571
2.391669
0.144037
2.357113
0.144566
0.127622
0.395433
0.317934
0.459002
0.132635
0.144121
2.261037
0.519285
0.717820
0.121745
0.106827
0.144973
0.086567
0.069522
0.263586
0.124779
0.109289
0.603632
0.109327
0.330925
0.250268
0.103231
0.095048
0.446131
0.157105
0.410386
0.153048
0.625351
2.545683
0.125124
0.145152
0.416463
0.132632
0.150714
0.094910
0.709442
0.314729
0.285983
2.487508
0.098718
0.541562
0.123610
0.097563
0.104017
0.276972
0.109689
0.515609
0.128942
0.411811
0.420742
0.505825
0.206497
0.154834
0.119563
0.121800
0.166199
0.090161
0.643104
0.580350
0.434782
0.306240
0.069561
0.331813
0.087257
0.473506
1.499373
0.439789
0.104295
0.607593
1.743519
0.208833
0.720292
2.105212
0.118613
1.067815
1.004989
0.332713
0.528818
0.129859
0.202808
0.176948
1.535641
0.131509
0.067119
0.219551
0.128658
0.418162
0.682043
0.103242
0.074079
0.161392
0.729853
0.681451
0.092033
0.425091
1.012977
0.603051
0.068301
0.142619
0.234174
0.095984
0.128222
0.163464
0.138921
1.086470
1.795512
0.112764
0.893737
0.270327
0.524389
0.122635
1.979431
0.726183
0.131942
0.100647
0.181544
0.607691
0.195773
0.523174
0.468782
0.166961
0.143748
0.148336
0.096179
0.166414
0.586085
0.512529
0.508798
0.223284
0.137938
0.298425
0.247687
0.138827
0.104340
1.080437
0.107731
0.512750
1.250883
0.792457
0.277236
0.912121
0.213097
0.102499
0.850736
0.476474
0.406473
0.216293
0.733707
0.075090
0.389374
0.110050
0.075148
0.102835
0.170814
0.209039
0.241761
0.146110
0.309000
0.169531
0.122252
0.148690
0.765718
0.168062
0.172496
0.945356
1.440463
0.263577
0.180410
0.632693
0.187866
0.458351
0.130553
0.154179
0.824713
0.101916
0.433184
0.072956
0.201462
0.110908
0.751709
0.095577
0.191323
0.096811
0.060264
0.107265
1.935912
0.540743
0.089109
0.489849
0.636540
0.178634
0.605925
0.192156
0.546434
0.683647
0.320321
0.134198
0.276322
0.190527
0.099450
0.148264
0.116395
0.456583
0.113443
0.426133
1.041613
0.303849
0.100806
0.180998
0.507602
0.215954
0.112937
0.647181
0.110109
0.288787
1.090677
0.907191
0.059775
0.109153
0.808273
0.067169
0.103175
1.782477
0.402767
0.120621
0.097917
0.127605
0.145408
1.035223
0.260908
0.150721
2.744668
0.078045
0.325391
0.126324
0.597503
0.604291
0.153673
0.122500
0.767265
0.149528
0.435404
0.131230
0.637583
0.124320
0.164567
0.492933
0.120557
0.501862
0.592613
0.408434
0.142687
0.674956
0.463847
0.069587
0.807882
1.955933
0.160579
1.774942
0.126958
0.086750
0.083235
0.687225
0.668930
0.829111
0.580339
0.347275
0.185625
1.969399
0.340239
0.076506
0.732112
0.233979
0.110396
0.140284
0.095611
0.232516
0.384091
0.850548
0.217876
2.916199
0.189490
0.159233
1.075960
0.471964
0.168712
0.075865
0.238995
0.270853
0.080941
2.825720
0.955895
0.107428
0.658378
0.184850
0.165844
0.284708
0.454833
0.539406
0.773326
0.117159
0.165476
0.106791
0.146324
1.415938
0.083457
0.440286
0.122448
0.676185
0.249904
0.886783
0.786869
1.319033
0.165165
0.315883
0.151036
0.379141
2.079593
0.202030
0.357181
0.954126
0.423319
0.251089
0.715618
0.107972
0.116482
0.075757
0.107659
0.498951
0.106408
1.909456
2.219058
0.656330
1.772541
0.428227
0.359576
0.123831
0.461991
0.077247
0.393594
0.154471
0.811217
0.070510
0.210492
0.092150
0.551402
0.701615
0.143812
0.172658
0.168097
0.246740
0.073897
0.082340
1.749625
0.104988
0.119495
0.129995
0.133107
0.159971
0.074489
2.180507
0.092473
0.144923
0.874192
0.172643
0.671161
0.915225
0.134335
1.638130
0.131160
1.791541
0.448614
0.158826
1.377277
0.185517
0.220657
0.369169
1.444056
0.133236
1.054797
0.801886
0.278263
0.313541
0.072492
0.084286
0.142186
0.118614
0.136128
0.909383
0.140843
0.143539
0.114365
0.104195
0.114779
0.783094
0.495458
0.105861
0.113353
1.753204
0.100384
0.158810
0.325334
0.096470
1.091933
0.288660
0.609871
0.093520
0.129863
0.173496
0.117185
0.364225
0.182304
0.404230
0.131801
0.138581
0.529324
0.550546
1.541242
0.706950
0.134627
0.571798
0.750358
0.341755
0.690194
1.439504
0.303657
0.519206
1.059482
0.110137
0.462639
0.153033
0.169543
0.076736
0.387688
0.397725
2.858021
2.826146
0.249889
1.861738
1.279907
0.349346
0.137847
0.128202
0.377297
0.106805
0.170397
0.388465
0.351191
0.279109
0.750385
0.912628
0.491822
0.214863
0.188344
0.874237
0.077071
0.166007
1.559273
0.061510
3.005790
0.115230
0.454757
0.121044
1.531635
0.104692
0.520024
0.108029
0.179051
0.079850
0.206274
0.182243
0.357467
0.969772
0.093176
0.069221
0.729091
0.282364
0.106246
0.622481
0.104373
0.124385
0.264911
0.513132
0.125925
0.766552
0.064583
0.568598
1.126274
0.085687
2.217080
1.308125
0.422844
0.135933
0.121364
0.177399
0.194418
0.163456
0.139917
0.444523
0.303927
0.544624
0.119369
