1.273930000000000062e-01
9.217720000000000358e-01
5.853329999999999922e-01
4.815099999999999936e-01
3.698961000000000165e+00
1.994544000000000095e+00
1.651988000000000012e+00
8.855579999999999563e-01
4.249999999999999889e-01
2.341012999999999789e+00
3.214060000000000250e-01
3.412058000000000035e+00
5.760189999999999477e-01
4.044458999999999804e+00
2.259230000000000127e-01
4.155139999999999945e-01
4.212910000000000266e-01
3.839650000000000007e-01
4.378629000000000104e+00
5.517720000000000402e-01
4.925820000000000198e-01
1.474617000000000067e+00
3.011469999999999980e-01
7.610590000000000410e-01
4.426959999999999784e-01
4.279094999999999871e+00
2.158299999999999941e-01
5.280537999999999954e+00
1.021919000000000022e+00
2.087004999999999999e+00
8.447999999999999954e-01
1.457435999999999954e+00
1.057549999999999990e+00
2.123314999999999841e+00
1.412995000000000001e+00
8.678519999999999568e-01
4.481390000000000096e-01
5.845730000000000093e-01
3.933170000000000277e-01
1.391645000000000021e+00
3.909009999999999985e-01
3.408089999999999731e-01
2.011680000000000135e-01
5.904169999999999696e-01
3.316158000000000161e+00
3.383624999999999883e+00
8.340090000000000003e-01
1.739937999999999985e+00
1.346025999999999945e+00
1.829682999999999948e+00
2.342363999999999891e+00
5.236239999999999783e-01
1.242445000000000022e+00
1.675782000000000105e+00
6.550219999999999931e-01
1.023667000000000105e+00
3.407709999999999906e-01
9.122430000000000261e-01
1.703281000000000045e+00
2.235360000000000014e+00
6.551394000000000162e+00
1.195583999999999980e+00
7.907220000000000359e-01
1.780397999999999925e+00
1.262566000000000077e+00
3.538013999999999992e+00
1.396323999999999899e+00
1.848946999999999896e+00
3.472408999999999857e+00
1.725092000000000070e+00
1.110611999999999933e+00
1.176468999999999987e+00
1.061202999999999896e+00
6.167170999999999736e+00
1.020782999999999996e+00
8.525850000000000373e-01
7.611329999999999485e-01
1.813274000000000052e+00
2.912453999999999876e+00
1.968657000000000101e+00
2.036506000000000149e+00
2.293089999999999851e+00
1.869599999999999929e+00
9.656000000000000694e-02
2.870429000000000119e+00
2.919885999999999981e+00
3.004901999999999962e+00
1.365712999999999955e+00
5.114500000000000296e-02
9.799459999999999837e-01
1.713476999999999917e+00
1.254389999999999894e+00
3.860145999999999855e+00
9.713990000000000125e-01
1.599769999999999914e+00
2.949993000000000087e+00
1.845245000000000024e+00
2.194459000000000160e+00
2.367125999999999841e+00
1.988575999999999899e+00
1.208644999999999969e+00
2.531430999999999987e+00
2.091760999999999981e+00
1.237727000000000022e+00
2.611253000000000046e+00
1.578187999999999924e+00
1.629375999999999935e+00
1.136088999999999904e+00
7.646209999999999951e-01
1.449300999999999950e+00
2.602378999999999998e+00
3.128279999999999950e-01
1.669656999999999947e+00
2.977587000000000206e+00
5.817369999999999486e-01
1.430442999999999909e+00
2.665480000000000071e-01
4.162015000000000242e+00
1.403304000000000107e+00
1.014437999999999951e+00
4.038547000000000331e+00
1.159208000000000016e+00
8.152160000000000517e-01
4.730002999999999957e+00
2.213534000000000113e+00
4.323128999999999778e+00
3.697904999999999998e+00
8.550929999999999920e-01
1.393752000000000102e+00
7.815499999999999670e-01
1.204145999999999939e+00
2.343250999999999973e+00
8.422049999999999814e-01
2.632204999999999906e+00
7.360750000000000348e-01
5.862619999999999498e-01
6.356330000000000036e-01
3.451851000000000003e+00
9.247453000000000145e+00
2.173920999999999992e+00
2.057510000000000172e+00
3.827043999999999890e+00
1.922652000000000028e+00
6.006504999999999761e+00
2.399976000000000109e+00
3.237837999999999994e+00
2.578462000000000032e+00
1.590821000000000041e+00
1.042027000000000037e+00
1.527157000000000098e+00
1.727230999999999961e+00
1.487656000000000089e+00
2.442171999999999787e+00
1.215306999999999915e+00
9.548545000000000726e+00
3.248314999999999841e+00
2.306696000000000080e+00
2.707964000000000038e+00
2.170968999999999927e+00
8.151939999999999742e-01
3.824527999999999928e+00
1.359348999999999918e+00
3.808517999999999848e+00
3.038568000000000158e+00
3.574180000000000135e-01
5.245670999999999751e+00
1.054211999999999927e+00
3.096811999999999898e+00
1.603275000000000006e+00
3.366979999999999973e-01
1.744370000000000087e-01
2.009017000000000053e+00
4.610524999999999984e+00
6.443235999999999741e+00
3.445130000000000137e-01
5.227289999999999992e+00
1.280690000000000106e+00
4.201980000000000159e-01
3.365006999999999859e+00
2.822842000000000073e+00
6.257928999999999853e+00
2.449657999999999891e+00
8.753539999999999655e-01
3.124892000000000003e+00
7.129953999999999681e+00
1.305876999999999954e+00
2.854720000000000035e-01
5.344790000000000374e-01
1.049293000000000031e+00
5.751650000000000373e-01
3.482514000000000109e+00
1.729773999999999923e+00
5.229009999999999492e-01
2.080000000000000071e+00
4.316086000000000311e+00
3.675416999999999934e+00
1.161629999999999940e+00
4.191533999999999871e+00
5.010578999999999894e+00
4.687753999999999976e+00
4.821423000000000236e+00
3.122813999999999979e+00
6.189122000000000234e+00
3.311869000000000174e+00
8.961059999999999581e-01
2.850299999999999834e+00
3.373965999999999799e+00
5.319338000000000122e+00
1.451989999999999892e+00
3.323139999999999983e-01
7.686979999999999924e-01
1.434404999999999930e+00
1.727738999999999914e+00
9.027309999999999501e-01
1.470793999999999935e+00
1.393407999999999980e+00
1.366117000000000026e+00
1.688520999999999939e+00
2.814360000000000195e-01
1.354759999999999964e+00
9.149110000000000298e-01
2.807516000000000123e+00
3.016204999999999803e+00
6.161960999999999800e+00
1.242210000000000036e+00
1.834959999999999924e+00
7.471693000000000140e+00
4.183569999999999789e-01
2.217630999999999908e+00
3.607064999999999966e+00
1.112684999999999924e+00
8.088699999999999779e-01
2.510083999999999982e+00
3.136022000000000087e+00
1.528559999999999919e+00
1.897443999999999908e+00
2.045831000000000177e+00
3.190695999999999977e+00
8.364549999999999486e-01
3.285070999999999852e+00
2.740304000000000073e+00
2.378165999999999780e+00
2.853089999999999793e-01
1.780189000000000021e+00
3.094615000000000116e+00
1.062148000000000092e+00
1.880713000000000079e+00
3.145925000000000082e+00
1.054998000000000102e+00
1.301392000000000104e+00
4.653560999999999837e+00
2.492404000000000064e+00
7.974639999999999507e-01
1.131009999999999932e-01
3.364507999999999832e+00
2.138993000000000144e+00
2.857270000000000199e+00
2.703527999999999931e+00
3.741532999999999998e+00
1.226685000000000025e+00
3.093503999999999809e+00
4.299661999999999651e+00
2.132585999999999871e+00
1.322138000000000035e+00
5.999409999999999465e-01
8.709559999999999524e-01
1.358023999999999898e+00
4.543228000000000044e+00
3.206614000000000075e+00
4.595170000000000421e+00
2.421006000000000213e+00
1.975317999999999907e+00
2.232003999999999877e+00
8.283369999999999900e-01
2.767527999999999988e+00
3.187901000000000096e+00
2.925117000000000189e+00
3.217321000000000097e+00
1.170390999999999959e+00
4.564099999999999824e-01
6.599960000000000271e-01
1.572584999999999900e+00
4.106631000000000142e+00
1.403148000000000062e+00
1.395783999999999914e+00
1.170504999999999907e+00
3.299500000000000099e+00
1.146848000000000090e+00
2.654357000000000077e+00
1.152711000000000041e+00
1.897502999999999940e+00
2.948428999999999967e+00
2.515401000000000220e+00
1.399729999999999919e+00
2.208730000000000138e-01
3.134634000000000142e+00
3.389461999999999975e+00
3.451779999999999848e-01
2.375410000000000021e+00
7.803830000000000489e-01
1.518582000000000098e+00
1.206757000000000080e+00
2.951417999999999875e+00
2.582135000000000069e+00
9.213419999999999943e-01
6.901479999999999837e-01
1.937599999999999878e-01
1.642820000000000114e-01
2.821179999999999799e-01
1.349229999999999929e+00
7.020480000000000054e-01
5.838499999999999801e-01
2.606046000000000085e+00
2.379450999999999983e+00
1.608754999999999935e+00
4.720515999999999934e+00
2.171888000000000041e+00
1.095795000000000075e+00
2.284558999999999784e+00
6.846860000000000168e-01
1.103320999999999996e+00
8.139539999999999553e-01
2.125591000000000008e+00
1.291489000000000109e+00
2.419963000000000086e+00
1.464806000000000052e+00
2.824765000000000192e+00
8.691609999999999614e-01
2.130021000000000164e+00
4.737919999999999909e-01
4.200220000000000065e-01
9.430760000000000254e-01
1.356687999999999894e+00
1.295735999999999999e+00
9.787000000000000144e-01
1.711711999999999900e+00
3.548879999999999812e-01
1.469365000000000032e+00
1.530334000000000083e+00
2.480783000000000182e+00
3.076300000000000145e-01
1.639343999999999912e+00
2.479190000000000005e+00
7.224220000000000086e-01
3.729331999999999869e+00
7.673759999999999470e-01
3.999865999999999921e+00
3.829466000000000037e+00
1.183383000000000074e+00
1.035441999999999974e+00
4.637919999999999821e-01
2.652538999999999980e+00
4.596675000000000288e+00
1.787196999999999925e+00
5.377570000000000405e-01
2.318319999999999936e+00
3.151444999999999830e+00
2.481641999999999904e+00
5.083123999999999754e+00
5.482656000000000418e+00
6.469546000000000241e+00
5.004420000000000535e-01
6.024413000000000018e+00
9.683519999999999905e-01
4.340042000000000399e+00
3.952160000000000117e+00
2.097893000000000008e+00
5.203856000000000037e+00
8.653859999999999886e-01
1.862903999999999893e+00
3.636169999999999902e+00
1.526807999999999943e+00
5.500650000000000261e-01
3.156112999999999946e+00
2.354484999999999939e+00
3.634786000000000072e+00
1.379839999999999955e-01
3.817969999999999864e+00
3.336075000000000124e+00
5.593540000000000179e-01
2.197114000000000011e+00
2.482301999999999786e+00
3.601050000000000084e-01
2.564305000000000057e+00
1.782370999999999928e+00
1.634417999999999926e+00
4.356950999999999574e+00
6.804329999999999545e-01
4.368335000000000079e+00
4.291630999999999752e+00
2.474629000000000190e+00
3.895341999999999860e+00
6.307500000000000329e-01
6.134659999999999558e-01
1.422870000000000079e+00
1.939710000000000045e-01
2.104382000000000197e+00
6.365566000000000280e+00
2.543499000000000176e+00
5.837653000000000425e+00
9.813009999999999788e-01
2.702208999999999861e+00
3.333445000000000213e+00
9.930579999999999963e-01
8.132169999999999677e-01
1.133639000000000063e+00
4.085270000000000401e+00
1.084476999999999913e+00
5.463245999999999825e+00
2.028439000000000103e+00
3.516220999999999819e+00
3.054237000000000091e+00
7.812160000000000215e-01
1.363450000000000051e+00
2.833489000000000146e+00
2.843719999999999803e+00
5.222413999999999668e+00
3.597726000000000202e+00
4.793369000000000213e+00
1.064143000000000061e+00
1.167229000000000072e+00
1.479143000000000097e+00
1.611285999999999996e+00
1.790011000000000019e+00
1.987376999999999949e+00
1.503816999999999959e+00
8.100239999999999663e-01
3.295068999999999804e+00
7.890712999999999866e+00
4.988972000000000406e+00
2.955398999999999887e+00
4.849789999999999601e+00
1.735845000000000082e+00
1.074465000000000003e+00
8.871280000000000276e-01
2.135329000000000033e+00
2.468889999999999973e-01
1.340910999999999964e+00
1.933353000000000099e+00
5.812319999999999709e+00
3.165935000000000166e+00
1.184482999999999953e+00
1.258137000000000061e+00
1.602416999999999980e+00
4.464113000000000220e+00
1.784815999999999958e+00
2.261652000000000218e+00
1.238528000000000073e+00
3.995337999999999834e+00
1.193983000000000017e+00
1.527681999999999984e+00
2.159499999999999975e+00
2.339189999999999880e+00
1.352778999999999954e+00
1.541717999999999922e+00
8.965189999999999548e-01
1.797379000000000060e+00
1.435607999999999995e+00
1.479732999999999965e+00
4.958285000000000053e+00
2.267450000000000188e+00
4.157111999999999696e+00
1.814538999999999902e+00
1.215371999999999897e+00
6.039679999999999715e+00
2.200249999999999984e-01
1.904535000000000089e+00
4.103816000000000130e+00
2.160245999999999889e+00
2.977419999999999956e+00
2.254633999999999805e+00
2.207790999999999837e+00
1.653132999999999964e+00
7.243070000000000341e-01
4.873013000000000261e+00
1.303161999999999932e+00
2.472984999999999989e+00
5.542270000000000252e-01
1.578232999999999997e+00
1.657869000000000037e+00
5.222949999999999537e-01
4.806137999999999799e+00
9.392829999999999790e-01
3.008188000000000084e+00
2.046714000000000144e+00
2.588252999999999915e+00
7.544781999999999655e+00
9.684880000000000155e-01
2.537351999999999830e+00
1.531611999999999973e+00
3.347919999999999785e-01
4.159820999999999991e+00
5.350251000000000090e+00
3.375549999999999939e-01
1.025258000000000003e+00
2.948064000000000018e+00
3.926877999999999869e+00
2.375504999999999978e+00
3.064607000000000081e+00
7.332809999999999606e-01
2.916211999999999804e+00
1.947154000000000051e+00
2.721928000000000125e+00
2.467842000000000091e+00
4.414395999999999987e+00
1.610010000000000052e-01
3.805515999999999899e+00
2.756029999999999980e+00
1.199624000000000024e+00
2.797020999999999979e+00
1.259876999999999914e+00
1.104438000000000031e+00
1.660773000000000055e+00
2.950739000000000001e+00
8.463939999999999797e-01
3.131008000000000013e+00
1.006267999999999940e+00
2.754945999999999895e+00
7.882299999999999862e-01
7.731000000000000094e-01
5.787713000000000108e+00
3.148585000000000189e+00
2.428491999999999873e+00
4.172596000000000416e+00
2.943585999999999814e+00
2.566186000000000078e+00
4.276579999999999826e-01
2.054778999999999911e+00
4.195720000000000005e-01
1.434660999999999964e+00
3.373095000000000176e+00
4.265481000000000300e+00
2.543988999999999834e+00
5.788283999999999985e+00
9.511349999999999527e-01
1.780294000000000043e+00
3.162850000000000161e+00
3.698694000000000148e+00
1.308405999999999958e+00
2.052509999999999890e-01
7.628580999999999612e+00
9.057990000000000208e-01
2.080902000000000029e+00
2.849232000000000209e+00
1.322429999999999994e-01
1.818337000000000092e+00
3.712572000000000205e+00
7.802270000000000039e-01
3.518858999999999959e+00
3.490156999999999954e+00
1.734339000000000075e+00
2.681868999999999836e+00
7.774340999999999724e+00
6.695179999999999465e-01
7.885510000000000019e-01
3.149284999999999890e+00
1.630762000000000045e+00
2.748673000000000144e+00
2.694310999999999900e+00
3.759144000000000041e+00
4.176616000000000106e+00
1.587692000000000103e+00
9.698320000000000274e-01
2.134621999999999797e+00
5.127835000000000143e+00
5.819210000000000216e-01
5.811814000000000036e+00
1.583185999999999982e+00
2.030396000000000090e+00
2.917292000000000218e+00
3.265026000000000206e+00
1.242752000000000079e+00
3.394266000000000005e+00
1.597393000000000063e+00
4.087316999999999645e+00
3.859914999999999985e+00
2.934665999999999997e+00
4.590740000000000265e+00
1.174441999999999986e+00
5.437729999999999508e-01
2.500669999999999837e-01
9.411380000000000301e-01
1.017543000000000086e+00
1.708210999999999924e+00
1.114581000000000044e+00
1.262699999999999934e+00
2.235332000000000097e+00
4.254925000000000068e+00
3.114685999999999844e+00
4.908290000000000153e-01
1.245552999999999910e+00
1.158119999999999983e-01
1.883011999999999908e+00
6.754665000000000141e+00
3.775996000000000130e+00
9.011839999999999851e-01
3.033850999999999853e+00
3.710344000000000086e+00
2.739834000000000103e+00
6.182299999999999462e-01
8.600569999999999604e-01
2.315050999999999970e+00
5.345364000000000004e+00
1.160814000000000012e+00
6.473092000000000290e+00
2.850280000000000036e-01
6.385100000000000220e-01
1.956364999999999910e+00
1.228615000000000013e+00
1.381640999999999897e+00
2.371954999999999814e+00
2.480783000000000182e+00
2.193086000000000091e+00
5.422749999999999515e-01
9.227790000000000159e-01
1.532062999999999953e+00
1.065628000000000020e+00
3.499455000000000204e+00
1.702318999999999916e+00
5.092298999999999687e+00
4.331908999999999565e+00
1.968800000000000106e+00
2.969484000000000012e+00
3.407820000000000071e+00
1.444406999999999996e+00
2.112932999999999950e+00
2.603730999999999796e+00
6.276439999999999797e-01
5.008198000000000150e+00
2.300098000000000198e+00
1.819933999999999941e+00
3.087058999999999997e+00
3.259094999999999853e+00
3.868272999999999850e+00
2.460280000000000022e+00
1.778435999999999906e+00
3.164282000000000039e+00
1.006366000000000094e+00
1.718576000000000104e+00
2.470509999999999928e-01
1.604432999999999998e+00
3.817912999999999890e+00
2.152032999999999863e+00
8.390720000000000400e-01
4.743762000000000256e+00
4.849624999999999631e+00
4.744631000000000043e+00
1.989341000000000026e+00
4.718703999999999787e+00
3.159981999999999847e+00
5.553054999999999630e+00
3.373225000000000140e+00
1.051622000000000057e+00
4.266329999999999845e-01
3.011381999999999781e+00
7.442870000000000319e-01
1.124270000000000103e+00
3.194040000000000212e+00
2.600661999999999807e+00
1.192506999999999984e+00
3.885156999999999972e+00
8.397900000000000365e-01
3.724359999999999893e+00
2.164070000000000160e+00
8.616679999999999895e-01
2.114418999999999826e+00
9.838170000000000526e-01
4.335890000000000022e+00
4.025788000000000366e+00
2.564165000000000028e+00
7.667008000000000045e+00
4.281909999999999883e-01
2.740969000000000211e+00
3.465492999999999935e+00
2.883312999999999793e+00
1.790283000000000069e+00
3.617687999999999793e+00
2.479312999999999878e+00
1.135709999999999997e+00
2.706948999999999828e+00
1.472237999999999936e+00
1.615110999999999963e+00
1.202159999999999895e+00
1.552291000000000087e+00
1.123191999999999968e+00
1.043042000000000025e+00
8.249567000000000760e+00
1.010839999999999961e+00
2.071143000000000178e+00
4.484369999999999745e-01
1.232947999999999933e+00
1.808812000000000086e+00
8.687869999999999759e-01
5.108146999999999771e+00
2.201817000000000135e+00
4.325260000000000216e-01
2.249786999999999981e+00
5.366840000000000499e-01
1.798181000000000029e+00
3.141157999999999895e+00
1.788502000000000036e+00
1.344275000000000109e+00
1.864840999999999971e+00
3.953183000000000114e+00
2.669728000000000101e+00
2.355119000000000185e+00
3.350576000000000221e+00
1.774388000000000076e+00
8.373019999999999907e-01
2.052611000000000185e+00
2.017770000000000064e+00
3.492316000000000198e+00
1.486995999999999984e+00
1.460693999999999937e+00
1.814224000000000059e+00
2.396044999999999980e+00
1.430034000000000027e+00
3.970221000000000000e+00
2.261803000000000008e+00
3.228639999999999954e+00
6.385926000000000435e+00
1.027660999999999936e+00
1.717934000000000072e+00
1.028461999999999987e+00
4.819555000000000256e+00
5.871579999999999577e-01
1.994450999999999974e+00
4.136612999999999651e+00
3.097497000000000167e+00
6.505809999999999649e-01
1.610519999999999952e+00
3.032955999999999985e+00
2.214878000000000124e+00
1.164474999999999927e+00
3.050288999999999806e+00
1.248815000000000008e+00
2.709964999999999957e+00
6.717189999999999550e-01
1.748537999999999926e+00
4.978580000000000227e-01
3.390622000000000025e+00
1.819657999999999998e+00
2.583619999999999806e+00
3.082035999999999998e+00
7.826655999999999835e+00
8.148168000000000077e+00
3.901120000000000143e-01
5.258975000000000399e+00
3.286077999999999832e+00
4.316393999999999842e+00
9.722809999999999508e-01
1.296137000000000095e+00
3.200683000000000167e+00
6.685605999999999938e+00
6.105697000000000152e+00
2.553179999999999783e+00
2.788937000000000221e+00
4.643849999999999589e+00
5.377769999999999495e-01
2.421546999999999894e+00
6.228110000000000035e-01
9.299530000000000740e+00
2.407878999999999881e+00
8.187609999999999610e-01
1.631219999999999892e-01
2.646081999999999823e+00
2.409426999999999985e+00
7.890350000000000419e-01
4.157500000000000084e-01
4.962280000000000024e-01
5.120829999999999549e-01
7.771630000000000482e-01
1.252745999999999915e+00
2.387528000000000095e+00
1.417945999999999929e+00
4.198591999999999658e+00
1.345569999999999933e+00
4.962670000000000137e+00
2.983589999999999853e-01
3.330137999999999820e+00
1.379601999999999995e+00
3.024907999999999930e+00
4.018393999999999799e+00
3.070589000000000013e+00
5.879020000000000357e-01
6.116890000000000382e-01
2.371678999999999871e+00
2.120737999999999790e+00
3.583928999999999920e+00
2.430063999999999780e+00
6.509978000000000264e+00
5.167019999999999946e-01
2.298516999999999921e+00
3.815033000000000118e+00
7.292019999999999946e+00
7.251819999999999933e-01
1.440379999999999994e+00
2.700550999999999924e+00
4.549323000000000228e+00
3.017621000000000109e+00
5.253916000000000253e+00
3.264889999999999848e+00
1.859369000000000050e+00
2.980217000000000116e+00
5.492238999999999649e+00
1.830416000000000043e+00
2.222580000000000111e-01
1.721678000000000042e+00
1.099745999999999890e+00
1.496031000000000111e+00
8.404819999999999514e-01
7.523399999999999532e-02
4.991366000000000192e+00
5.712249999999999828e-01
5.974861999999999895e+00
5.015337999999999852e+00
3.343948000000000143e+00
3.505364999999999842e+00
1.495254000000000083e+00
2.076839000000000102e+00
7.415862999999999872e+00
1.359510999999999914e+00
6.475710000000000077e-01
1.736887999999999987e+00
1.085868000000000055e+00
1.458525999999999989e+00
1.999605000000000077e+00
1.606227999999999989e+00
9.634239999999999471e-01
1.125753000000000004e+00
3.534238999999999908e+00
4.224946000000000090e+00
1.855396000000000045e+00
5.964245000000000019e+00
4.736941999999999986e+00
5.905230000000000201e-01
5.534360999999999642e+00
7.214324000000000403e+00
1.226601999999999970e+00
5.955439999999999623e-01
4.317356000000000193e+00
1.846840999999999955e+00
1.076753999999999989e+00
3.052668000000000159e+00
9.492869999999999919e-01
3.711129999999999818e+00
2.061281000000000141e+00
1.671280000000000099e+00
1.384212999999999916e+00
1.018202999999999969e+00
3.618923000000000112e+00
1.699726000000000070e+00
5.034232000000000262e+00
8.511889999999999734e-01
1.129008000000000012e+00
3.435416000000000025e+00
4.175615999999999772e+00
1.014936999999999978e+00
2.034158999999999828e+00
2.647593000000000085e+00
1.819190000000000085e+00
3.645575000000000010e+00
2.933248999999999995e+00
2.000700999999999841e+00
2.145347999999999811e+00
6.378939999999999610e-01
7.059811999999999976e+00
1.339023000000000074e+00
9.751459999999999573e-01
1.284882999999999997e+00
9.399300000000000432e-01
1.658392000000000088e+00
5.642027999999999821e+00
2.521114999999999995e+00
8.798449999999999882e-01
1.079803999999999986e+00
1.570896999999999988e+00
9.552669999999999773e-01
3.330083000000000126e+00
7.443507000000000318e+00
5.623067999999999955e+00
1.100683999999999996e+00
5.882521999999999807e+00
6.537274000000000029e+00
4.137211999999999890e+00
6.845523000000000025e+00
2.621338000000000168e+00
1.700125000000000108e+00
4.445965000000000167e+00
7.922893000000000185e+00
3.253648999999999791e+00
5.764189000000000007e+00
4.411106000000000193e+00
1.252977999999999925e+00
9.473240000000000549e-01
1.148109999999999964e-01
4.498554999999999637e+00
2.352167999999999815e+00
1.755706999999999907e+00
1.944804999999999895e+00
2.019511000000000056e+00
9.370270000000000543e-01
5.940974999999999895e+00
3.039099999999999913e+00
3.705938000000000176e+00
3.673947000000000074e+00
4.903488000000000291e+00
8.691010000000000346e+00
1.802723999999999993e+00
1.512898999999999994e+00
4.097782999999999731e+00
4.673051000000000066e+00
1.911575999999999942e+00
4.209503999999999913e+00
2.297333000000000069e+00
3.051442000000000210e+00
1.804143000000000052e+00
1.841963999999999935e+00
1.426428000000000029e+00
3.261362999999999790e+00
5.704019999999999646e-01
6.356908999999999921e+00
2.406178999999999846e+00
1.731762000000000024e+00
4.464434999999999931e+00
2.710204000000000057e+00
4.468760999999999761e+00
1.828567000000000053e+00
3.192712000000000216e+00
1.470048000000000021e+00
2.936573000000000100e+00
3.986689000000000149e+00
2.661443999999999921e+00
5.098753999999999564e+00
7.922919999999999963e-01
2.282487999999999850e+00
2.120852000000000182e+00
6.169724000000000430e+00
2.788346000000000213e+00
2.021713000000000093e+00
2.007385999999999893e+00
1.685308000000000028e+00
2.893530000000000157e+00
1.261363999999999930e+00
3.129735000000000156e+00
6.902740000000000542e-01
6.735196000000000183e+00
4.850858999999999810e+00
5.107916999999999597e+00
2.039353000000000193e+00
5.542957000000000356e+00
9.844549999999999690e-01
3.827904999999999891e+00
9.923110000000000541e-01
5.926975999999999800e+00
6.879579999999999584e-01
2.578898000000000135e+00
1.021087999999999996e+00
1.363868000000000080e+00
1.674025000000000096e+00
2.623034000000000088e+00
1.249951999999999952e+00
1.510548000000000002e+00
4.442359999999999864e+00
4.390024000000000370e+00
1.630608000000000057e+00
6.896467999999999599e+00
4.352244999999999919e+00
1.097819000000000100e+00
3.552856999999999932e+00
1.150886999999999993e+00
3.753017999999999965e+00
3.126758000000000148e+00
3.161659999999999915e+00
4.936719999999999997e-01
3.036712000000000078e+00
5.183937000000000239e+00
7.709629999999999539e-01
2.035054000000000141e+00
6.649239999999999595e-01
5.010692999999999842e+00
2.187167999999999779e+00
4.665238999999999692e+00
1.151996999999999938e+00
9.092759999999999732e-01
5.520128999999999841e+00
3.137685999999999975e+00
2.096861000000000086e+00
2.993374999999999897e+00
1.475209999999999910e+00
1.439982000000000095e+00
5.011649000000000242e+00
3.051705999999999808e+00
3.337679000000000062e+00
1.616694999999999993e+00
7.531910000000000549e-01
4.351490000000000080e-01
1.510696999999999957e+00
1.651030999999999915e+00
2.138806000000000207e+00
1.688630000000000075e+00
6.403252000000000166e+00
1.046737000000000029e+00
1.426840000000000053e-01
1.111679000000000084e+00
2.607911999999999786e+00
5.312596000000000096e+00
1.975781000000000009e+00
4.109683999999999671e+00
5.958860000000000268e-01
3.237277000000000182e+00
2.992398000000000113e+00
7.664546999999999777e+00
3.660686999999999802e+00
2.397362999999999911e+00
6.439789999999999681e-01
3.738052000000000152e+00
2.099206000000000127e+00
2.068500999999999923e+00
5.401378000000000235e+00
3.073255000000000070e+00
4.998357000000000383e+00
1.340797000000000017e+00
2.171361999999999792e+00
6.172051999999999872e+00
4.289581000000000088e+00
2.000909000000000049e+00
2.479607000000000117e+00
4.613103999999999871e+00
1.846465000000000023e+00
3.689547000000000132e+00
2.161624999999999908e+00
2.216851000000000127e+00
2.698904999999999887e+00
3.503922000000000203e+00
5.101073000000000413e+00
1.191705999999999932e+00
3.429905999999999899e+00
6.199835000000000207e+00
4.285091000000000427e+00
2.738281000000000187e+00
1.309360000000000079e+00
2.763257999999999992e+00
8.994590000000000085e-01
9.432460000000000289e-01
2.578038999999999970e+00
2.113471999999999795e+00
1.408714999999999939e+00
3.270773999999999848e+00
1.385118000000000071e+00
7.074161000000000143e+00
6.625834000000000223e+00
7.575049999999999839e-01
8.578339999999999854e-01
2.254091999999999985e+00
1.534569000000000072e+00
2.972367000000000203e+00
9.951039999999999885e-01
3.316279999999999784e-01
7.205472000000000321e+00
1.273543000000000092e+00
1.554063999999999890e+00
1.453460999999999892e+00
3.895246000000000208e+00
1.965964000000000045e+00
1.811368000000000089e+00
3.761489000000000082e+00
6.421647000000000105e+00
7.398787999999999698e+00
4.944575999999999638e+00
8.637000000000000455e+00
1.923834000000000044e+00
1.834248000000000101e+00
1.758723000000000036e+00
3.327760000000000051e+00
9.271330000000000737e+00
2.506953000000000209e+00
1.229988999999999999e+00
4.916354000000000113e+00
4.240548000000000428e+00
1.453678999999999943e+00
4.007099000000000188e+00
1.139242000000000088e+00
1.347720000000000029e-01
1.229843999999999937e+00
1.683575999999999961e+00
1.599383999999999917e+00
3.698545000000000194e+00
2.164391000000000176e+00
3.326496999999999815e+00
1.684736999999999929e+00
1.219092999999999982e+00
2.260534999999999961e+00
3.316870000000000096e-01
4.144860000000000211e-01
1.837979000000000029e+00
2.919909999999999783e+00
1.415279999999999871e-01
1.145515999999999979e+00
2.169842000000000048e+00
5.391449999999999854e+00
1.385022999999999893e+00
5.080718000000000067e+00
4.854918999999999762e+00
2.762624000000000191e+00
2.266811000000000131e+00
3.395687999999999818e+00
1.430433000000000066e+00
1.460442999999999936e+00
2.881006999999999874e+00
1.661707000000000045e+00
2.181846000000000174e+00
3.490422000000000136e+00
3.134252000000000038e+00
1.127310999999999952e+00
1.335444999999999993e+00
3.091060000000000141e+00
6.555405999999999622e+00
3.844564999999999788e+00
2.425749999999999851e+00
2.511845000000000105e+00
1.595866999999999924e+00
1.134400000000000075e+00
1.548399000000000081e+00
3.621996000000000215e+00
1.141264999999999974e+00
2.429374000000000144e+00
4.402295999999999765e+00
2.762011000000000216e+00
2.202513000000000165e+00
5.032834000000000252e+00
3.765217999999999954e+00
1.820456000000000074e+00
5.520863000000000298e+00
2.593367000000000200e+00
4.495576999999999934e+00
1.547042999999999946e+00
3.364084000000000074e+00
1.506952000000000069e+00
1.354465999999999948e+00
4.567506999999999984e+00
6.414739999999999887e-01
4.007691000000000336e+00
4.666426000000000407e+00
3.267344000000000026e+00
1.701483999999999996e+00
7.300216999999999956e+00
2.481254999999999988e+00
9.637320000000000331e-01
4.232541999999999582e+00
8.316000000000000059e-01
4.881476000000000148e+00
7.215390000000000414e-01
4.074550999999999590e+00
1.115796999999999928e+00
3.277165000000000106e+00
3.433704000000000089e+00
5.056067999999999785e+00
2.561174999999999979e+00
3.207456000000000085e+00
5.780564000000000036e+00
4.209900000000000198e+00
4.629267999999999716e+00
2.647939000000000043e+00
5.271557999999999744e+00
6.747990000000000377e-01
9.191340000000000066e-01
4.167633999999999617e+00
7.645190000000000374e+00
2.765725999999999907e+00
2.709620000000000140e+00
1.303215000000000012e+00
9.273000000000000131e-01
1.119350999999999985e+00
3.237614999999999910e+00
1.459146999999999972e+00
9.554540000000000255e-01
7.805830000000000268e-01
5.550665999999999656e+00
3.936072999999999933e+00
3.543470000000000231e-01
2.833196000000000048e+00
1.419411999999999896e+00
6.111869999999999692e+00
3.173113999999999990e+00
