8.022930000000000339e-01
4.148870000000000058e-01
6.655670000000000197e-01
4.733570000000000277e-01
2.385032999999999959e+00
7.434479999999999977e-01
7.372069999999999457e-01
1.901248999999999967e+00
1.197313000000000072e+00
3.325768000000000058e+00
9.999209999999999487e-01
1.068918999999999953e+00
1.272537999999999947e+00
1.407348999999999961e+00
4.902099999999999791e-01
3.772040000000000060e+00
5.203856000000000037e+00
2.097130000000000105e-01
7.050269999999999593e-01
2.728145000000000042e+00
6.041539999999999688e-01
3.244719999999999827e-01
2.524620000000000197e-01
1.464852000000000043e+00
3.995337999999999834e+00
1.458525999999999989e+00
1.413737000000000021e+00
1.673985000000000056e+00
8.742100000000000426e-01
3.724859999999999838e-01
1.122290000000000010e+00
2.138806000000000207e+00
1.089326999999999934e+00
7.242809999999999526e-01
8.000000000000000167e-02
8.624659999999999549e-01
1.726089999999999902e+00
1.404430000000000067e+00
1.395002999999999993e+00
8.084839999999999804e-01
1.151510999999999951e+00
8.929559999999999720e-01
1.565342999999999929e+00
2.106215000000000170e+00
2.421006000000000213e+00
9.046840000000000437e-01
8.519699999999999496e-02
6.699969999999999537e-01
1.453168999999999933e+00
3.602079999999999727e-01
7.975079999999999947e-01
7.204700000000000548e-01
5.032834000000000252e+00
1.051962000000000064e+00
9.309169000000000693e+00
1.684253000000000000e+00
3.318846999999999881e+00
3.330137999999999820e+00
2.150453000000000170e+00
1.570624999999999938e+00
4.403850000000000264e-01
3.551679999999999837e-01
3.544528000000000123e+00
2.123314999999999841e+00
5.080718000000000067e+00
1.932952999999999921e+00
8.386529999999999818e-01
8.165980000000000461e-01
3.508960000000000079e+00
2.240097000000000005e+00
1.273543000000000092e+00
2.416075000000000195e+00
2.069300999999999835e+00
5.691829999999999945e-01
2.359259999999999968e-01
6.253840000000000510e-01
2.802566999999999808e+00
3.294973999999999847e+00
1.345029999999999948e+00
1.232339000000000073e+00
4.048050000000000259e-01
2.744391999999999943e+00
2.362026000000000181e+00
1.424787999999999943e+00
2.138480000000000103e-01
4.435350000000000126e-01
5.913939999999999753e-01
4.670650000000000079e-01
1.762377000000000082e+00
2.956014000000000141e+00
2.131708999999999854e+00
1.240445000000000020e+00
9.172979999999999468e-01
4.532769999999999855e-01
6.716210000000000235e-01
5.350251000000000090e+00
1.134114999999999984e+00
1.015109000000000039e+00
1.497516999999999987e+00
2.477659999999999862e-01
1.267897000000000052e+00
3.213067000000000117e+00
1.685392000000000001e+00
2.857230000000000047e-01
2.029396999999999895e+00
5.913319999999999688e-01
6.396249999999999991e-01
3.179250000000000131e-01
3.550969999999999960e-01
1.295570000000000110e+00
6.482785999999999937e+00
6.841289999999999871e-01
2.293439999999999923e-01
1.363877000000000006e+00
4.047601000000000226e+00
4.413739999999999886e-01
1.096502000000000088e+00
1.077682000000000029e+00
2.240737999999999897e+00
5.370719999999999938e-01
3.281312999999999924e+00
2.207685999999999815e+00
2.824765000000000192e+00
9.684249999999999803e-01
4.988972000000000406e+00
1.546240000000000059e+00
1.944455000000000044e+00
1.878117999999999954e+00
1.642820000000000114e-01
4.431510000000000171e-01
2.491927000000000003e+00
2.414683000000000135e+00
2.506953000000000209e+00
7.719700000000000450e-01
1.443586999999999954e+00
1.130268999999999968e+00
2.342363999999999891e+00
2.173809999999999909e-01
8.124799999999999800e-01
1.915632999999999919e+00
2.054400000000000115e-01
9.221519999999999717e-01
1.858519999999999950e+00
5.249409999999999910e-01
6.300130000000000452e-01
2.232003999999999877e+00
1.051039999999999974e+00
1.113668000000000102e+00
2.886622000000000021e+00
7.812160000000000215e-01
1.017034999999999911e+00
1.473839999999999872e-01
3.149785000000000057e+00
2.282487999999999850e+00
7.147339999999999804e-01
1.182071000000000094e+00
9.559990000000000432e-01
1.087388999999999939e+00
1.942226999999999926e+00
1.834001999999999910e+00
1.057025000000000103e+00
7.532670000000000199e-01
2.497273999999999994e+00
2.022225000000000161e+00
1.233257000000000048e+00
1.502604000000000051e+00
5.324889999999999901e-01
3.407820000000000071e+00
2.926712999999999898e+00
7.905250000000000332e-01
4.125380000000000158e-01
6.196580000000000421e-01
1.864349999999999896e-01
1.226679999999999993e+00
1.703281000000000045e+00
3.817969999999999864e+00
2.230786000000000158e+00
8.643110000000000515e-01
7.880890000000000395e-01
1.014310000000000045e+00
2.313438999999999801e+00
1.121636000000000077e+00
6.097510000000000430e-01
4.397278000000000020e+00
5.673909999999999787e-01
2.085930000000000006e-01
1.757762999999999964e+00
6.047409999999999730e-01
3.788889999999999758e-01
5.853329999999999922e-01
1.019179000000000057e+00
3.856359999999999788e-01
2.499770000000000048e-01
6.167249999999999677e-01
5.463955999999999591e+00
2.136458000000000190e+00
4.183569999999999789e-01
5.243780000000000108e-01
2.344017000000000017e+00
2.952739999999999809e-01
5.330810000000000271e-01
3.426370000000000249e-01
5.273520000000000429e-01
1.578645000000000076e+00
1.603275000000000006e+00
8.232190000000000341e-01
9.198870000000000102e-01
1.084665999999999908e+00
9.360779999999999657e-01
2.773169999999999802e-01
5.164199999999999902e-01
7.043000000000000371e-01
3.256740000000000190e-01
6.833689999999999820e+00
6.861260000000000137e-01
2.759130000000000194e-01
2.772968999999999795e+00
5.158009999999999540e-01
1.948784000000000072e+00
2.309487999999999985e+00
5.178899999999999615e-01
9.819210000000000438e-01
4.987210000000000254e-01
4.437820000000000098e-01
1.106387000000000009e+00
3.839650000000000007e-01
5.650600000000000067e-01
3.060999999999999832e-01
3.521329999999999738e-01
1.116046000000000094e+00
1.253689000000000053e+00
2.721928000000000125e+00
2.260400999999999883e+00
8.727300000000000335e-02
1.573488999999999916e+00
4.224946000000000090e+00
3.163513000000000019e+00
2.379335000000000200e+00
2.044351999999999947e+00
1.401847999999999983e+00
4.744240000000000124e-01
4.483800000000000008e-01
1.938525000000000054e+00
9.046840000000000437e-01
8.876340000000000341e-01
1.870640000000000081e-01
3.620430999999999955e+00
4.212609999999999966e-01
2.926807999999999854e+00
6.375359999999999916e-01
1.312830000000000108e-01
7.061469999999999692e-01
1.803120000000000056e+00
3.980643999999999849e+00
6.334089999999999998e-01
3.435416000000000025e+00
2.384920999999999847e+00
2.409030000000000060e-01
2.765725999999999907e+00
9.092759999999999732e-01
2.409996000000000027e+00
5.192170000000000396e-01
2.794030000000000125e-01
3.307163000000000075e+00
1.247980000000000089e+00
2.470509999999999928e-01
1.045932000000000084e+00
3.121983999999999870e+00
2.207040000000000113e-01
1.231616000000000044e+00
2.053047999999999984e+00
4.156420000000000115e-01
3.047248999999999874e+00
5.097800000000000109e-01
4.402289999999999814e-01
3.092055999999999916e+00
9.027309999999999501e-01
1.492639000000000049e+00
3.173113999999999990e+00
1.017055999999999960e+00
9.966319999999999624e-01
1.589312999999999976e+00
1.004888999999999921e+00
1.772650000000000059e+00
2.377559999999999951e-01
4.414139999999999731e-01
8.065419999999999812e-01
1.094557000000000002e+00
6.126840000000000064e-01
3.956913000000000125e+00
7.774870000000000392e-01
3.216860000000000275e-01
3.977657999999999916e+00
1.207014000000000031e+00
1.374559999999999949e-01
1.109051999999999927e+00
2.773689999999999767e-01
4.018393999999999799e+00
1.143367000000000022e+00
2.419258000000000131e+00
7.216510000000000424e-01
1.039509000000000016e+00
1.939707000000000070e+00
9.477219999999999533e-01
7.720329999999999693e-01
3.846660000000000079e-01
1.347250000000000059e+00
8.491570000000000507e-01
4.524310000000000276e-01
1.667520000000000113e-01
2.708699999999999997e-01
6.569810000000000372e-01
1.075260000000000105e+00
1.201246000000000036e+00
2.999060000000000059e-01
7.302990000000000315e-01
2.121383999999999936e+00
1.684922999999999949e+00
1.324820000000000109e+00
5.930330000000000323e-01
1.332402000000000086e+00
1.729773999999999923e+00
4.202619000000000327e+00
1.162892000000000037e+00
3.869049999999999989e-01
1.750280000000000058e+00
8.773499999999999632e-01
2.011680000000000135e-01
4.863549999999999818e-01
4.643849999999999589e+00
3.035579999999999945e-01
1.185772000000000048e+00
1.635971000000000064e+00
1.587526999999999910e+00
2.219619999999999926e+00
2.006155999999999828e+00
2.143230000000000135e-01
4.315289999999999959e-01
6.760083999999999982e+00
9.977409999999999890e-01
2.568889999999999785e-01
1.032500999999999891e+00
3.353577000000000030e+00
1.411829999999999918e+00
1.826560000000000128e-01
2.526746000000000159e+00
1.129453000000000040e+00
1.703729999999999967e-01
9.184550000000000214e-01
2.985269999999999868e-01
8.482210000000000027e-01
6.193199999999999816e-01
1.902228999999999948e+00
3.330083000000000126e+00
1.195583999999999980e+00
8.939240000000000519e-01
1.900444000000000022e+00
1.129018000000000077e+00
1.157777000000000056e+00
1.102757999999999905e+00
1.183648000000000033e+00
1.467219999999999913e-01
4.303580000000000183e-01
3.427990000000000204e-01
3.573860999999999954e+00
9.563739999999999464e-01
1.767646999999999968e+00
8.578240000000000309e-01
6.006504999999999761e+00
8.893670000000000186e-01
2.600410999999999806e+00
1.097814999999999985e+00
8.184139999999999748e-01
4.145056000000000296e+00
1.133056000000000063e+00
3.194350000000000245e-01
1.939710000000000045e-01
5.580669999999999797e-01
2.332139999999999880e+00
1.185618999999999978e+00
8.003689999999999971e-01
3.825973999999999986e+00
6.588789999999999925e-01
1.423429999999999973e-01
1.497786999999999979e+00
2.663663999999999810e+00
4.796659999999999813e-01
1.114508999999999972e+00
6.972939999999999694e-01
1.226020000000000026e-01
5.745339999999999892e-01
1.018685999999999980e+00
5.979060000000000485e-01
1.830159000000000091e+00
5.562880000000000047e-01
2.497900000000000120e-01
3.342430000000000123e-01
3.161258000000000123e+00
1.210952000000000028e+00
8.953290000000000415e-01
9.923110000000000541e-01
5.280537999999999954e+00
1.382115999999999900e+00
1.766952999999999996e+00
2.133929999999999993e-01
1.615110999999999963e+00
1.457103000000000037e+00
2.673973999999999851e+00
1.712312999999999974e+00
5.638419999999999543e-01
5.377229999999999510e-01
1.264462999999999893e+00
2.413218999999999781e+00
6.599747999999999948e+00
9.820929999999999938e-01
1.239967999999999959e+00
8.723809999999999620e-01
1.925270000000000037e-01
1.325890000000000124e-01
1.035441999999999974e+00
3.614510000000000223e-01
2.266814000000000107e+00
2.184781999999999780e+00
4.715736999999999846e+00
1.893848999999999894e+00
1.170390999999999959e+00
1.833390999999999993e+00
7.133960000000000301e-01
5.940974999999999895e+00
4.855377999999999972e+00
5.611789999999999834e-01
7.401029999999999553e-01
4.226949999999999874e-01
2.205538999999999916e+00
1.999605000000000077e+00
8.388109999999999733e-01
8.957990000000000119e-01
5.812129999999999797e-01
4.413969999999999838e-01
2.799596999999999891e+00
3.859809999999999963e+00
6.948720000000000452e-01
2.992398000000000113e+00
1.541701999999999906e+00
2.362080000000000013e-01
1.515085999999999933e+00
2.384904000000000135e+00
8.582659999999999734e-01
1.262648999999999910e+00
8.884490000000000443e-01
3.079613000000000156e+00
7.100969999999999782e-01
5.645540000000000003e-01
1.130298000000000025e+00
2.979817000000000160e+00
3.765149000000000079e+00
3.986689000000000149e+00
2.677589000000000219e+00
2.213081999999999994e+00
2.452955999999999914e+00
1.817822000000000049e+00
4.007099000000000188e+00
3.320837000000000039e+00
1.352778999999999954e+00
1.116781999999999941e+00
3.524459999999999815e-01
8.877140000000000031e-01
3.113351000000000202e+00
4.991970000000000018e-01
1.189972000000000030e+00
5.422639999999999683e-01
2.381086999999999954e+00
6.252229999999999732e-01
1.808812000000000086e+00
1.450182000000000082e+00
1.120527999999999968e+00
2.821534000000000209e+00
8.535840000000000094e-01
9.339389999999999636e-01
1.661426000000000069e+00
2.050065000000000026e+00
2.696677999999999908e+00
8.742039999999999811e-01
6.337559999999999860e-01
8.649360000000000381e-01
2.958108000000000182e+00
4.962280000000000024e-01
1.239204999999999890e+00
1.614068000000000058e+00
1.645969999999999933e+00
3.418629999999999725e-01
2.445857999999999866e+00
2.192540000000000155e+00
2.646081999999999823e+00
1.584891000000000050e+00
2.968790000000000040e-01
2.751870000000000149e-01
2.715022999999999964e+00
5.230219999999999869e-01
2.029717000000000215e+00
1.472275999999999918e+00
1.830570999999999948e+00
8.793109999999999538e-01
3.638620000000000188e-01
1.668326999999999893e+00
1.937599999999999878e-01
3.959329999999999794e-01
1.739136000000000015e+00
1.672441000000000066e+00
1.833107000000000042e+00
1.011789999999999967e+00
1.319031000000000065e+00
2.587220000000000075e-01
9.413100000000000633e-02
2.339357000000000131e+00
3.406609999999999916e-01
1.421003000000000016e+00
2.748673000000000144e+00
4.031099999999999961e-02
1.404389000000000109e+00
7.705509999999999859e-01
7.037179999999999547e-01
5.755799999999999805e-01
1.074926999999999966e+00
6.374319999999999986e-01
1.435750000000000082e-01
1.756490000000000107e+00
2.114095999999999975e+00
7.836769999999999570e-01
4.220341000000000342e+00
5.758299999999999530e-01
3.782179999999999986e-01
1.111652000000000085e+00
3.673947000000000074e+00
2.530720000000000192e-01
7.785980000000000123e-01
1.065177999999999958e+00
4.148870000000000058e-01
1.810750999999999999e+00
2.556518000000000068e+00
1.616694999999999993e+00
3.673629999999999951e-01
8.350619999999999710e-01
1.352108000000000088e+00
2.270955999999999975e+00
1.494642000000000026e+00
2.147387999999999852e+00
3.793030000000000013e-01
6.902740000000000542e-01
2.223402000000000100e+00
1.547137999999999902e+00
4.111790000000000167e-01
8.002569999999999961e-01
1.162409999999999971e-01
1.021501999999999910e+00
3.360170000000000101e-01
1.090656999999999988e+00
8.141599999999999948e-01
5.245670999999999751e+00
2.482841000000000076e+00
1.407353000000000076e+00
5.247220000000000217e-01
1.518564000000000025e+00
6.263640000000000319e-01
4.285599999999999965e-01
5.358230000000000492e-01
3.381508999999999876e+00
4.325890000000000013e-01
1.570330000000000059e-01
3.079238999999999837e+00
4.809499999999999886e-01
3.190695999999999977e+00
3.409301999999999833e+00
1.036658999999999997e+00
6.424379999999999535e-01
3.796714000000000144e+00
1.604740999999999973e+00
2.647939000000000043e+00
1.010388000000000064e+00
3.408089999999999731e-01
2.083797000000000121e+00
2.204756000000000160e+00
2.035031000000000034e+00
6.094509999999999650e-01
2.323065000000000158e+00
3.306655999999999818e+00
1.844737999999999989e+00
7.984660000000000091e-01
1.488714000000000093e+00
6.758680000000000243e-01
9.663720000000000088e-01
1.141699000000000019e+00
1.912810000000000066e-01
3.166309000000000040e+00
3.234465000000000146e+00
1.586678999999999951e+00
1.280690000000000106e+00
1.092368000000000006e+00
7.039069999999999494e-01
6.121410000000000462e-01
5.507940000000000058e-01
5.711150000000000393e-01
7.468599999999999683e-01
7.945750000000000313e-01
8.090669999999999806e-01
4.059070000000000178e-01
1.922652000000000028e+00
7.300216999999999956e+00
2.528223000000000109e+00
2.527547000000000210e+00
4.666426000000000407e+00
3.239250000000000185e-01
3.008188000000000084e+00
1.578405000000000058e+00
1.515403999999999973e+00
1.464060000000000084e-01
1.175840999999999914e+00
2.972367000000000203e+00
3.515570000000000084e-01
2.121404000000000067e+00
1.376352999999999938e+00
2.547200000000000020e-01
7.892529999999999824e-01
6.290350000000000108e-01
9.895239999999999592e-01
1.633594999999999908e+00
2.983879999999999866e-01
9.765270000000000339e-01
2.705210000000000115e-01
8.464599999999999902e-01
6.213849999999999651e-01
7.295639999999999903e-01
4.080610000000000070e-01
2.336037999999999837e+00
1.479143000000000097e+00
4.405600000000000072e-01
2.255069000000000212e+00
1.751697000000000060e+00
1.281700999999999979e+00
7.384840000000000293e-01
1.334575999999999985e+00
2.235332000000000097e+00
1.644338999999999995e+00
9.876799999999999469e-02
1.511141000000000068e+00
3.032955999999999985e+00
3.464869999999999894e-01
1.094079000000000024e+00
2.611747999999999958e+00
1.675286999999999971e+00
1.833629999999999982e-01
9.728459999999999885e-01
2.096468000000000220e+00
4.541136999999999979e+00
1.345512000000000041e+00
2.028439000000000103e+00
1.458469999999999933e+00
1.151996999999999938e+00
2.722760000000000180e-01
7.813890000000000002e-01
1.444136000000000086e+00
1.510150000000000103e+00
1.669896000000000047e+00
1.904598999999999931e+00
1.669656999999999947e+00
2.418426999999999882e+00
1.320024000000000086e+00
1.240809999999999969e+00
6.086930999999999869e+00
2.816409999999999747e-01
4.736335999999999657e+00
4.683097000000000065e+00
6.024129999999999763e-01
1.116487999999999925e+00
1.304934999999999956e+00
3.429905999999999899e+00
3.097497000000000167e+00
9.438569999999999460e-01
7.582999999999999463e-02
3.208706999999999976e+00
3.279869999999999730e-01
2.009503000000000039e+00
2.605945999999999874e+00
6.378939999999999610e-01
8.406510000000000371e-01
1.734723999999999933e+00
7.861179999999999835e-01
6.486370000000000191e-01
2.044090000000000074e-01
4.077990000000000226e-01
5.034232000000000262e+00
3.547286999999999857e+00
2.793600999999999779e+00
6.807260000000000533e-01
3.270049999999999901e-01
6.433349999999999902e-01
2.949993000000000087e+00
5.734369000000000050e+00
1.653132999999999964e+00
1.685013000000000094e+00
1.291489000000000109e+00
1.608754999999999935e+00
5.447060000000000235e-01
1.637548999999999921e+00
6.748800000000000632e-02
2.491518000000000121e+00
1.234258999999999995e+00
3.072460000000000191e-01
7.415862999999999872e+00
3.616271999999999931e+00
1.747880000000000100e+00
4.840960000000000263e-01
1.930180999999999925e+00
9.387630000000000141e-01
3.767380000000000173e-01
1.317102999999999913e+00
2.762649999999999828e-01
2.642548000000000119e+00
1.858335000000000070e+00
2.486659999999999981e-01
1.298465999999999898e+00
4.358960000000000057e-01
1.449138999999999955e+00
1.070654999999999912e+00
4.135828000000000060e+00
3.408470000000000111e-01
7.682060000000000555e-01
2.919885999999999981e+00
1.837711000000000094e+00
5.325320000000000054e-01
1.606054000000000093e+00
6.279460000000000042e-01
3.051442000000000210e+00
1.724460000000000104e+00
9.674760000000000026e-01
9.866169999999999662e-01
1.468801000000000023e+00
1.439880000000000049e+00
6.525676999999999950e+00
4.245072999999999652e+00
1.591903999999999986e+00
3.614485999999999866e+00
1.514275999999999955e+00
1.621053000000000077e+00
6.002990000000000270e-01
3.412058000000000035e+00
1.690531999999999924e+00
2.236680999999999919e+00
2.507986999999999966e+00
1.127969999999999917e+00
1.440131000000000050e+00
2.833196000000000048e+00
1.975781000000000009e+00
2.170882999999999896e+00
7.224220000000000086e-01
1.919518000000000058e+00
1.656752000000000002e+00
2.165452999999999850e+00
3.745359999999999800e-01
1.374584999999999946e+00
3.319880000000000053e-01
4.539020000000000277e-01
1.536812000000000067e+00
1.449899000000000049e+00
1.185570000000000013e+00
1.025053999999999910e+00
3.052668000000000159e+00
1.752418999999999949e+00
2.486743999999999843e+00
1.482245000000000035e+00
1.959990000000000065e-01
8.417649999999999855e-01
9.698320000000000274e-01
2.623034000000000088e+00
1.875439999999999885e-01
1.780189000000000021e+00
8.786900000000000266e-02
1.684736999999999929e+00
1.121053999999999995e+00
5.814209999999999656e-01
9.685550000000000548e-01
1.431159999999999988e+00
1.541614000000000040e+00
5.242670000000000385e-01
2.423938999999999844e+00
1.539927999999999964e+00
1.792078000000000060e+00
1.100683999999999996e+00
1.500272000000000050e+00
6.439660000000000384e-01
3.011381999999999781e+00
3.019009999999999749e-01
8.570820000000000105e-01
5.098463999999999885e+00
2.065294000000000185e+00
6.286000000000000476e-01
1.083901000000000003e+00
1.368050999999999906e+00
3.626929999999999876e-01
4.992159999999999931e-01
3.498467999999999911e+00
1.791587999999999958e+00
1.163969000000000031e+00
8.626399999999999624e-01
3.032549999999999968e-01
3.926029999999999798e-01
8.340090000000000003e-01
1.965535999999999950e+00
7.473440000000000083e-01
3.231076999999999977e+00
1.240672999999999915e+00
6.745280000000000165e-01
2.647593000000000085e+00
1.418479999999999963e+00
3.973773000000000000e+00
5.468880000000000408e-01
7.349080000000000057e-01
4.905610000000000248e-01
3.365290000000000226e-01
7.122610000000000330e-01
1.709170000000000134e-01
1.541717999999999922e+00
5.281390000000000251e-01
3.390622000000000025e+00
1.594937999999999967e+00
1.193928000000000100e+00
6.886229999999999851e-01
4.689324000000000048e+00
3.135359999999999814e-01
7.379520000000000524e-01
2.792470000000000230e-01
7.114949999999999886e-01
8.793640000000000345e-01
1.960445999999999911e+00
5.194170000000000176e-01
1.076136999999999899e+00
1.834959999999999924e+00
9.166630000000000056e-01
3.244314000000000142e+00
5.938689999999999802e-01
1.198285000000000045e+00
3.621779999999999999e-01
1.846402000000000099e+00
2.144585000000000186e+00
1.435291000000000095e+00
1.720194000000000001e+00
2.237283000000000133e+00
1.509452999999999934e+00
3.122813999999999979e+00
1.809158999999999962e+00
3.608086000000000126e+00
6.593560000000000532e-01
2.041511999999999993e+00
9.030289999999999706e-01
3.492669999999999941e-01
6.257439999999999669e-01
8.660830000000000473e-01
3.145424999999999915e+00
1.814230999999999927e+00
2.030396000000000090e+00
7.901129999999999542e-01
4.416789999999999883e-01
2.709964999999999957e+00
1.246889999999999943e-01
1.070659000000000027e+00
8.480579999999999785e-01
3.659025000000000194e+00
7.450390000000000068e-01
1.693464000000000080e+00
2.716740000000000155e+00
1.888478000000000101e+00
1.112163999999999930e+00
1.076958000000000082e+00
2.767527999999999988e+00
1.032379999999999964e-01
4.253279999999999839e-01
1.129008000000000012e+00
6.337789999999999813e-01
8.513380000000000392e-01
3.204536000000000051e+00
6.856600000000000472e-01
7.312600000000000211e-01
1.557610000000000106e-01
2.482765000000000111e+00
2.187167999999999779e+00
4.400819999999999732e-01
5.104450000000000376e-01
2.603809999999999736e-01
5.286189999999999500e-01
2.235360000000000014e+00
1.887113000000000040e+00
3.277165000000000106e+00
1.328532999999999964e+00
1.335781000000000107e+00
2.529009999999999869e-01
2.138847999999999860e+00
1.001530000000000031e+00
3.757150999999999907e+00
9.503350000000000408e-01
2.939083999999999808e+00
4.905209999999999848e-01
1.953356000000000092e+00
1.306931000000000065e+00
1.466866999999999921e+00
2.821179999999999799e-01
1.574522999999999895e+00
5.695130000000000470e-01
4.044458999999999804e+00
6.266899999999999693e-01
7.966159999999999908e-01
2.168623999999999885e+00
1.303799999999999959e-01
5.655639999999999556e-01
4.096270000000000189e-01
1.351830000000000087e+00
3.137685999999999975e+00
1.158700000000000008e-01
8.596279999999999477e-01
7.439519999999999467e-01
1.899659999999999904e+00
2.381530000000000147e+00
1.459772000000000070e+00
1.642095000000000082e+00
1.194879000000000024e+00
5.759189999999999587e-01
7.158949999999999481e-01
5.992690000000000516e-01
6.626469999999999860e-01
4.044435000000000002e+00
1.403850999999999960e+00
3.316200000000000259e-01
2.114418999999999826e+00
9.656000000000000694e-02
1.197819999999999996e-01
6.997440000000000326e-01
2.499103999999999992e+00
2.334188000000000152e+00
2.674285999999999941e+00
6.831850000000000422e-01
1.604355999999999893e+00
3.513633000000000006e+00
1.164484999999999992e+00
1.436836000000000002e+00
1.580997999999999903e+00
2.714444999999999997e+00
1.658015000000000017e+00
2.850090999999999930e+00
1.966337999999999919e+00
1.848357999999999945e+00
1.180522000000000071e+00
1.039344000000000046e+00
1.702318999999999916e+00
9.684880000000000155e-01
1.054435999999999929e+00
3.642369999999999775e-01
7.405990000000000073e-01
3.694612999999999925e+00
1.353299000000000030e+00
8.772410000000000485e-01
9.085050000000000070e-01
1.550049999999999928e+00
1.900640000000000107e-01
1.520029999999999992e-01
2.173916000000000182e+00
1.152492999999999990e+00
5.900100000000000344e-01
3.237614999999999910e+00
1.525951999999999975e+00
7.353159999999999696e-01
1.108780000000000099e+00
5.022130000000000205e-01
1.326289999999999969e-01
7.975079999999999947e-01
7.378099999999999659e-01
2.030430000000000013e-01
2.428491999999999873e+00
7.443507000000000318e+00
1.142380000000000062e-01
1.662824999999999998e+00
6.283990000000000409e-01
5.110596000000000139e+00
5.630359999999999809e-01
7.602980000000000294e-01
1.018381999999999898e+00
1.131009999999999932e-01
6.913580000000000281e-01
1.308405999999999958e+00
8.110990000000000144e-01
1.251603999999999939e+00
1.941759999999999875e-01
7.944799999999999640e-01
5.365290000000000337e-01
4.006569999999999854e-01
2.248987000000000069e+00
3.698545000000000194e+00
1.562947000000000086e+00
3.192712000000000216e+00
3.190380000000000216e+00
1.102908999999999917e+00
3.402939999999999854e-01
8.102859999999999507e-01
1.767163999999999957e+00
7.923799999999999732e-01
9.315080000000000027e-01
7.274859999999999660e-01
1.145661999999999958e+00
9.511830000000000007e-01
2.485680000000000112e-01
1.728182000000000107e+00
1.312926000000000037e+00
4.476342999999999961e+00
4.960410000000000097e-01
4.681290000000000173e-01
6.845109999999999806e-01
1.052000999999999964e+00
2.702208999999999861e+00
2.292578999999999922e+00
6.779659999999999576e-01
5.016350000000000531e-01
3.492350000000000176e-01
1.310683999999999960e+00
2.976139999999999897e-01
2.378165999999999780e+00
2.711679999999999868e+00
1.969128999999999907e+00
8.483540000000000525e-01
2.981770000000000254e-01
1.160001000000000060e+00
4.965890000000000026e-01
8.458309999999999995e-01
6.794930000000000136e-01
7.546329999999999982e-01
1.727325999999999917e+00
1.118940000000000046e+00
2.159234000000000098e+00
9.992220000000000546e-01
9.750250000000000306e-01
1.742599000000000009e+00
1.883640000000000037e-01
1.814538999999999902e+00
2.225102999999999831e+00
2.314090000000000036e-01
3.885156999999999972e+00
9.156560000000000255e-01
3.543470000000000231e-01
5.931239999999999846e-01
5.360289999999999777e-01
1.042450000000000099e+00
6.457659999999999512e-01
6.625834000000000223e+00
1.607652999999999999e+00
3.586960000000000148e-01
2.138859999999999928e-01
1.708036000000000110e+00
5.573399999999999466e-01
6.793379999999999974e-01
3.163380000000000081e-01
1.699575999999999976e+00
4.449895999999999852e+00
1.786783999999999928e+00
9.887820000000000498e-01
3.999865999999999921e+00
1.325280000000000014e+00
2.872259999999999813e-01
1.059063000000000088e+00
8.838139999999999885e-01
8.893199999999999994e-01
8.979679999999999884e-01
4.790449999999999986e-01
4.661910000000000220e-01
1.882616000000000067e+00
3.467419999999999947e-01
1.467783000000000060e+00
4.627839999999999732e-01
1.910978000000000065e+00
2.140162999999999816e+00
2.983493999999999868e+00
1.433340000000000058e+00
5.699060000000000237e-01
1.363564999999999916e+00
1.342065999999999981e+00
1.329715999999999898e+00
1.301884000000000041e+00
2.408627000000000073e+00
1.580129999999999868e-01
6.228110000000000035e-01
3.262650000000000272e-01
2.376555000000000195e+00
2.479607000000000117e+00
1.848286000000000096e+00
5.521270999999999596e+00
1.377410000000000023e+00
1.942682999999999938e+00
2.471820000000000128e-01
3.330112000000000183e+00
1.552543999999999924e+00
1.877982999999999958e+00
8.965400000000000036e-01
1.821636000000000033e+00
4.848810000000000064e-01
8.401079999999999659e-01
2.165569999999999995e-01
6.051800000000000512e-01
1.196048000000000000e+00
1.560549999999999993e-01
2.009326000000000167e+00
2.622990000000000044e-01
2.373638000000000137e+00
3.564709999999999823e-01
1.130316000000000098e+00
6.577389999999999626e-01
5.656870000000000509e-01
1.526807999999999943e+00
1.083380999999999927e+00
6.784790000000000543e-01
1.400344000000000033e+00
3.486451000000000189e+00
4.464113000000000220e+00
1.422663000000000011e+00
2.333544999999999980e+00
9.151139999999999830e-01
2.611240000000000228e-01
1.094360999999999917e+00
1.252628999999999992e+00
5.713139999999999885e-01
2.294319999999999971e-01
6.021560000000000246e-01
5.207640000000000047e-01
2.224026999999999976e+00
5.167100000000000026e-01
2.517187999999999981e+00
1.401783000000000001e+00
9.823009999999999797e-01
6.900770000000000515e-01
1.814686999999999939e+00
3.557780999999999860e+00
1.711711999999999900e+00
1.218290000000000067e-01
1.144142999999999910e+00
9.397429999999999950e-01
1.326319000000000026e+00
2.201867000000000019e+00
1.999829999999999941e-01
5.869189999999999685e-01
9.463669999999999582e-01
8.134860000000000424e-01
2.475785000000000124e+00
1.375655000000000072e+00
1.337301000000000073e+00
2.213985999999999787e+00
1.518480000000000107e-01
1.934558000000000000e+00
9.755970000000000475e-01
1.565142000000000033e+00
4.233029999999999848e-01
4.789709999999999801e-01
5.776529000000000025e+00
9.709870000000000445e-01
5.772059999999999969e-01
6.787560000000000260e-01
1.747513000000000094e+00
2.073134000000000032e+00
1.297468000000000066e+00
5.094509999999999872e-01
2.983589999999999853e-01
4.209499999999999909e-01
1.162431999999999910e+00
3.903730000000000255e-01
2.871548000000000211e+00
3.183969999999999856e-01
8.102000000000000313e-01
9.173090000000000410e-01
5.817980000000000373e-01
1.012396999999999991e+00
3.815939999999999888e-01
8.160809999999999453e-01
4.154610000000000247e-01
5.317180000000000240e-01
1.660773000000000055e+00
1.651815999999999951e+00
3.352990000000000137e-01
2.676957999999999949e+00
1.543352999999999975e+00
1.777924000000000060e+00
5.974861999999999895e+00
