0.021862
0.268176
0.115523
0.030964
-0.728532
-0.631073
-0.997063
4.157162
0.048548
-1.856034
-1.551849
-0.206331
0.221820
-0.004932
-0.157735
-0.281442
0.443667
-0.769650
-0.296630
-0.035193
-1.115641
-0.096811
0.993184
-1.032666
-0.207271
-2.015777
0.008147
0.623290
0.446596
-1.066309
-0.071639
0.399463
0.008148
-0.048081
0.222509
0.265792
0.007432
-0.451055
0.006300
0.002430
0.320220
-0.600085
-1.100984
0.200275
-0.250773
0.021350
-0.002958
0.382862
0.006520
-1.198053
4.499059
-0.339603
4.053005
0.007549
-0.020934
-1.326337
-0.045168
3.264239
-0.143964
-0.007684
0.006060
0.206481
-0.495538
-0.541019
0.719466
-1.790157
-0.007777
-0.646858
-0.561467
0.026555
0.012222
0.644742
-0.316292
0.021599
5.259785
0.008468
0.028178
-4.508564
0.511587
-0.053882
1.024409
-0.003286
0.004626
-0.016992
0.020391
0.898573
5.060645
0.003751
0.033084
-3.112495
-0.187008
-0.086219
0.545298
-0.345814
0.007444
0.006609
-1.127437
0.076109
0.009318
0.304014
1.216234
0.092856
0.903291
0.007041
-0.221762
0.414411
0.055687
1.330128
0.092843
-0.127821
-0.663266
0.248733
-0.440503
0.813882
0.046585
-0.176713
0.011158
-0.082729
0.388413
0.236912
-0.071883
-0.342020
0.003079
0.796136
-0.062783
0.016992
0.007340
-0.091927
1.644028
0.073178
-0.296383
0.591985
0.032811
0.002629
0.013438
-0.455076
0.094164
-3.001442
1.127308
-0.193987
0.318196
-2.575166
-0.059492
0.370577
-0.003169
-2.717426
-0.332085
0.017576
-0.739058
2.340404
0.006950
0.005391
-0.567276
-1.579489
-0.075237
0.002162
-2.328629
-0.205263
0.331864
0.015208
1.326575
0.097876
-0.034341
0.002052
0.299359
-0.080754
0.057171
2.354593
0.581377
0.006355
0.004366
-0.032143
0.041987
0.005410
-1.040276
-0.153159
0.038693
-0.042438
0.031225
0.052940
-0.207752
-1.252397
0.030606
0.056866
-0.177598
-0.011722
-0.932652
0.116117
3.398836
2.933101
-0.107570
0.637458
0.009023
-2.614589
0.024839
0.811368
0.009550
0.979189
-0.419499
0.007203
-0.237003
0.007921
2.303631
0.008561
-0.341674
-0.009947
0.005715
-0.933959
0.520681
0.094962
0.007437
3.224715
0.146129
0.075481
-0.015381
1.213279
0.241049
-0.343970
0.012553
-3.414704
0.108805
0.388358
4.283562
-0.021945
0.027882
0.028829
-1.443609
0.759280
-0.567156
0.019331
0.353242
-0.905494
-0.017264
1.288541
1.440491
0.803175
-0.212178
-0.038331
0.008800
-1.119672
-0.044369
0.263983
0.006798
0.908785
0.043946
-0.229225
-0.103917
0.027843
0.409199
1.002272
-0.092513
0.021188
0.173404
0.120447
0.033851
-0.013921
-0.319985
-1.012241
-3.733690
0.140543
0.341891
0.154180
-0.145796
0.240538
0.054336
-0.663090
-0.028457
0.064500
1.077990
-0.058375
-0.983428
-1.776105
-0.530643
-1.495532
-0.002031
0.013946
-1.109357
-0.009399
0.098742
-0.658590
0.120320
-0.750461
-0.757493
0.626738
-3.288110
0.573734
-0.166077
-0.017886
-0.985922
-0.006575
1.382035
0.007439
0.087186
-1.539361
0.405387
-2.489861
0.007936
0.152299
-0.034089
0.001114
-0.138030
0.100795
0.012596
0.379602
0.129816
-0.748078
0.316754
0.006974
-0.276343
-1.415394
-0.189486
-0.551858
-0.088400
-1.190240
-0.619865
-1.557662
-1.278244
0.020988
-0.599519
-0.924898
-0.001371
-0.041822
1.031405
0.033967
-0.958812
-0.011736
0.009157
-0.011706
0.009572
5.342939
-0.728273
0.000679
-1.678019
-0.036899
2.725950
1.521800
0.008057
0.004057
1.253925
-0.168992
-1.973890
-0.300913
-0.018834
1.342815
-1.186775
0.069264
0.002731
0.200777
-0.016292
-0.018327
-0.154843
-1.752615
-0.295094
-0.299403
0.889479
-0.177858
-0.208444
0.020735
0.201869
0.215004
-2.272540
0.237478
-0.042955
-3.191406
4.470134
-0.098856
0.003418
0.018531
-0.901659
-0.238697
-0.042419
0.006286
-0.016049
0.006273
1.084621
0.968978
-0.061299
0.006208
0.023011
0.009357
-0.000155
-1.510673
0.064148
-0.168034
-0.517725
0.140833
2.226742
-0.381584
-0.034917
-2.080331
0.617880
0.024494
0.113204
-1.250311
1.300735
-0.513247
-1.209827
-1.333178
-0.290601
-0.233888
0.157836
0.038782
-0.328892
0.223638
0.223740
1.460504
0.004588
0.009384
0.004848
-0.712259
0.004970
-0.045846
-0.031874
-0.012049
-1.771899
0.009398
-0.395888
0.362085
-0.004120
-0.201724
0.034725
0.306831
-0.368637
0.283783
0.381033
0.260661
2.069070
3.184875
-0.003174
-0.534097
0.135970
0.033757
-0.585804
-0.020395
0.009260
0.405743
0.003260
0.001119
0.132286
0.376356
-0.011360
-0.388362
0.276060
-1.192515
-0.004728
-4.051054
-0.056775
-0.007467
-0.093992
0.007884
-0.491065
0.010850
0.006633
-0.673248
0.046847
0.011826
-0.142516
0.422358
0.015754
-0.771765
-0.668861
-0.622141
0.346993
3.282975
0.881196
-2.550463
-1.006045
0.001042
0.198051
0.125071
-0.003570
2.866353
0.050370
0.216196
-0.016309
-0.320025
-1.460082
0.033039
-0.006754
0.687648
-0.088492
0.180552
0.002468
0.006046
0.867483
0.003223
-1.010289
-1.196485
0.005360
2.383552
-0.084544
-0.019515
0.216805
-0.039903
0.008925
0.188990
-0.002043
-1.407954
-0.232515
-1.814695
0.170520
0.005997
-0.695904
0.004740
0.040296
0.007477
0.000984
0.255281
2.307970
-0.007910
0.001888
0.799923
0.007521
0.019674
0.005184
0.092989
2.615831
-3.772207
0.507302
0.117699
-0.042125
1.090500
-0.747048
0.007401
-0.016700
0.016496
0.002716
-0.016896
-0.207284
-0.369341
0.054499
-0.803683
-1.960171
-1.839081
-0.519180
3.938732
-0.005233
0.020531
-0.360770
0.415368
0.164877
4.156973
1.197717
-0.041819
-0.189450
0.529048
-0.059592
-0.631470
1.011420
-0.504358
1.668454
0.009293
-0.357150
-0.358270
0.008453
0.006781
-0.563760
-0.064793
-0.204959
-1.391430
-0.902801
0.023878
-0.177815
0.039353
-0.238555
0.009684
-0.008574
0.007604
0.005131
0.003393
5.046298
0.045739
1.991101
0.113458
-0.001050
0.036227
-0.662087
0.007563
0.009265
0.364734
0.242810
-0.121452
-1.052414
-0.180607
-0.000236
-0.064258
-2.028404
-1.193683
1.191576
1.021855
0.844318
-0.000651
-1.316274
-0.700405
0.563250
0.009506
-1.461988
0.040031
-0.013643
0.009132
0.004780
-0.508206
-0.242061
-0.496563
0.018120
-0.108965
0.003396
-0.209915
0.078480
0.878597
-2.564857
0.005779
-0.924081
-0.001785
-0.160401
0.675634
0.127865
0.058188
0.069793
-0.004578
-0.005906
0.052000
0.003247
-2.735518
-0.242902
0.729327
0.003586
-0.598342
0.360213
3.975610
0.004278
0.002964
-0.015301
-0.212751
-0.012541
-0.149777
-0.549407
-1.324789
0.020303
0.336887
0.003740
-1.631579
-0.112678
-0.016028
-0.287122
-1.761450
-0.652908
-0.002103
0.215208
0.219393
-1.146362
-1.472844
-2.007350
0.016690
0.104729
-0.118465
-0.811274
-0.659939
-0.164365
-0.066815
0.017271
0.051065
-0.017553
0.065191
-1.094602
0.019593
-1.402794
0.009284
0.012248
0.131985
-0.808607
0.158931
3.073038
0.009021
1.575489
-0.960003
0.115767
0.005858
0.214155
0.479117
0.026031
-0.009243
-1.456478
-0.020918
0.065471
-0.235244
-1.876178
0.009979
-0.012827
-0.006423
0.006306
0.091340
2.213758
0.074097
-0.008571
0.008344
-0.000175
0.527740
0.005411
-1.534770
-1.141218
2.287152
0.087987
-0.680712
-0.028806
-0.004971
-2.646395
-1.205117
-0.426369
0.007059
0.008413
0.004080
-0.032882
-0.214560
-0.001590
-2.282439
-0.030997
-0.049441
-0.344197
0.026824
0.034348
0.001346
0.559173
-0.072263
0.011334
-0.065638
-1.473299
0.583078
0.296409
2.700392
0.038247
-1.208275
0.182886
-1.168929
-1.043771
-0.126195
1.224962
-0.211528
-0.288726
0.857226
-0.596272
-0.885174
0.315059
0.002904
0.944221
-0.048359
0.007938
1.009562
0.100727
0.384151
-1.358734
1.262415
0.012845
-0.037348
0.006021
0.265401
-0.380071
-0.007236
-0.021601
-0.004100
-0.193500
0.464588
0.112458
-0.040333
0.043893
0.014615
-3.316206
0.015435
0.003334
0.009579
0.038875
-0.019044
-0.725238
0.009315
0.023387
-0.096479
0.019778
0.004261
0.005207
0.259485
0.023772
0.021938
0.197217
-0.004600
0.028449
0.022986
-0.002976
0.004614
-0.420525
1.026235
1.090207
-0.958907
-0.558412
0.008125
0.189151
-0.337055
0.202713
-0.073964
0.003405
-0.784815
0.011552
0.008319
0.004119
0.034861
-0.047766
-0.053308
0.006695
0.230681
-0.096849
-0.125513
-2.312685
0.131098
0.373613
0.151967
1.106672
-0.358060
-0.780895
0.099550
0.035557
0.006228
0.002984
-0.006057
-0.019816
-0.097433
-0.001678
-0.521971
-0.054979
-0.003062
2.616758
-1.782395
0.105246
0.132505
-0.600506
-0.049634
1.851135
0.004116
0.027328
2.254201
0.000741
-2.454015
0.007328
-0.033919
1.000191
0.890672
0.025981
0.009944
0.000971
0.006175
-0.535966
0.003299
1.094393
-0.007695
-0.074461
2.887611
-0.010676
0.006474
0.208440
0.013197
-2.437508
-3.852030
-0.486371
0.003741
0.123474
-3.192484
0.016604
-0.020421
0.005374
0.010656
0.038686
-0.623988
0.239656
-0.127496
-0.121855
2.578110
-0.108862
-0.001560
0.142667
-0.222230
0.183104
0.152885
0.038680
-0.562266
0.026623
-0.119856
-0.174856
0.003067
-0.135947
0.227362
0.008086
0.001789
0.007281
0.005848
-0.014875
-0.166868
0.160105
0.008004
0.005902
0.048780
-0.018768
-2.024675
2.686533
1.519880
-0.529289
-0.015808
-0.359228
0.478219
0.408811
0.436014
0.002552
0.196766
0.041848
0.003226
0.068716
-0.060928
-0.271888
-1.551130
-1.317748
0.080789
0.058708
0.018508
0.064814
-0.013000
-0.015320
-0.004723
0.004847
-0.385410
-0.008336
0.184061
-1.204485
0.148577
0.734627
1.814381
0.060202
0.002148
-0.014347
0.023392
2.638721
0.000234
0.164717
0.871435
-0.032386
1.356063
-0.628939
0.075250
-1.593571
-0.080354
0.003854
0.889610
0.031513
0.151046
0.021246
0.085450
-0.257876
0.629466
0.006703
-0.135516
-0.008339
-1.742711
0.529451
0.002014
4.237721
0.001375
0.009612
-0.464007
0.071232
0.010021
0.008037
0.008788
0.015847
-1.770603
1.168845
0.313112
-0.412763
-0.045404
2.452919
0.224555
0.275885
-0.009246
0.168505
0.064728
-0.677978
0.061949
0.009693
0.136680
-0.280271
0.740965
0.006426
1.907615
-1.072732
-0.010302
-1.979816
-0.404380
-0.029660
0.027776
1.808798
-0.337657
0.434751
-0.173420
-0.423918
-0.001858
0.036847
0.295159
-0.635458
-0.100199
0.005785
-0.073398
0.013163
0.055702
-0.945220
0.197739
-0.002311
-0.463415
0.086966
-0.036754
-3.163110
0.055493
2.738153
1.391635
-0.060256
0.891986
0.392853
0.009844
-0.002227
1.186164
0.002172
-0.370582
-0.840732
-0.208504
0.022644
0.368731
1.314405
-0.024915
-0.060933
-0.535321
0.786151
-0.378584
0.005675
0.016548
1.824634
-0.373643
0.174023
-0.179998
-0.696823
0.102232
-0.778676
-1.073611
0.107466
-2.939161
0.160469
-0.175727
-0.209685
0.012388
-0.004915
-0.131475
0.036011
0.016595
0.114757
3.703969
-0.011578
-0.384158
0.666640
0.358454
0.006142
-0.139198
0.043636
-0.029467
0.915474
2.139777
0.020321
-0.000466
-0.072822
-0.024194
0.017131
0.723927
0.030297
-0.399824
-0.047269
0.154426
-0.061033
0.068305
2.159756
1.302263
-0.036257
0.572090
0.008098
-0.347166
0.649393
3.022105
-1.289656
0.004757
-0.306894
2.411066
-0.011732
-0.639746
4.143921
0.113433
0.007024
-1.486802
-0.831016
0.173162
0.018380
-0.412679
-1.206276
0.097136
0.207272
1.128602
0.441943
0.040353
-0.495133
0.108785
-0.010342
-0.067356
0.092747
0.912150
0.072139
-0.001557
0.007902
0.021825
-0.102271
1.785491
-0.003526
0.403145
-0.008669
0.006679
0.054379
-1.118811
-0.094255
-0.358675
0.006877
-0.766828
0.024013
0.001774
0.451429
-1.931743
0.397034
0.109234
-2.326069
-0.694393
-2.143509
0.169873
0.038256
0.033369
0.958809
0.005606
-2.804586
-0.060754
-0.201760
0.005565
-0.988349
-0.051678
0.008200
-0.513609
0.005107
0.007818
-0.113619
-2.357496
-0.485891
-2.754904
0.066471
-0.984742
0.018997
-0.057977
-0.526667
0.005733
-0.620918
0.005350
2.176543
0.024071
-0.502881
0.010655
1.206998
0.009660
0.248592
0.008698
-0.351000
1.358845
0.000386
-0.758863
-0.001045
2.696527
0.006322
-1.721369
-0.230764
0.008861
-0.012268
3.554781
-0.129120
-2.873081
0.157042
4.673387
0.052567
-1.069962
0.032536
-0.562910
0.048662
0.029181
-0.005543
0.007843
-0.000949
-1.875407
-1.326164
-0.047238
1.154007
0.750898
0.879406
0.369488
0.008474
0.346657
1.037720
0.160131
0.007576
0.007381
3.081265
2.217908
0.006284
-0.590919
0.011408
-0.011446
-1.792552
-1.884824
0.027517
1.559319
-0.168620
0.092175
0.709423
0.305722
-2.418707
0.028852
0.010869
-0.979041
-0.117449
-0.478232
0.428640
1.257111
0.134722
-0.014785
-0.085121
0.362863
0.006877
0.008716
0.039908
0.006376
0.162324
0.882130
0.001678
-3.767291
-3.073869
0.106605
-0.097100
0.018538
-0.238274
1.018179
0.977565
0.572830
0.880941
-0.058123
-0.006490
0.693615
0.005616
0.158710
-0.422070
-0.000742
0.222118
0.121412
0.032559
-0.057061
0.834351
-1.837672
-1.804767
3.139641
0.344550
-0.970714
-1.262925
0.000777
-1.423747
0.108803
0.010175
0.512447
1.917913
1.523997
-0.635368
-3.914744
0.006777
0.074780
2.061895
0.244642
0.076162
-1.982581
0.160128
-1.242944
0.005285
0.495767
0.036474
-0.934100
-0.132479
0.003362
-0.600606
0.069301
-0.731939
-0.049035
0.552529
-0.013618
0.279133
-1.650500
0.005437
-0.656669
0.006222
0.007266
-0.016595
0.003751
1.053904
-0.875878
0.005472
-2.250806
0.040331
0.028420
-1.085575
0.006056
1.384290
0.000488
0.932592
1.243966
0.005482
0.006630
-2.244402
-0.681826
-0.169064
-0.017301
0.559593
-0.566506
-0.010223
0.003046
-0.034780
0.114123
0.149351
-0.002445
0.293210
1.419579
-0.504073
0.254355
-0.316022
0.008269
0.353594
1.211170
0.005495
0.004638
0.631042
0.005999
-0.001156
0.530806
0.112716
0.599709
-0.010496
-0.341495
-0.000078
-0.020516
2.118566
1.049540
-0.301056
-0.054564
-0.919992
0.064702
-0.011203
0.007649
-0.064428
-1.012481
-0.002646
1.341485
2.190225
0.007327
0.076303
-2.189973
-0.054393
-0.459980
-3.449210
0.000108
0.634620
-0.567997
4.134277
0.039260
-0.007245
-0.089441
-0.248360
0.046513
-0.054831
3.758808
-0.623728
0.308806
-0.555467
0.683230
-0.008779
0.130945
0.033800
1.930612
-0.002803
-0.900827
-1.969159
-0.074060
0.007615
0.384939
-0.026489
0.049279
-0.669334
0.010607
-0.351661
-0.560013
1.027229
0.071187
0.038778
1.226968
3.826281
-1.181857
-0.414424
0.072688
0.001260
0.007075
0.194561
0.789413
0.313666
0.638411
0.824548
-0.021142
0.006020
-0.010906
-0.283793
0.004867
0.365786
-0.005635
0.650706
2.979706
-0.732017
0.071610
-0.054211
-1.634590
1.223387
-0.746104
0.084937
0.744991
-0.200279
-0.048079
0.004959
-0.494808
1.332049
-0.429507
0.021648
1.736585
0.012453
-0.026713
-0.259256
0.080613
0.110961
-2.601429
0.042475
-1.600626
0.416888
-1.783441
-1.116635
-0.243184
1.683236
-0.116676
0.929610
0.003527
-1.604292
0.057945
0.009879
0.029476
0.786812
-1.789669
0.053105
-0.022409
0.007345
1.110397
0.001623
0.236797
0.220605
-0.238464
-1.411961
1.492365
0.032320
0.830933
0.335515
-0.982539
-1.428173
0.008702
0.012488
0.007590
0.009877
0.477176
-0.447765
-0.002166
0.948481
0.424699
-0.553986
-0.578660
0.010596
-0.164058
0.001341
-0.017821
1.604234
1.605086
0.064614
1.975532
0.007948
-0.637657
-0.894159
0.005650
0.313215
-0.196515
-0.436203
-0.431286
1.105025
-0.575355
0.147933
0.521101
1.155368
0.108108
4.418589
0.011517
0.008705
0.013801
0.443649
-3.359177
-0.068610
0.020394
1.906404
0.026264
2.916027
0.028437
-0.025439
-1.502794
0.856490
-0.025733
-2.631843
-1.723429
-0.193413
0.007685
0.047627
0.001550
0.028294
-0.025640
0.574476
0.009422
0.020948
0.743016
-0.181015
-0.054268
0.245643
-0.595807
-1.977674
-0.178533
0.042974
-0.432896
0.906179
2.095532
0.147000
-1.177449
0.033890
1.096247
-0.060290
-0.000303
-0.529121
-0.561092
-0.298597
-0.886804
0.017235
-0.183314
0.305160
-0.190669
0.701866
-0.018004
5.617584
-0.430522
-0.786204
0.044300
0.037351
-0.342406
0.791998
0.052291
0.015903
0.282342
4.720039
0.866946
0.009421
0.001713
0.674443
-0.034220
0.031297
1.055493
-0.336616
0.493856
0.002117
0.011189
-2.395395
0.411238
-0.071261
0.023443
-3.891292
0.330055
0.006385
0.015344
-1.612534
0.006931
-0.106278
-0.037128
0.241088
-0.138763
-0.413903
0.142846
0.008662
1.181359
-0.238465
-0.001214
0.136547
0.071482
-1.592701
-0.009133
-1.261673
0.031211
-0.408988
-0.258307
0.008725
0.005882
0.006700
0.008416
-0.001767
2.104622
0.142693
0.006557
-0.050445
-0.153476
1.317832
0.464826
0.108857
-0.396153
-1.290793
4.035540
3.758665
0.009939
1.900667
-2.721927
1.881429
-0.112868
-0.264244
1.693640
0.280292
0.234684
0.152303
0.008513
-0.012280
0.064614
0.435775
0.421656
3.934080
-0.233368
-1.328370
0.016007
-0.251037
0.009567
-0.325466
0.003647
-0.056858
0.365139
0.727240
0.008838
0.010598
3.014781
2.357454
0.007124
0.063931
-0.014130
0.036564
-0.002057
-0.697345
0.329790
1.200774
0.002920
0.028026
1.283281
-0.053152
-0.003650
0.102079
-0.243148
-2.540588
0.064729
0.006407
1.389427
-0.045441
1.320713
-0.422731
-0.388190
-0.008341
-0.520029
-0.120111
0.027376
-0.592593
-0.561987
-0.182145
0.024206
-0.067654
0.048242
-0.314277
0.017871
-0.004979
0.051770
-0.121661
0.037141
0.050834
-0.061207
-1.535585
-0.457648
-0.239129
0.005123
0.210078
-0.526203
0.003300
1.308512
0.025952
-1.634552
-0.576185
-0.619111
-0.016224
-0.005097
-0.471207
0.051895
0.095012
0.003425
0.007865
-0.293478
-0.012899
-0.079081
-0.450093
-1.497447
-3.054843
0.094893
0.163179
-0.030326
0.012865
2.796897
0.717275
-1.532591
0.019250
-0.042178
-0.018411
-0.890210
-0.372778
0.023052
-0.310111
0.048212
1.919756
0.013922
1.847428
0.003218
0.005286
0.002322
-0.068659
-0.017544
-0.032528
0.429837
-0.720872
0.011062
0.040354
0.128966
-1.178674
-2.364900
2.578915
-0.071746
0.416837
0.464800
-0.043279
-0.060568
-1.488969
0.084325
-0.207995
0.062015
0.010257
-0.082448
0.011488
0.021308
-0.359248
0.120085
0.010775
1.779203
0.007295
0.616799
0.090066
0.016695
-1.525032
0.060986
0.010379
0.363420
0.526477
0.009282
0.006845
-0.585585
0.218860
-0.447287
1.206384
0.283989
-0.001967
2.030862
-0.016580
0.264507
-0.057470
0.801621
0.007243
0.218816
2.506158
0.120029
-0.940503
0.309321
0.006902
-2.359253
0.106983
-0.515790
-0.511011
0.006339
0.176980
0.131310
0.049290
-0.003289
0.272449
0.624937
0.003571
-0.089567
-0.057808
-0.559095
0.007835
-0.026652
-0.241984
0.189260
-0.424272
0.104019
-0.124660
-0.164068
0.006968
0.025044
0.001913
-1.870367
-0.577632
-0.087406
-0.477800
0.303828
-0.190966
0.041683
0.196177
-1.477879
2.986880
-0.004438
-0.205787
-0.022083
-0.234263
2.534946
-0.024237
-0.889450
0.008129
0.010308
-0.104210
0.006693
0.130691
0.015884
3.549076
0.046181
-1.263326
-0.067229
-0.672202
0.007989
-0.263695
0.003748
-1.363319
0.005885
0.897749
-2.362940
0.021451
2.145479
-0.020334
-0.026767
0.241626
1.120495
-0.949510
-1.439648
0.009450
-0.524629
5.724636
-0.936232
0.297023
-1.215420
1.332608
0.048267
0.057055
-0.011789
0.008897
0.010826
-0.001643
0.071986
-0.107013
0.017480
-0.031558
0.265014
-0.801877
0.149792
0.019499
0.010549
0.013995
-1.305815
-0.032178
0.002530
-0.299706
0.034925
-0.400870
-0.003977
0.324808
-0.105140
-0.988719
-0.038407
1.866618
0.026491
-0.121473
2.340173
-0.007899
0.313319
-1.914929
0.006047
-0.024974
0.029035
0.012463
-0.670546
-0.042725
-0.726893
-1.373517
-0.003310
-0.129877
-2.481600
-1.150558
0.048090
0.054570
0.003745
0.006632
0.001915
0.006027
1.825193
0.007502
-0.749464
-0.356275
0.029772
3.378607
0.009692
-0.825716
-0.484288
0.698524
-0.001084
1.762799
-0.004711
-0.062005
0.046691
1.963938
0.021463
0.097489
0.180679
0.779513
-0.886912
-0.215402
-0.014039
0.290852
-0.050029
2.222564
0.689712
0.046387
-0.008585
0.056825
-0.044002
-2.926944
0.042838
-0.316521
0.317126
-1.716426
1.155660
1.389748
0.001828
0.194997
0.034499
-0.222360
0.210524
0.001815
0.051050
-0.111365
0.119330
0.007485
-0.027250
1.962432
0.345802
0.805145
4.121034
0.135320
1.363065
-0.061641
0.022260
-0.437413
-0.000781
-0.889048
-0.335211
0.004428
-0.011198
-1.786323
2.592394
0.065731
0.072351
-0.390559
-0.698737
-0.926503
0.003504
0.238357
0.006747
-0.020318
-0.153008
-0.370739
0.175457
0.156132
0.124998
0.012707
0.011812
2.027912
0.050602
0.006424
3.233173
-0.081419
0.028832
0.047251
-0.124188
-0.881571
-0.379438
-0.065879
-0.010957
-0.000114
-2.761479
-0.932867
-0.116622
-0.707426
0.009196
-0.008183
0.418965
-0.008030
-0.678267
0.007341
0.037252
-1.308692
-0.043255
0.012628
-0.023173
0.763862
0.181904
0.010042
0.003254
0.217912
1.309716
0.041504
0.012238
0.049614
-0.262634
0.072232
0.667720
-0.141685
-3.408843
0.005235
3.331793
-0.523092
0.183324
0.000713
-0.112467
0.006838
-0.052831
0.006396
0.326550
0.076630
0.010490
0.062694
-0.000969
0.048545
2.774339
0.006820
-0.025914
0.003576
0.006386
-2.442572
-2.561722
-0.957246
-0.288431
-0.836067
-0.454247
0.008819
-0.326138
3.137584
-0.936803
0.013237
0.132962
1.012257
0.001989
-0.007002
3.095035
0.014105
0.007177
3.266171
0.001771
-0.004601
0.394448
0.104175
0.211551
-1.079606
-0.000997
-0.861303
0.140189
0.006688
0.012148
-0.839507
-1.659907
2.001150
-0.106286
0.003928
-0.394421
0.074875
-0.424596
-0.012218
0.686655
0.011013
-1.508581
1.280402
2.524194
1.457117
0.214617
-0.916701
0.387873
0.007576
-0.011000
0.010309
0.280116
0.013171
-0.234108
0.566411
-0.875201
-0.712486
0.295290
-0.065880
0.000218
1.454883
-0.299829
0.110909
-1.658503
-0.821522
-1.598428
0.003620
0.086741
-0.115111
0.039642
-2.003355
-0.249117
-2.013054
0.013967
-1.838416
-0.027233
0.008458
1.793684
-0.009408
0.005472
1.986558
0.008973
-1.432166
-0.473673
0.282904
-0.008851
0.001800
0.004843
0.009600
5.031681
-0.069685
-0.024634
-0.077483
0.076403
-1.218993
0.038701
-0.500177
0.016504
1.119601
0.026014
0.008505
0.008928
0.031206
-1.104819
1.194858
0.047609
-0.223828
-0.406294
0.093002
0.029377
-0.431685
0.007776
-0.008132
0.187257
1.285025
-0.617015
-0.025366
0.407834
0.062883
0.862335
-0.561002
-3.274591
0.043199
1.522382
0.810348
-0.470468
0.013961
0.002777
-0.599444
0.011279
0.005943
0.068221
0.083630
0.008083
1.289867
-0.572545
0.006477
0.028199
0.670771
1.244920
1.245328
0.752570
0.014168
-0.092425
-0.150143
-0.074644
-0.104830
0.110299
-0.344402
0.007758
-0.569276
-0.234941
0.033434
-0.004112
1.330613
-0.181230
0.078708
-0.154105
-0.703634
0.017052
-1.213775
0.229777
0.008952
0.005754
2.346042
-0.041465
0.068412
-1.000888
-0.048557
0.068813
-0.911754
0.005157
-1.762023
0.795697
0.590536
-0.926137
0.031849
2.314780
-0.191196
0.004301
0.018762
0.994274
-0.072406
0.106886
0.007381
3.963193
0.005073
-0.444211
0.004084
0.000960
0.007500
1.825469
0.985316
-0.077082
2.957867
1.633227
-1.388556
-0.588522
-0.030156
-0.373634
0.056268
-0.088409
-0.163168
5.649801
0.005216
0.492406
0.001656
0.026494
-0.235088
0.207946
0.006058
-0.041184
-0.449070
0.305128
0.036823
-0.069878
0.000131
-1.808266
0.211545
0.007018
-0.487801
-0.449067
-0.011783
0.006353
0.753473
-0.200790
0.010665
-1.823567
0.006041
0.126333
-0.054480
0.036798
0.001005
-0.164687
0.695517
-0.572384
-0.196549
0.028689
-0.496062
0.005937
-0.045885
-0.617135
0.047353
0.069260
-0.042529
-0.288623
-0.501641
-0.480611
0.006281
0.003751
0.388315
0.029794
3.672757
1.886185
-0.011471
0.572200
0.831633
-0.074556
0.008636
2.489533
1.182849
-0.226065
-1.716297
-1.486133
0.825987
-0.834882
-0.283259
-0.770084
0.202369
0.469313
-1.305720
-0.785224
1.073674
-0.444799
0.461528
6.533567
-0.608610
-0.034701
0.048947
0.022676
0.012340
-0.526815
-0.015233
-0.060477
-2.290765
0.010739
-1.911710
-0.361863
-0.012686
-0.219862
0.056559
0.013764
0.006928
0.113820
0.009992
0.021986
-0.170422
-0.361822
0.430891
-0.072677
-1.704120
-0.060500
0.564998
0.282591
0.542139
-0.135136
-0.575963
-2.173682
-0.550958
0.074375
-0.012766
1.028029
0.037845
-0.001722
0.000245
-1.369202
0.118816
2.704892
-1.208334
0.013034
-0.548545
-0.067530
0.066586
0.672852
-0.411342
-0.205980
0.769051
0.039737
-1.229679
0.226500
-0.007643
-0.202944
-0.010828
0.930944
0.007624
-0.050905
0.006013
-0.054698
-0.518473
0.095102
0.006529
1.197265
0.875509
1.694352
-1.989966
-0.579181
0.039411
0.181398
0.007253
-0.535022
0.114176
-0.617735
0.044213
0.000271
0.215492
0.005572
3.121659
-0.045999
-1.019533
-0.115953
0.110584
-0.622120
0.018551
-1.489157
0.649760
-0.207492
-2.797311
-1.309971
0.005973
0.047046
0.007457
0.479966
-0.003527
-0.398922
-0.097073
0.007096
-0.482889
0.008858
-0.666620
-0.030778
0.001248
-0.079875
-0.539635
-0.654441
0.039655
0.196507
0.004252
0.710861
-0.357100
-0.554535
0.022462
-0.003928
-0.067143
0.150428
0.018478
0.187961
-1.327704
-0.179753
-2.627926
0.293392
0.502839
-0.410921
0.032578
0.007345
0.023366
-0.162664
1.315565
1.183896
-3.767060
0.014531
-0.063521
0.005099
0.804854
-0.543038
-0.622161
0.289034
-0.098158
-0.030542
0.027405
0.001747
-0.600738
-0.304185
-0.550287
-0.173386
-0.062742
0.007002
-0.065764
1.563790
-0.120075
0.027899
1.343064
0.088066
-0.821421
0.200857
-0.578248
-0.070335
0.152935
0.152901
-0.634057
-4.220507
-0.308275
0.007888
-0.054799
0.036137
-1.340755
-0.062500
-0.002543
0.565688
-0.211339
-0.151906
-0.060993
0.018927
0.003822
0.036197
-0.029970
0.055519
-0.279051
0.004607
0.002623
-0.253686
-0.763527
0.012072
3.235136
1.172392
-0.000045
-2.217797
0.006341
2.122055
-0.117914
0.261013
0.005410
0.132824
0.521199
-0.054049
0.119266
0.007210
-0.468055
-0.119104
0.261503
-0.049755
-3.922624
0.135032
0.191801
-1.648003
-1.229586
-0.001450
0.003922
0.126173
-0.011014
-3.739167
-2.673956
0.016117
0.033566
-0.729702
0.006270
-0.513746
-1.946495
-1.188926
0.009493
0.408058
-0.049531
1.221401
-2.289808
-0.887301
0.060007
0.135693
0.465427
0.006387
0.201212
0.010059
-1.245072
-0.236450
0.226730
0.011861
0.404457
0.004273
0.006433
0.850864
0.028934
-0.551961
0.038418
0.018381
0.003449
0.221028
-0.498098
0.006002
1.265611
0.013223
0.112679
0.001632
0.006549
0.009693
0.033978
-1.135497
0.006155
0.148530
0.000019
2.433060
1.437420
0.000651
0.026270
-0.012181
0.213100
0.454481
0.009128
1.432720
-0.209110
0.932994
-1.589802
2.348083
-0.006603
0.392151
1.810626
0.019445
0.000132
-3.068349
-1.648425
-0.829751
2.934800
0.007993
0.096049
0.005935
0.165325
0.007347
-1.311433
-1.928134
-0.228799
-0.459546
-0.537917
0.551974
0.095148
0.006606
-0.178172
-1.267452
0.119425
-0.284505
3.843208
-0.002106
0.050008
0.120228
3.211599
0.023591
0.135876
0.007153
0.009979
0.029901
0.884102
-1.696380
-0.258135
-0.002665
0.580702
0.412233
0.062591
-0.099482
-0.012359
-0.100453
0.030877
2.748137
-0.503216
0.022454
0.171794
0.009653
0.185112
0.847849
-1.515628
0.001738
0.085249
0.240440
-0.661576
0.136185
0.014503
0.060242
-0.628416
0.017932
-0.020520
1.448279
0.003570
-0.124546
3.399036
0.001882
0.002433
0.653641
-0.314900
-0.258307
-0.205053
0.575764
0.230050
-0.034651
0.596889
-1.744632
-0.283196
-0.036138
-0.686246
-0.003979
-0.555873
-0.082918
-1.974190
-0.600296
0.092029
1.061531
0.006411
0.902796
0.087412
-0.403457
0.001203
0.048075
-1.191657
-0.272968
0.412300
-0.020755
0.002256
0.002317
0.331326
0.062075
-0.049888
-0.083603
0.006086
-0.386610
-0.004710
0.007419
-0.116842
4.222314
-0.277133
0.007749
0.319061
-1.619753
0.194307
0.003145
0.471958
0.003044
0.003845
0.009329
0.254186
-0.536900
0.006400
-0.798164
0.020278
-0.034358
0.046981
0.807451
0.243133
-2.184054
0.046368
-0.050805
0.008744
-1.194521
-0.105159
-0.584578
-0.421773
1.034325
-0.050097
0.063055
0.019182
0.551808
-2.185291
0.052283
0.009333
0.897692
-1.602886
0.851106
-0.016950
0.010105
0.013841
-0.576500
0.005996
-0.591290
-0.045210
0.028657
0.444630
-1.104313
0.156825
0.060959
-0.226955
0.019554
0.173140
0.724844
0.549653
0.008342
0.125411
0.044865
0.007675
0.006702
0.980306
0.369829
0.010464
-1.207899
0.005986
0.008895
0.234492
0.155498
-0.696946
-0.158247
-0.025939
-1.047524
0.083376
0.006483
-0.136733
0.010698
-0.997003
3.725896
-0.674172
0.785222
-0.128661
1.643113
-0.872744
1.590021
0.057207
-0.209433
-0.097123
-0.134580
0.209984
0.005076
-1.114552
-0.299000
0.005567
0.017191
-0.039561
-2.154941
0.594805
0.908850
1.679622
-0.482252
0.012008
-0.008573
-0.007858
-1.662545
-1.080989
0.096158
0.094237
-0.012476
-0.123348
0.830809
-0.013826
0.006495
1.905491
0.594642
-0.225994
0.007718
0.147158
0.009620
0.024684
0.014680
-3.193747
-2.684816
4.437993
0.230484
0.028398
0.162939
0.304959
-0.641428
0.422849
-0.142122
0.007638
-1.010280
0.180529
0.006442
1.865457
0.463516
0.006431
-0.040617
0.532263
0.007832
-0.969052
-2.330268
0.853408
0.000563
-0.000054
0.008604
-0.715136
-0.183676
0.269213
2.780845
1.696808
-0.002808
-1.931346
0.020133
-2.970974
-0.028695
-0.598949
-1.287825
0.097360
0.123946
0.038550
0.199954
-0.215816
0.004155
0.006182
0.088177
-2.620476
-0.238798
0.062850
-0.008011
0.569585
-0.142201
0.004732
-0.542205
0.008050
-0.109539
-1.291733
0.006292
1.372959
0.525661
0.013164
0.194583
0.021748
0.201942
1.425662
-0.008265
-0.014289
-0.115988
0.786592
-1.217834
-0.152396
-1.496357
0.003434
2.016659
0.737846
-0.799534
0.008096
2.727853
0.512600
0.170766
0.287026
0.286871
0.008303
-1.571440
1.061773
-1.483685
-0.579736
-0.210440
-2.147037
-1.153738
0.028004
-0.000497
-0.015439
-0.490855
-0.060737
2.618379
-1.713605
-0.055361
-1.149366
2.766691
0.301418
0.153321
-0.003574
0.385753
0.042753
1.972920
1.033165
-0.007094
0.006242
0.004600
0.003135
0.009793
0.908262
0.004631
0.007775
-0.624153
0.051955
0.007097
0.481930
0.447849
-0.850367
0.005997
-0.094258
0.228619
0.256378
0.121063
0.117394
0.008753
0.069679
-0.004673
0.232649
0.005476
0.008371
-0.158456
0.329338
1.039652
0.683918
0.533129
0.022320
-0.819757
-2.221287
-0.019490
0.007524
0.479594
-0.214594
0.011678
-0.541022
1.947196
-0.009860
0.013852
0.008708
0.004867
-2.715074
0.477126
0.007323
0.006388
0.006844
0.007885
-0.076396
5.454424
-0.009974
-0.133905
1.510021
0.024234
0.013707
0.248238
-0.116234
0.017816
0.012955
1.542545
0.141048
0.004410
-0.016910
-0.002435
0.535256
0.006700
0.052436
4.089048
-0.001807
4.874511
-0.058440
0.016491
-0.207578
0.462981
-0.107701
-0.010187
0.039345
0.526393
-0.318890
-0.002904
0.014392
-0.027623
-0.684601
0.009378
0.160399
0.037108
-0.380631
2.895257
0.128795
0.019804
0.005952
0.225715
0.006000
-0.292219
-1.007012
-0.011210
0.005152
-0.134259
0.361344
-0.022513
-0.451756
0.524505
0.058584
-0.591673
0.006012
1.080768
-0.300375
0.048883
1.257141
-0.530250
0.012318
0.025146
0.715148
-3.314817
0.179723
0.489087
0.004839
0.349625
0.011130
0.021437
-0.038894
0.391458
-0.034901
0.999671
0.209313
0.726551
-0.141884
0.370241
-0.003327
0.004206
2.912525
-0.604802
-0.080734
0.100123
-3.303930
-2.397140
0.002058
-1.023197
-0.735900
-0.133891
0.461827
-0.793641
0.005284
0.021587
-0.354592
-0.660755
-0.010857
0.002297
0.006062
-0.757538
0.083027
-1.950163
0.096474
0.269562
0.007872
0.006700
-0.547926
0.001835
1.224054
0.969967
-3.745463
0.067073
-0.208671
2.518534
-0.507044
2.105014
0.029786
0.006789
0.019050
0.011545
0.030347
0.161608
0.014956
0.859302
0.322934
0.007555
-0.085662
0.003050
-0.020570
0.000514
-0.038015
-0.744656
0.147391
-0.586211
-0.902756
0.005936
0.007467
-0.600932
0.367891
-0.001241
0.013419
-0.152606
-1.337592
2.836709
0.010877
0.005909
-0.237538
-0.011633
-0.051184
0.007205
-0.585637
0.296500
-0.705308
0.009641
0.014957
-2.957440
0.296214
-0.000236
-0.844538
-0.546130
0.005873
0.309317
0.624013
-0.861921
-1.131724
-0.338264
-0.369217
0.103823
-2.205757
-1.712265
0.510430
3.758667
4.065657
-0.057534
-0.177238
-0.010293
-0.193786
0.285870
0.006439
-1.974331
0.004988
0.083553
-2.527178
-3.293569
-0.941191
0.006019
0.229604
0.012989
0.009717
0.008033
0.278412
0.221229
-0.437930
-0.519158
-0.251670
-2.628727
-0.012485
2.242209
3.976503
0.006582
0.053550
-0.036533
0.014286
-0.804600
0.062621
0.435616
-1.144602
-0.035687
-2.988785
-1.344095
-0.075138
-1.130564
-1.767377
0.016559
3.491138
0.007364
0.007742
0.106642
0.121260
0.015489
-0.044972
-0.176887
0.325023
-0.941038
0.009938
0.641798
0.506875
0.009463
0.188559
2.564997
-2.359806
-0.130842
-0.145106
-0.087428
-0.007515
0.644773
0.007070
-0.001977
0.153986
0.996022
2.871100
1.697942
-0.040492
1.581190
-0.281859
-0.003013
0.049898
-0.772974
0.034986
0.699192
1.053377
0.009895
0.003681
-0.141582
1.943646
0.019119
-0.920975
1.260580
0.031839
0.024564
0.632091
-0.010580
-0.011014
-0.454600
0.049100
0.006020
6.857672
0.072017
0.037032
1.268171
-0.393922
-1.784283
0.672224
0.028041
0.153106
-0.530769
1.148675
-0.216724
0.554454
-0.166134
-0.180154
0.005090
-0.063811
0.011179
-0.181553
0.986760
2.238600
0.002942
-0.304984
-0.044253
0.001072
-0.597677
-0.028485
0.404813
0.005488
0.009322
0.087279
-0.376574
-0.019313
1.093685
0.234679
-0.023928
1.386916
-0.000229
0.562932
0.010351
-1.146560
1.442591
-0.243525
-2.308222
-2.669533
1.320049
0.190485
0.139356
-0.013710
0.922934
0.446788
-1.127386
-0.885085
0.948618
4.538903
0.181880
0.011546
-0.224680
-1.896707
0.081277
0.014886
-0.290135
-0.356996
1.056047
0.628291
0.139903
0.655821
0.004752
2.736727
-0.091730
-0.071615
0.022299
-0.552458
0.635641
-0.005130
0.503717
-0.762056
0.005897
0.110298
0.003226
1.189119
-0.545111
0.009193
-1.338877
0.016050
-0.089805
0.083935
0.107125
0.565375
4.312605
0.164411
-1.246602
0.006398
0.013464
-0.073773
-0.150291
-0.745156
0.379645
0.107343
0.145019
0.006025
-0.207615
-0.365064
0.002076
0.011066
0.059749
-1.636961
0.058452
-0.701296
0.120967
0.005780
-1.132196
-1.363236
1.091682
-2.441635
-0.079235
-0.582879
-0.149587
0.004779
-0.311324
-0.343103
-0.076552
0.480433
-0.055142
-0.048752
0.059798
0.156474
0.103729
0.038726
-0.001093
-0.034861
-0.600764
0.536910
-1.416695
0.007778
0.073185
-0.104626
0.001803
-0.096882
-1.022825
0.001490
4.278437
0.114266
0.677660
-0.113905
-0.271969
-1.657450
-1.628390
0.139642
-0.005189
0.011233
-0.119980
1.781813
-0.518402
0.004231
-0.063344
0.030459
0.289325
3.749219
0.525725
0.008770
-0.384583
0.802305
0.007851
0.391501
0.175206
0.017315
0.003696
-0.655948
-1.139050
-1.191791
0.880108
0.004705
0.054822
-0.032575
4.966517
-0.008807
0.346760
-0.002154
0.001870
-0.097665
0.850698
-1.117211
1.452775
-0.014762
-0.122479
0.083963
1.746438
0.009705
-0.144580
0.087764
-0.597070
-0.283206
-0.392574
-2.637819
0.000678
0.001753
-0.004226
0.144650
-0.251393
0.006138
0.101725
2.017761
1.110498
-0.008229
-1.191883
-0.057617
-0.220774
0.018018
0.006660
-2.514908
-1.304827
0.008041
0.004331
-1.209292
0.242487
-2.399941
-0.087961
-0.069069
0.004809
0.028295
0.362755
-1.010181
0.121906
1.036154
0.562129
0.705701
-0.054863
0.011320
0.593981
-0.346765
-0.220935
4.734682
0.102064
-0.601334
4.366739
-0.358728
0.394465
-0.529188
0.007566
-0.148144
0.006287
0.050323
-1.064556
-0.120189
0.013943
-0.948515
0.009919
0.007575
0.004008
-0.345551
-0.907928
-0.019678
-0.487922
-0.160061
-0.013653
-1.345361
-2.843611
-1.768268
-1.695173
0.125729
0.003690
1.549201
-0.021875
0.003445
-3.515731
0.168325
0.271929
0.230903
-0.000156
-0.657755
-0.547513
0.005584
-0.094438
-0.031090
-0.224665
1.315692
-0.007650
0.006616
1.064726
1.969384
1.322108
-0.059225
0.008500
0.874083
-0.060214
0.085362
0.078243
0.008761
2.262932
0.005388
0.162921
-0.690709
0.011675
-0.278154
0.013259
-0.637019
0.029809
-0.013083
-1.159578
0.457473
0.037522
0.834784
0.821628
-0.618118
-0.278719
0.007353
0.161916
-0.002364
0.103713
0.214623
-0.021557
-0.328560
-2.673554
-1.585128
0.007479
-0.002096
-0.002958
0.412580
0.068235
-2.135228
0.687412
0.822131
0.059173
-1.334671
0.050208
0.005566
-0.363369
0.077223
-0.095892
0.560463
-1.804901
-0.037489
2.109288
-0.219992
1.372816
-4.115173
1.784826
0.002581
0.036728
-0.099687
0.010843
0.851724
0.009691
-0.352825
-0.022167
0.054916
-0.100406
-0.173684
-0.208596
-0.062573
-0.126832
-0.050248
1.528163
1.914834
-1.196315
-2.808397
0.541882
-0.004140
-0.007254
0.045756
0.004779
0.984553
1.320514
-0.144679
-0.207931
-0.068568
0.005941
0.028400
0.003967
0.146170
0.709960
0.015778
-0.888302
-3.622300
-2.559294
0.007761
-3.106799
0.269320
-4.244336
0.596505
-0.241236
-0.352959
0.007890
0.003364
0.006287
-0.001648
0.004741
1.296201
0.031064
0.003751
-0.464212
-1.024196
-1.108155
0.017092
-0.071241
0.006652
0.272695
1.564069
0.003667
-3.025447
-0.571235
0.091528
-0.285613
-0.596628
-0.008886
-0.002638
0.053421
-0.013144
-0.020301
2.234925
-0.008418
-0.020572
-0.253256
1.595385
-0.266664
0.152314
-0.021761
0.025756
2.009702
0.011656
2.372594
0.006427
1.518611
1.174646
0.020540
0.016028
0.009466
-2.446820
-0.237432
5.291020
-0.253029
-0.004390
0.007967
-0.135776
-0.088058
-0.011272
-0.199883
-2.157076
0.009086
-0.630777
0.006581
-0.541801
1.544345
0.774790
-0.053079
0.072579
0.009928
-0.101325
-0.556340
0.018247
0.129420
-0.455123
0.007506
-0.001506
0.043940
-0.067585
-0.132571
0.026702
0.007558
-1.124943
0.184651
0.007312
0.009880
-2.161395
0.044636
0.341515
-0.542521
0.331097
-0.011834
-0.017244
3.505067
0.110749
-0.721676
-0.720786
-0.991527
0.000387
0.058935
0.005891
1.723779
-0.545925
-0.000815
-0.135459
0.869562
0.349316
0.011015
1.181219
0.005681
0.013119
0.053785
0.393019
-0.425288
0.007426
-0.119229
0.147205
0.002212
-0.039562
-0.194049
-0.485956
0.006273
-0.630578
-0.076773
-0.139069
-0.001351
-2.539140
0.097780
-0.567053
-0.394116
-0.000342
0.036537
-1.474018
0.119694
0.818706
-0.457856
-0.167252
0.154740
0.001142
0.021426
0.008213
-0.011778
-1.660912
0.047515
0.025417
-0.004557
-0.002365
-0.305031
-1.823927
-0.555987
0.050462
0.004520
-1.533298
-0.022034
-0.041331
0.864589
0.992013
0.273817
0.010740
-1.968272
-1.337764
0.051434
0.009900
-3.261194
2.611462
0.023672
0.471709
0.006854
1.534640
-0.107717
0.003573
1.338550
0.223340
0.079474
-0.647408
0.006445
-2.314778
1.211575
0.007454
0.085531
0.375121
-0.089067
-0.188817
-1.449096
-1.314647
0.005806
0.018355
0.003205
0.009650
0.419510
-1.490293
0.664080
0.001765
0.501226
-2.596254
0.973058
-0.535640
0.022581
0.004511
0.168900
-0.217290
0.050069
0.421659
-2.648693
0.459996
0.011700
-0.113179
0.225855
-1.922724
-0.154715
0.006278
0.012544
-0.108426
-0.499070
-1.942788
-0.023281
-0.815582
-0.806065
0.044406
0.889116
0.059452
0.011789
0.069038
4.417348
0.007485
0.000950
0.301940
0.023552
-1.586143
-0.055432
-0.199490
-0.127331
0.200028
0.130957
-1.030472
1.611625
-1.005463
-0.033594
0.016772
-0.001347
0.007169
0.043276
1.318515
0.007148
0.000100
-0.023038
0.102844
0.186866
-0.076646
0.020630
0.006566
1.962088
1.132233
-1.269902
0.007053
-0.392747
0.539955
-0.923492
0.357246
-0.183686
-0.297631
-0.170634
-0.169009
0.073882
-0.056492
-2.440018
1.370342
0.430253
0.112623
0.007380
-0.002702
0.005478
0.529848
0.016570
0.441469
-0.046810
0.020737
0.010223
-0.283735
0.403382
0.602956
-0.215601
0.050770
0.004649
-0.392820
0.044504
-0.002441
1.717952
0.332572
0.020975
0.020710
1.215743
0.006197
0.180086
1.527357
3.099881
-1.723363
-0.016237
0.019752
1.421341
-1.310467
-0.010879
0.005064
-3.321240
0.006027
0.004821
0.110259
0.008431
0.130619
0.093444
-1.203437
0.009933
0.007597
-0.063707
0.106028
0.023869
1.282269
-0.091688
0.183718
-0.614081
3.582582
0.040268
0.064225
-0.615892
-2.568821
1.515452
-0.013966
-0.969230
-0.727291
-0.003444
-3.653563
-0.292693
0.135477
0.732580
0.006566
-0.195010
0.546201
0.001811
0.044679
1.121661
0.053222
-1.091344
0.692561
0.371612
-0.055468
0.011990
0.007904
0.003747
-1.272052
0.011933
2.573396
0.013557
3.412616
0.051013
-0.007298
-0.975726
0.119899
-0.428658
0.029490
-0.005132
0.015611
-0.425346
0.008532
0.201875
-0.010603
2.484664
0.099021
-0.328967
0.005266
0.002386
0.296078
-0.174132
0.608907
-0.246139
-0.053778
0.576336
1.866155
0.065371
-0.084928
0.177077
0.016472
0.186756
2.456071
0.013334
0.006134
-0.467449
-0.004858
0.257700
0.025003
0.218557
0.007410
-0.378433
1.779443
0.193053
0.958170
-1.156344
-1.647677
-0.034218
0.395131
-0.332773
0.012904
-1.011481
0.413356
0.014258
-0.025960
0.001971
0.763707
0.004570
-0.005187
-0.125518
0.004494
0.621241
-3.569802
0.010202
0.316303
1.955694
-0.020705
0.005438
0.005849
-0.077143
-0.514166
0.009545
3.656882
-0.103660
-0.058983
2.216637
-1.310395
-0.044486
-1.273690
-1.010935
0.568110
-1.130116
-1.491003
-1.463915
0.001867
-0.028817
-0.011241
-0.000329
0.009839
0.011891
2.077353
0.064443
0.010269
1.083882
-0.134711
-0.138341
0.005557
0.080349
0.015177
0.047049
-1.608514
-0.158673
2.628474
0.429423
0.174023
-0.000161
0.102039
-0.660520
0.745400
0.006991
-1.308612
0.010001
0.011179
-0.091703
-1.012227
0.023856
-0.023948
0.004062
-1.014345
0.004622
0.193064
-0.724184
0.004480
0.258285
0.630548
0.407428
1.501730
-0.033778
0.019047
0.271039
0.012783
0.002070
-0.303454
-1.128474
-0.314768
0.106363
-0.195629
-0.092904
0.048020
0.193542
-0.015278
-1.494309
-0.043939
-0.009002
-0.703307
0.236202
0.421498
0.273798
0.029327
-0.188511
0.039981
-0.289769
0.185449
-0.369096
0.060676
-0.384000
-0.198962
-0.139054
0.249928
-0.843018
-0.034118
0.769367
1.103368
2.236947
0.204267
0.118171
0.113510
0.023824
3.406543
-0.284878
0.270115
-0.004068
-0.045404
0.038540
0.069233
0.010946
-0.023919
0.090686
-0.554471
-0.042268
-0.092629
0.554375
0.007511
0.009432
3.849591
-0.781469
-0.269460
0.009787
0.005811
-1.167818
0.025883
0.943898
0.507947
-0.019807
-1.440829
0.017804
1.036735
-1.828090
0.210277
0.010775
0.006189
0.004741
-0.997442
0.268122
5.041064
0.347516
3.996689
-1.442705
-1.439247
-0.709564
2.494163
-0.005625
0.006794
0.021454
0.865148
0.288690
-1.370695
1.546289
0.026883
-0.014073
0.008500
-0.010769
-2.053729
1.544895
-0.021087
-0.330543
0.001157
-0.028261
0.285975
-0.533303
-1.311957
2.942691
0.050545
0.008480
-0.131004
0.007324
-0.160997
0.004025
0.000987
-0.098395
0.002810
0.220736
-0.432196
1.093361
1.702245
-0.051667
0.001764
-0.002643
0.294741
0.003435
-1.065424
-0.051792
-0.226084
-0.353845
1.473647
-4.037026
0.008073
0.004221
-0.588829
0.006777
0.010848
-0.046448
0.010344
0.019823
1.067005
-0.078085
0.008962
0.007054
0.069845
0.011820
-0.061888
3.915738
-0.488449
-0.644068
-0.013184
0.432468
-0.040754
0.052868
0.011549
0.005354
-0.595709
0.184040
0.875721
0.006500
0.037581
0.005602
-0.270298
0.007277
0.098516
-0.025167
2.990206
-0.001627
-0.216647
0.149329
-0.019561
-0.125622
0.005593
0.231259
-0.222974
-0.011853
-0.545001
0.008195
-1.744033
-0.998784
-0.297743
-3.656922
