-2.212184000000000150e+00
-2.117027999999999910e+00
-2.020535999999999888e+00
-1.923121000000000080e+00
-1.825180000000000025e+00
-1.727090000000000014e+00
-1.629210000000000047e+00
-1.531881000000000048e+00
-1.435422999999999893e+00
-1.340135000000000076e+00
-1.246296999999999988e+00
-1.154165000000000108e+00
-1.063976000000000033e+00
-9.759440000000000337e-01
-8.902609999999999690e-01
-8.070969999999999533e-01
-7.266029999999999989e-01
-6.489059999999999828e-01
-5.741150000000000420e-01
-5.023189999999999600e-01
-4.335849999999999982e-01
-3.679669999999999885e-01
-3.054979999999999918e-01
-2.461959999999999982e-01
-1.900650000000000117e-01
-1.370939999999999936e-01
-8.725800000000000223e-02
-4.052300000000000346e-02
3.158000000000000217e-03
4.384099999999999803e-02
8.158899999999999486e-02
1.164759999999999962e-01
1.485789999999999889e-01
1.779840000000000033e-01
2.047779999999999878e-01
2.290550000000000086e-01
2.509109999999999951e-01
2.704449999999999910e-01
2.877569999999999850e-01
3.029490000000000238e-01
3.161240000000000161e-01
3.273849999999999816e-01
3.368329999999999935e-01
3.445699999999999874e-01
3.506969999999999810e-01
3.553120000000000167e-01
3.585139999999999993e-01
3.603970000000000229e-01
3.610550000000000148e-01
3.590550000000000130e-01
3.565710000000000268e-01
3.532089999999999952e-01
3.490480000000000249e-01
3.441649999999999987e-01
3.386330000000000173e-01
3.325230000000000130e-01
3.259009999999999962e-01
3.188329999999999775e-01
3.113779999999999881e-01
3.035939999999999750e-01
2.955369999999999941e-01
2.872560000000000113e-01
2.787999999999999923e-01
2.702149999999999830e-01
2.615430000000000255e-01
2.528230000000000199e-01
2.440920000000000034e-01
2.353820000000000079e-01
2.267260000000000109e-01
2.181520000000000126e-01
2.096850000000000103e-01
2.013490000000000002e-01
1.931650000000000034e-01
1.851520000000000110e-01
1.773270000000000124e-01
1.697039999999999937e-01
1.622949999999999948e-01
1.551130000000000009e-01
1.481659999999999922e-01
1.414610000000000034e-01
1.350040000000000129e-01
1.287999999999999978e-01
1.228520000000000029e-01
1.171610000000000013e-01
1.117289999999999950e-01
1.065539999999999959e-01
1.016350000000000031e-01
9.697000000000000064e-02
9.255599999999999938e-02
8.838699999999999335e-02
8.446099999999999441e-02
8.076999999999999458e-02
7.731000000000000372e-02
7.407299999999999995e-02
7.105400000000000604e-02
6.824500000000000011e-02
6.563800000000000190e-02
6.322500000000000342e-02
5.111000000000000265e-02
4.996199999999999947e-02
4.893600000000000033e-02
4.802300000000000318e-02
4.650599999999999873e-02
4.588699999999999724e-02
4.535200000000000342e-02
4.489300000000000235e-02
4.450400000000000189e-02
4.417800000000000199e-02
4.390899999999999664e-02
4.369100000000000067e-02
4.351900000000000213e-02
4.237599999999999700e-02
4.218700000000000228e-02
4.198000000000000342e-02
4.175500000000000045e-02
4.151099999999999929e-02
4.036700000000000010e-02
4.004100000000000020e-02
3.969999999999999918e-02
3.934499999999999803e-02
3.897699999999999776e-02
3.859599999999999836e-02
3.820300000000000085e-02
3.695999999999999980e-02
3.652799999999999797e-02
3.608700000000000102e-02
3.563999999999999807e-02
3.518600000000000200e-02
3.472700000000000092e-02
3.426300000000000179e-02
3.379599999999999965e-02
3.237799999999999706e-02
3.190300000000000080e-02
3.142699999999999660e-02
3.095200000000000035e-02
3.047800000000000162e-02
3.000600000000000142e-02
2.953599999999999975e-02
2.906900000000000109e-02
2.768899999999999834e-02
2.723899999999999932e-02
2.679300000000000084e-02
2.635300000000000142e-02
2.591900000000000107e-02
2.549099999999999977e-02
2.506999999999999854e-02
2.465600000000000083e-02
2.345600000000000115e-02
2.307199999999999876e-02
2.269499999999999990e-02
2.232699999999999962e-02
2.196599999999999941e-02
2.161400000000000127e-02
2.127000000000000071e-02
2.093400000000000122e-02
1.967599999999999905e-02
1.938300000000000092e-02
1.909800000000000039e-02
1.882100000000000092e-02
1.855199999999999905e-02
1.829199999999999923e-02
1.804000000000000048e-02
1.689600000000000130e-02
1.668999999999999997e-02
1.649199999999999972e-02
1.629999999999999852e-02
1.611599999999999838e-02
1.593800000000000078e-02
1.487499999999999933e-02
1.474699999999999969e-02
1.462399999999999985e-02
1.450700000000000080e-02
1.346499999999999954e-02
1.340500000000000025e-02
1.334800000000000049e-02
1.329400000000000026e-02
1.324400000000000056e-02
1.319599999999999940e-02
1.315200000000000050e-02
1.311099999999999939e-02
1.307200000000000029e-02
3.089790000000000036e-01
-4.392800000000000177e-02
-3.746459999999999790e-01
-6.831380000000000230e-01
-9.694899999999999629e-01
-1.233891000000000071e+00
-1.476617999999999986e+00
-1.698018000000000027e+00
-1.898497000000000101e+00
-2.078510000000000080e+00
-2.238553000000000015e+00
-2.379151999999999934e+00
-2.500861000000000001e+00
-2.604260000000000019e+00
-2.689944000000000113e+00
-2.758529999999999927e+00
-2.810648000000000035e+00
-2.846944000000000141e+00
-2.868078999999999823e+00
-2.874730000000000008e+00
-2.867585000000000051e+00
-2.847348000000000212e+00
-2.814737000000000045e+00
-2.770481999999999889e+00
-2.715326000000000128e+00
-2.650021999999999878e+00
-2.575333000000000094e+00
-2.492026000000000074e+00
-2.400875999999999788e+00
-2.302655999999999814e+00
-2.198138000000000147e+00
-2.088086000000000109e+00
-1.973255999999999899e+00
-1.854390999999999901e+00
-1.732213000000000003e+00
-1.607425000000000104e+00
-1.480703000000000102e+00
-1.352694999999999981e+00
-1.224016999999999911e+00
-1.095248999999999917e+00
-9.669339999999999602e-01
-8.395789999999999642e-01
-7.136460000000000026e-01
-5.895610000000000017e-01
-4.677049999999999819e-01
-3.484200000000000075e-01
-2.320069999999999910e-01
-1.187280000000000002e-01
-8.805999999999999592e-03
9.757000000000000395e-02
2.002480000000000093e-01
2.991050000000000098e-01
3.940500000000000114e-01
4.850169999999999759e-01
5.719670000000000032e-01
6.548810000000000464e-01
7.337630000000000541e-01
8.086309999999999887e-01
8.795220000000000260e-01
9.464839999999999920e-01
1.009576999999999947e+00
1.068870999999999905e+00
1.124443000000000081e+00
1.176377000000000006e+00
1.224763999999999964e+00
1.269697000000000076e+00
1.311271000000000075e+00
1.349585999999999952e+00
1.384743000000000057e+00
1.416841000000000017e+00
1.445982000000000101e+00
1.472267999999999910e+00
1.495797000000000043e+00
1.516672000000000020e+00
1.534988999999999937e+00
1.550845999999999947e+00
1.564340000000000064e+00
1.575566000000000022e+00
1.584616000000000025e+00
1.591584000000000110e+00
1.596559999999999979e+00
1.599631999999999943e+00
1.600888000000000089e+00
1.600416000000000061e+00
1.598298999999999914e+00
1.594621999999999984e+00
1.589466999999999963e+00
1.582913999999999932e+00
1.575042999999999971e+00
1.565932000000000102e+00
1.555657000000000068e+00
1.544294999999999973e+00
1.531919000000000031e+00
1.518601000000000090e+00
1.504413000000000000e+00
1.489422999999999941e+00
1.473699000000000092e+00
1.457308000000000048e+00
1.440312999999999954e+00
1.422778000000000098e+00
1.404762999999999984e+00
1.386325999999999947e+00
1.367523999999999962e+00
1.348413000000000084e+00
1.329043999999999892e+00
1.309468999999999994e+00
1.289735000000000076e+00
1.269889000000000046e+00
1.249975000000000058e+00
1.230034000000000072e+00
1.210104999999999986e+00
1.190225000000000088e+00
1.170430000000000081e+00
1.150751000000000079e+00
1.131218000000000057e+00
1.111858999999999931e+00
1.092700000000000005e+00
1.073763000000000023e+00
1.055069999999999952e+00
1.036640000000000006e+00
1.018488999999999978e+00
1.000633000000000106e+00
9.830839999999999579e-01
9.658520000000000438e-01
9.489480000000000137e-01
9.323770000000000113e-01
9.161470000000000447e-01
9.002609999999999779e-01
8.847209999999999797e-01
8.695289999999999964e-01
8.546850000000000280e-01
8.401859999999999884e-01
8.260309999999999597e-01
8.122150000000000203e-01
7.987340000000000551e-01
7.855830000000000313e-01
7.727549999999999697e-01
7.602419999999999733e-01
7.480379999999999807e-01
7.361330000000000373e-01
7.245200000000000529e-01
-3.488462999999999870e+00
-3.373915999999999915e+00
-3.251243999999999801e+00
-3.121312999999999782e+00
-2.984974999999999934e+00
-2.843071000000000126e+00
-2.696429000000000187e+00
-2.545862000000000069e+00
-2.392166000000000015e+00
-2.236117000000000132e+00
-2.078466000000000147e+00
-1.919939000000000062e+00
-1.761230000000000073e+00
1.405620000000000092e+00
7.733430000000000026e-01
7.506540000000000434e-01
7.283730000000000482e-01
7.065209999999999546e-01
6.851150000000000295e-01
6.641709999999999559e-01
6.437030000000000252e-01
6.237190000000000234e-01
6.042290000000000161e-01
5.852370000000000072e-01
5.667470000000000008e-01
5.487589999999999968e-01
5.312729999999999952e-01
5.142870000000000497e-01
4.977960000000000163e-01
4.817949999999999733e-01
4.662769999999999970e-01
-4.481175999999999604e+00
-4.480719999999999814e+00
-4.480731999999999715e+00
-4.482160000000000366e+00
-4.483572999999999809e+00
-4.485452999999999690e+00
-4.487798999999999872e+00
-4.490611000000000352e+00
-4.493889000000000244e+00
-4.497632000000000296e+00
-4.501839000000000368e+00
-4.506507000000000041e+00
-4.511631999999999643e+00
-4.368144000000000027e+00
-3.987178999999999807e+00
-3.609433999999999809e+00
-3.236556999999999906e+00
-2.870166999999999913e+00
-2.511817999999999884e+00
-2.162974000000000174e+00
-1.824980000000000047e+00
-1.499041999999999986e+00
-1.186215000000000019e+00
-8.873879999999999546e-01
-6.032800000000000384e-01
-3.344429999999999903e-01
-8.125999999999999890e-02
1.560410000000000130e-01
3.773790000000000200e-01
5.828090000000000215e-01
7.725030000000000507e-01
9.467379999999999685e-01
1.105876000000000081e+00
1.250355000000000105e+00
1.380668999999999924e+00
1.497355999999999909e+00
1.600988000000000078e+00
1.692153999999999936e+00
1.771460000000000035e+00
1.839514000000000093e+00
1.896919000000000022e+00
1.944274999999999975e+00
1.982167999999999930e+00
2.011169000000000207e+00
2.031835000000000058e+00
2.044703000000000159e+00
2.050291999999999781e+00
2.049103000000000119e+00
2.041618000000000155e+00
2.028299000000000074e+00
2.009593999999999880e+00
1.985929999999999973e+00
1.957718999999999987e+00
1.925359000000000043e+00
1.889229999999999965e+00
1.849699999999999900e+00
1.807120999999999977e+00
1.761832999999999982e+00
1.714163000000000103e+00
1.664423999999999904e+00
1.612916999999999934e+00
1.559930000000000039e+00
1.505740000000000078e+00
1.450609999999999955e+00
1.394789999999999974e+00
1.338521000000000072e+00
1.282026000000000110e+00
1.225521000000000083e+00
1.169205000000000050e+00
1.113266000000000089e+00
1.057879999999999932e+00
1.003209000000000017e+00
9.494010000000000504e-01
8.965959999999999486e-01
8.449160000000000004e-01
7.944759999999999600e-01
7.453739999999999810e-01
6.976999999999999869e-01
6.515300000000000535e-01
6.069320000000000270e-01
5.639610000000000456e-01
5.226610000000000422e-01
4.830699999999999994e-01
4.452119999999999966e-01
4.091049999999999964e-01
3.747590000000000088e-01
3.421759999999999802e-01
3.113480000000000136e-01
2.822649999999999881e-01
4.490052000000000376e+00
4.490976999999999997e+00
4.492416000000000409e+00
4.494366000000000305e+00
4.496826000000000434e+00
4.499792000000000236e+00
4.503260000000000041e+00
4.507226000000000177e+00
4.511682000000000414e+00
4.516619999999999635e+00
4.522026000000000323e+00
4.527885000000000382e+00
4.278342000000000311e+00
3.807601000000000013e+00
3.345896000000000203e+00
2.895058000000000131e+00
2.456831999999999905e+00
2.032828999999999997e+00
1.624497999999999998e+00
1.233098999999999945e+00
8.596869999999999790e-01
5.050989999999999647e-01
1.699539999999999940e-01
-1.453399999999999970e-01
-4.405780000000000252e-01
-7.157400000000000428e-01
-9.709740000000000038e-01
-1.206574000000000035e+00
-1.422957000000000027e+00
-1.620640999999999998e+00
-1.800227000000000022e+00
-1.962371000000000087e+00
-2.107775999999999872e+00
-2.237166000000000210e+00
-2.351281000000000176e+00
-2.450861000000000178e+00
-2.536636000000000113e+00
-2.609322999999999837e+00
-2.669620999999999800e+00
-2.718201999999999785e+00
-2.755714999999999915e+00
-2.782783999999999924e+00
-2.800006000000000217e+00
-2.807955000000000201e+00
-4.557333999999999996e+00
-4.557885999999999882e+00
-4.559040000000000425e+00
-4.560787999999999620e+00
-4.563119999999999621e+00
-4.566019999999999968e+00
-4.569469999999999921e+00
-4.415964999999999918e+00
-3.853437000000000001e+00
-3.312288999999999817e+00
-2.793538999999999994e+00
-2.298128999999999866e+00
-1.826886000000000010e+00
-1.380487999999999937e+00
-9.594500000000000250e-01
-5.641059999999999963e-01
-1.946070000000000022e-01
1.490769999999999873e-01
4.671449999999999769e-01
7.599569999999999936e-01
1.028010000000000090e+00
1.271922999999999915e+00
1.492417000000000105e+00
1.690290999999999988e+00
1.866408000000000067e+00
2.021672000000000136e+00
2.157017000000000184e+00
2.273388999999999882e+00
2.371736999999999984e+00
2.453005999999999798e+00
2.518123999999999807e+00
2.568001999999999896e+00
2.603528999999999982e+00
2.625569000000000042e+00
2.634959999999999969e+00
2.119588999999999945e+00
2.034260999999999875e+00
5.818130000000000246e-01
4.917940000000000089e-01
-4.305257000000000112e+00
-3.660941999999999918e+00
-3.043676000000000048e+00
-2.454632000000000147e+00
-1.894616999999999996e+00
-1.364135000000000097e+00
-8.634319999999999773e-01
-3.925400000000000000e-01
4.869099999999999817e-02
4.605679999999999774e-01
8.435230000000000228e-01
1.198096999999999968e+00
1.524912000000000045e+00
1.824659000000000031e+00
2.098073999999999995e+00
2.345927999999999791e+00
2.569012999999999991e+00
2.768132000000000037e+00
2.944087000000000121e+00
3.097679999999999989e+00
3.229702000000000073e+00
3.340934999999999988e+00
3.432151000000000174e+00
3.504109999999999836e+00
3.557563000000000031e+00
3.593255999999999784e+00
3.601218999999999948e+00
3.573329999999999895e+00
3.531438000000000077e+00
3.476322000000000134e+00
3.408774999999999888e+00
3.329607999999999901e+00
3.239644999999999886e+00
3.139727999999999852e+00
2.521059000000000161e+00
2.379628999999999994e+00
1.630954000000000015e+00
1.478452000000000099e+00
4.588861999999999775e+00
4.589398000000000089e+00
4.590525000000000411e+00
4.592228999999999672e+00
4.594484999999999708e+00
4.597262999999999877e+00
4.600525000000000198e+00
4.604220999999999897e+00
4.608290000000000219e+00
4.612659999999999982e+00
4.617244999999999600e+00
4.077868999999999744e+00
3.184571000000000041e+00
2.340660999999999881e+00
1.546543999999999919e+00
8.022930000000000339e-01
1.076290000000000024e-01
-5.380800000000000027e-01
-1.135798000000000085e+00
-1.686778000000000111e+00
-2.192518000000000189e+00
-2.654697000000000084e+00
-3.075121999999999911e+00
-3.455668000000000184e+00
-3.798226000000000102e+00
-4.104661000000000115e+00
-4.376776000000000444e+00
-4.542583999999999733e+00
-4.535128000000000270e+00
-4.528082999999999636e+00
-4.521474999999999689e+00
-4.515320000000000000e+00
-4.509630999999999723e+00
-4.504415999999999976e+00
-4.499679000000000428e+00
-4.495422999999999725e+00
-4.491647999999999641e+00
-4.488353000000000037e+00
-4.485534999999999606e+00
-4.483192999999999984e+00
-4.479922000000000182e+00
-4.478988000000000191e+00
-4.478519000000000361e+00
-4.478513999999999662e+00
-4.478970000000000340e+00
-4.479886999999999730e+00
-4.481264000000000358e+00
-4.483101999999999698e+00
-4.485401000000000415e+00
-4.488161999999999985e+00
-4.491382999999999903e+00
-4.495065999999999562e+00
-4.499208000000000318e+00
-4.503809000000000395e+00
-4.508865000000000123e+00
-4.514369000000000298e+00
-4.520312999999999803e+00
-4.526684999999999626e+00
-4.533466999999999913e+00
-4.449881999999999671e+00
-4.005790000000000184e+00
-3.564810000000000034e+00
-3.129138999999999893e+00
-2.700899000000000161e+00
-2.282087999999999894e+00
-1.874543999999999988e+00
-1.479916999999999927e+00
-1.099637999999999893e+00
-7.349130000000000384e-01
-3.867099999999999982e-01
-5.576300000000000007e-02
2.574239999999999862e-01
5.525569999999999649e-01
8.295390000000000263e-01
1.088448000000000082e+00
1.329512000000000027e+00
1.553083999999999909e+00
1.759619999999999962e+00
1.949654999999999916e+00
2.123784000000000116e+00
2.282636000000000109e+00
2.426865999999999968e+00
2.557135000000000158e+00
2.674100999999999839e+00
2.778407000000000071e+00
2.870677000000000145e+00
2.951509999999999856e+00
3.021475999999999829e+00
3.081115000000000048e+00
3.130936999999999859e+00
3.171422000000000185e+00
3.203021000000000118e+00
3.226157999999999859e+00
3.241235000000000088e+00
3.248629999999999907e+00
3.248704000000000036e+00
3.241801999999999850e+00
3.228256000000000014e+00
3.208385999999999960e+00
3.182507999999999893e+00
3.150929999999999787e+00
3.113955999999999946e+00
3.071889999999999787e+00
3.025034999999999918e+00
2.973695000000000199e+00
2.918175000000000185e+00
2.858782999999999852e+00
2.795828999999999898e+00
2.729626000000000108e+00
2.660486999999999824e+00
2.588729999999999976e+00
2.514670000000000183e+00
2.438623000000000207e+00
2.360904000000000114e+00
2.281826000000000132e+00
2.201694999999999958e+00
2.120814999999999895e+00
2.039480999999999877e+00
1.957980999999999971e+00
1.715201999999999893e+00
1.635696999999999957e+00
1.557293000000000038e+00
1.480202000000000018e+00
1.404619999999999980e+00
-1.117521999999999904e+00
-1.008483999999999936e+00
-9.039700000000000513e-01
-8.040990000000000082e-01
4.452272999999999925e+00
3.770610000000000017e+00
3.118446000000000051e+00
2.496773000000000131e+00
1.906260000000000066e+00
1.347294999999999909e+00
8.200290000000000079e-01
3.244070000000000009e-01
-1.398040000000000116e-01
-9.756639999999999757e-01
-1.348446999999999951e+00
-1.692042999999999964e+00
-2.007217999999999947e+00
-2.294786000000000215e+00
-2.555588999999999889e+00
-2.790481999999999907e+00
-3.000326999999999966e+00
-3.488045000000000062e+00
-3.606091999999999853e+00
-3.703205000000000080e+00
-3.780151000000000039e+00
-3.837685000000000013e+00
-3.876551000000000080e+00
-3.897483999999999948e+00
-3.901219000000000214e+00
-3.888494000000000117e+00
-3.604549000000000003e+00
-3.509256999999999849e+00
-3.403083000000000080e+00
-3.286906000000000105e+00
-3.161623000000000072e+00
-2.875557000000000141e+00
-2.548794000000000004e+00
-2.235810999999999993e+00
-1.936932000000000098e+00
-1.652404999999999902e+00
-1.382406000000000024e+00
-1.127040999999999960e+00
-8.863510000000000000e-01
-6.603139999999999565e-01
-4.488500000000000267e-01
-4.639357000000000397e+00
-4.444933999999999941e+00
-3.847855000000000025e+00
-3.277162999999999826e+00
-2.733372000000000135e+00
-2.216861000000000193e+00
-1.727872999999999992e+00
2.808238999999999930e+00
2.846290000000000209e+00
2.869977000000000000e+00
2.880075999999999858e+00
2.752959000000000156e+00
2.697111000000000036e+00
2.632782999999999873e+00
2.560671000000000141e+00
-1.028421000000000030e+00
4.640868000000000215e+00
4.640916999999999959e+00
4.642290000000000028e+00
4.643561000000000050e+00
-3.781960999999999906e+00
-2.314281999999999950e+00
-2.132560999999999929e+00
-4.572610000000000063e+00
-4.571767999999999610e+00
-4.571539999999999715e+00
-4.571926000000000379e+00
-4.582747999999999600e+00
-4.586562999999999946e+00
-4.590859000000000023e+00
-4.595589999999999620e+00
-4.600702000000000069e+00
-4.606130000000000280e+00
-4.611796000000000006e+00
-3.769667999999999797e+00
-2.958282000000000078e+00
-2.190030999999999839e+00
-1.465708999999999929e+00
-7.857809999999999517e-01
-1.503539999999999877e-01
4.408279999999999976e-01
9.883640000000000203e-01
1.493162000000000100e+00
1.956396999999999942e+00
2.379455000000000098e+00
2.763876999999999917e+00
3.111310000000000020e+00
3.423453999999999997e+00
3.702014999999999834e+00
3.948675999999999853e+00
4.165061999999999820e+00
4.352718999999999561e+00
4.513106999999999758e+00
4.530475000000000030e+00
4.524396999999999558e+00
4.518794999999999895e+00
4.513685999999999865e+00
4.509081000000000117e+00
4.504990000000000272e+00
4.501415999999999862e+00
4.498364999999999725e+00
4.495836999999999861e+00
4.493833000000000411e+00
4.492352999999999597e+00
4.173493999999999815e+00
3.944513000000000158e+00
3.709267999999999788e+00
3.469018999999999853e+00
3.225045000000000162e+00
2.978623999999999938e+00
2.731025999999999954e+00
2.483492000000000033e+00
2.237220000000000208e+00
1.993357000000000046e+00
1.286594999999999933e+00
6.352130000000000276e-01
4.335240000000000204e-01
2.403420000000000001e-01
5.599500000000000310e-02
-9.571560000000000068e-01
3.605895999999999990e+00
2.876506000000000007e+00
-3.527436999999999934e+00
-3.694395999999999791e+00
4.619438999999999851e+00
4.618725999999999665e+00
4.533415999999999890e+00
4.045689000000000313e+00
3.574478000000000044e+00
3.120518000000000125e+00
2.684444000000000052e+00
4.568370999999999960e+00
4.567569999999999908e+00
4.568089999999999762e+00
-4.519148999999999639e+00
-4.536169000000000118e+00
-4.530681999999999654e+00
