2.123625999999999792e+00
1.988112000000000101e+00
1.853958999999999913e+00
1.721524999999999972e+00
1.591140999999999917e+00
1.463122999999999951e+00
1.337761999999999896e+00
1.215332999999999997e+00
1.096087999999999951e+00
9.802600000000000202e-01
8.680600000000000538e-01
7.596770000000000467e-01
6.552799999999999736e-01
5.550150000000000361e-01
4.590060000000000251e-01
3.673540000000000139e-01
2.801390000000000269e-01
1.974190000000000111e-01
1.192290000000000016e-01
4.558600000000000152e-02
-2.351400000000000018e-02
-8.809599999999999376e-02
-1.481999999999999984e-01
-2.038850000000000107e-01
-2.552240000000000064e-01
-3.023049999999999904e-01
-3.452290000000000081e-01
-3.841080000000000050e-01
-4.190659999999999941e-01
-4.502340000000000231e-01
-4.777500000000000080e-01
-5.017610000000000126e-01
-5.224159999999999915e-01
-5.398709999999999898e-01
-5.542810000000000237e-01
-5.658050000000000024e-01
-5.746040000000000036e-01
-5.808360000000000190e-01
-5.846599999999999575e-01
-5.862330000000000041e-01
-5.857099999999999529e-01
-5.832420000000000382e-01
-5.789769999999999639e-01
-5.730619999999999603e-01
-5.656360000000000277e-01
-5.568349999999999689e-01
-5.467910000000000270e-01
-5.356319999999999970e-01
-5.234779999999999989e-01
-5.104459999999999553e-01
-4.966479999999999784e-01
-4.821889999999999787e-01
-4.671699999999999742e-01
-4.516859999999999764e-01
-4.358270000000000199e-01
-4.196779999999999955e-01
-4.033189999999999831e-01
-3.868240000000000012e-01
-3.702619999999999800e-01
-3.536989999999999856e-01
-3.371930000000000205e-01
-3.207999999999999741e-01
-3.045709999999999806e-01
-2.885530000000000039e-01
-2.727859999999999729e-01
-2.573099999999999832e-01
-2.421580000000000121e-01
-2.273610000000000075e-01
-2.129459999999999964e-01
-1.989360000000000017e-01
-1.853519999999999890e-01
-1.722100000000000020e-01
-1.595239999999999991e-01
-1.473069999999999935e-01
-1.355669999999999931e-01
-1.243110000000000048e-01
-1.135410000000000030e-01
-1.032620000000000066e-01
-9.347199999999999953e-02
-8.416899999999999382e-02
-7.535100000000000131e-02
-6.701200000000000212e-02
-5.914500000000000313e-02
-5.174299999999999733e-02
-4.479699999999999654e-02
-3.829599999999999671e-02
-3.223000000000000170e-02
-2.658699999999999952e-02
-2.135499999999999898e-02
-1.651999999999999996e-02
-1.206899999999999987e-02
-7.986999999999999308e-03
-4.261000000000000031e-03
-8.760000000000000425e-04
2.183000000000000045e-03
4.930999999999999620e-03
7.383999999999999939e-03
9.554999999999999258e-03
1.145999999999999970e-02
1.855499999999999858e-02
1.884299999999999864e-02
1.898800000000000140e-02
1.900200000000000153e-02
1.797599999999999892e-02
1.750099999999999920e-02
1.695699999999999985e-02
1.635400000000000048e-02
1.569999999999999868e-02
1.500199999999999971e-02
1.426900000000000043e-02
1.272099999999999967e-02
1.191900000000000077e-02
1.110599999999999955e-02
1.028699999999999927e-02
9.468000000000000721e-03
8.651999999999999968e-03
7.842999999999999278e-03
7.046000000000000180e-03
6.263000000000000338e-03
4.752000000000000147e-03
4.028999999999999596e-03
3.330000000000000061e-03
2.658000000000000206e-03
2.013000000000000032e-03
1.397000000000000021e-03
8.099999999999999561e-04
2.550000000000000183e-04
-2.700000000000000035e-04
-1.652999999999999955e-03
-2.050999999999999872e-03
-2.416999999999999878e-03
-2.752999999999999805e-03
-3.057999999999999954e-03
-3.333000000000000025e-03
-3.579000000000000150e-03
-3.797000000000000028e-03
-2.684999999999999887e-03
-2.537999999999999892e-03
-2.392000000000000029e-03
-1.317000000000000028e-03
-1.199999999999999895e-03
-1.087999999999999991e-03
-6.399999999999999710e-05
-4.000000000000000327e-05
-2.000000000000000164e-05
-6.000000000000000152e-06
3.000000000000000076e-06
7.999999999999999638e-06
-9.959999999999999236e-04
-1.057999999999999913e-03
-1.119999999999999902e-03
-1.183000000000000024e-03
-1.247000000000000062e-03
-2.295999999999999864e-03
-2.353000000000000057e-03
-2.409999999999999816e-03
-2.465000000000000177e-03
-3.487000000000000082e-03
-3.523999999999999789e-03
-3.560999999999999929e-03
-3.596999999999999937e-03
-3.631999999999999812e-03
-3.667000000000000121e-03
-3.700999999999999863e-03
-2.067785999999999902e+00
-1.574686999999999948e+00
-1.116309999999999913e+00
-6.920969999999999622e-01
-3.013109999999999955e-01
5.693600000000000050e-02
3.836419999999999830e-01
6.798870000000000191e-01
9.468140000000000445e-01
1.185600999999999905e+00
1.397448999999999941e+00
1.583566000000000029e+00
1.745157000000000069e+00
1.883409000000000111e+00
1.999494000000000105e+00
2.094555999999999862e+00
2.169712999999999781e+00
2.226052999999999837e+00
2.264638000000000151e+00
2.286500999999999895e+00
2.292650000000000077e+00
2.284070999999999962e+00
2.261731000000000158e+00
2.226579999999999782e+00
2.179551000000000016e+00
2.121570000000000178e+00
2.053551999999999822e+00
1.976401000000000074e+00
1.891016000000000030e+00
1.798289000000000026e+00
1.699101999999999890e+00
1.594325999999999910e+00
1.484823000000000004e+00
1.371434999999999960e+00
1.254990000000000050e+00
1.136290000000000022e+00
1.016113000000000044e+00
8.952050000000000285e-01
7.742759999999999643e-01
6.540019999999999722e-01
5.350110000000000143e-01
4.178899999999999837e-01
3.031760000000000010e-01
1.913569999999999993e-01
8.286899999999999822e-02
-2.190299999999999886e-02
-1.226280000000000009e-01
-2.190239999999999965e-01
-3.108609999999999984e-01
-3.979570000000000052e-01
-4.801739999999999897e-01
-5.574219999999999731e-01
-6.296460000000000390e-01
-6.968339999999999534e-01
-7.590019999999999545e-01
-8.162009999999999543e-01
-8.685060000000000002e-01
-9.160169999999999702e-01
-9.588529999999999553e-01
-9.971499999999999808e-01
-1.031058000000000030e+00
-1.060737000000000041e+00
-1.086357000000000017e+00
-1.108093999999999912e+00
-1.126125000000000043e+00
-1.140632000000000090e+00
-1.151796000000000042e+00
-1.159798000000000107e+00
-1.164816000000000074e+00
-1.167024999999999979e+00
-1.166595000000000049e+00
-1.163694000000000006e+00
-1.158482999999999929e+00
-1.151116999999999946e+00
-1.141745999999999928e+00
-1.130516000000000076e+00
-1.117564999999999920e+00
-1.103024999999999922e+00
-1.087023000000000073e+00
-1.069681000000000104e+00
-1.051115000000000022e+00
-1.031435000000000102e+00
-1.010745999999999922e+00
-9.891499999999999737e-01
-9.667430000000000190e-01
-9.436160000000000103e-01
-9.198560000000000070e-01
-8.955469999999999819e-01
-8.707700000000000440e-01
-8.455989999999999895e-01
-8.201079999999999481e-01
-7.943670000000000453e-01
-7.684400000000000119e-01
-7.423929999999999696e-01
-7.162849999999999495e-01
-6.901739999999999542e-01
-6.641160000000000396e-01
-6.381609999999999783e-01
-6.123619999999999619e-01
-5.867630000000000345e-01
-5.614109999999999934e-01
-5.363480000000000469e-01
-5.116140000000000132e-01
-4.872460000000000124e-01
-4.632789999999999964e-01
-4.397469999999999990e-01
-4.166790000000000216e-01
-3.941029999999999811e-01
-3.720459999999999878e-01
-3.505309999999999815e-01
-3.295779999999999821e-01
-3.092070000000000096e-01
-2.894329999999999958e-01
-2.702720000000000122e-01
-2.517340000000000133e-01
-2.338310000000000111e-01
-2.165690000000000115e-01
-1.999549999999999939e-01
-1.839919999999999889e-01
-1.686819999999999986e-01
-1.540239999999999942e-01
-1.400180000000000036e-01
-1.266579999999999928e-01
-1.139410000000000006e-01
-1.018580000000000041e-01
-9.040199999999999625e-02
-7.956399999999999584e-02
-6.933100000000000374e-02
-5.969200000000000200e-02
-5.063399999999999845e-02
-4.214299999999999990e-02
-3.420299999999999729e-02
-2.679899999999999990e-02
-1.991300000000000014e-02
-1.353000000000000036e-02
-7.629999999999999630e-03
-2.197000000000000168e-03
2.788999999999999813e-03
7.347000000000000232e-03
1.149400000000000074e-02
1.525100000000000067e-02
3.474900000000000211e-02
3.414600000000000274e-02
3.350600000000000106e-02
3.283799999999999913e-02
3.214800000000000296e-02
3.144399999999999973e-02
3.073199999999999890e-02
3.001699999999999854e-02
2.930500000000000119e-02
1.978099999999999997e-02
1.973499999999999907e-02
1.971399999999999889e-02
1.971799999999999942e-02
1.974599999999999966e-02
1.979399999999999910e-02
1.986299999999999871e-02
1.995099999999999998e-02
2.135700000000000098e-02
2.155699999999999977e-02
2.363000000000000170e-02
2.518700000000000105e-02
2.532600000000000129e-02
2.635699999999999849e-02
2.640699999999999992e-02
2.645000000000000129e-02
2.648599999999999913e-02
2.651699999999999890e-02
2.654099999999999862e-02
2.656000000000000028e-02
2.657299999999999940e-02
2.658100000000000046e-02
2.658399999999999999e-02
2.606100000000000083e-02
2.602099999999999899e-02
2.547100000000000058e-02
2.547699999999999965e-02
2.548500000000000071e-02
2.549500000000000030e-02
2.550699999999999842e-02
2.552199999999999955e-02
2.943399999999999836e-02
2.936199999999999921e-02
2.928700000000000053e-02
2.920999999999999985e-02
2.913200000000000164e-02
2.905100000000000043e-02
2.896699999999999969e-02
2.888200000000000142e-02
2.879500000000000115e-02
2.870500000000000135e-02
3.775462999999999791e+00
3.608582999999999874e+00
3.436218000000000217e+00
3.259253000000000178e+00
3.078540999999999972e+00
2.894906999999999897e+00
2.709150999999999865e+00
2.522056000000000076e+00
2.334385000000000154e+00
2.146884000000000015e+00
1.960275999999999907e+00
1.775263000000000035e+00
1.592521000000000075e+00
1.412695999999999952e+00
1.236401000000000083e+00
1.064208000000000043e+00
8.966520000000000046e-01
7.342189999999999550e-01
5.773470000000000546e-01
4.264260000000000272e-01
2.817910000000000137e-01
1.437239999999999907e-01
-9.109779999999999545e-01
-9.657980000000000453e-01
-1.014456000000000024e+00
-1.057187000000000099e+00
-1.094232000000000093e+00
-1.125844999999999985e+00
-1.152282000000000028e+00
-1.173802000000000012e+00
-1.190666999999999920e+00
-1.203135999999999983e+00
-1.211465000000000014e+00
-1.215905999999999931e+00
-1.216706000000000065e+00
-1.214107999999999965e+00
-1.208344000000000085e+00
-1.199640999999999957e+00
-1.188220000000000054e+00
-1.174290999999999974e+00
-1.158058000000000032e+00
-1.139715000000000034e+00
-1.119450999999999974e+00
-1.097444000000000086e+00
-1.073865000000000069e+00
-1.048878999999999895e+00
-1.022642999999999969e+00
-9.953049999999999953e-01
-9.670069999999999499e-01
-9.378870000000000262e-01
-9.080719999999999903e-01
-8.776859999999999662e-01
-8.468449999999999589e-01
-8.156609999999999694e-01
-7.842379999999999907e-01
-7.526760000000000117e-01
-7.210689999999999600e-01
-6.895059999999999523e-01
-6.580709999999999615e-01
-6.268430000000000391e-01
-5.958940000000000348e-01
-5.652939999999999632e-01
-5.351080000000000281e-01
-5.053929999999999811e-01
-4.762060000000000182e-01
-4.475970000000000226e-01
-4.196110000000000118e-01
-3.922900000000000276e-01
-3.656710000000000238e-01
-3.397870000000000057e-01
-3.146689999999999765e-01
-2.903390000000000137e-01
-2.668209999999999749e-01
-2.441309999999999869e-01
-2.222840000000000094e-01
-2.012899999999999967e-01
-1.811570000000000125e-01
-1.618880000000000041e-01
-1.434840000000000004e-01
-1.259440000000000004e-01
-1.092629999999999990e-01
-9.343400000000000316e-02
-7.844700000000000284e-02
-6.429200000000000192e-02
-5.095299999999999829e-02
-3.841599999999999876e-02
-2.666299999999999920e-02
-1.567500000000000143e-02
-5.432000000000000196e-03
4.087000000000000355e-03
1.290600000000000080e-02
2.104800000000000074e-02
6.800200000000000689e-02
7.076899999999999857e-02
1.700799999999999881e-02
1.690699999999999842e-02
1.680500000000000049e-02
1.670400000000000010e-02
1.660199999999999870e-02
1.650000000000000078e-02
1.639799999999999938e-02
1.629600000000000146e-02
3.618758999999999837e+00
3.610759999999999970e+00
3.610221000000000124e+00
3.617126999999999981e+00
3.631470999999999894e+00
3.653254000000000001e+00
3.682485999999999926e+00
3.719186999999999799e+00
3.763382000000000005e+00
3.815101999999999993e+00
3.874385999999999886e+00
3.941275000000000084e+00
4.015810000000000102e+00
4.098035999999999568e+00
3.980786999999999853e+00
3.538102999999999998e+00
3.102965000000000195e+00
2.676670000000000105e+00
2.260637000000000008e+00
1.856360999999999928e+00
1.465352999999999906e+00
1.089091000000000031e+00
7.289719999999999533e-01
3.862659999999999982e-01
6.208700000000000330e-02
-2.426389999999999936e-01
-5.271890000000000187e-01
-7.910530000000000062e-01
-1.033940000000000081e+00
-1.255767000000000078e+00
-1.456650999999999918e+00
-1.636892000000000014e+00
-1.796953000000000022e+00
-1.937440000000000051e+00
-2.059076999999999824e+00
-2.162681000000000076e+00
-2.249143999999999810e+00
-2.319408999999999832e+00
-2.374449999999999950e+00
-2.415258000000000127e+00
-2.442825000000000024e+00
-2.458129000000000008e+00
-2.462127999999999872e+00
-2.455750999999999795e+00
-2.439890000000000114e+00
-2.415398999999999852e+00
-2.383090000000000153e+00
-2.343729999999999869e+00
-2.298042999999999836e+00
-2.246712000000000042e+00
-2.190373999999999821e+00
-2.129630000000000134e+00
-2.065037999999999929e+00
-1.997123999999999899e+00
-1.926377000000000006e+00
-1.853255000000000097e+00
-1.778186999999999962e+00
-1.701573000000000002e+00
-1.623788999999999927e+00
-1.545185000000000031e+00
-1.466091000000000033e+00
-1.386813000000000073e+00
-1.307638999999999996e+00
-1.228836999999999957e+00
-1.150659000000000098e+00
-1.073336999999999986e+00
-9.970890000000000031e-01
-9.221150000000000180e-01
-8.486000000000000210e-01
-7.767129999999999868e-01
-7.066090000000000426e-01
-6.384279999999999955e-01
-5.722939999999999694e-01
-5.083189999999999653e-01
-4.465979999999999950e-01
-3.872169999999999779e-01
-3.302450000000000108e-01
-2.757379999999999831e-01
-2.237409999999999954e-01
-1.742869999999999975e-01
-1.273960000000000092e-01
-8.307699999999999807e-02
-4.132999999999999868e-02
-2.142999999999999940e-03
3.450399999999999995e-02
6.864099999999999369e-02
1.003050000000000053e-01
1.295409999999999895e-01
1.564000000000000112e-01
1.809419999999999917e-01
2.032289999999999930e-01
2.233300000000000007e-01
2.413170000000000037e-01
2.833769999999999900e-01
2.937020000000000186e-01
3.023199999999999776e-01
3.093170000000000086e-01
3.147800000000000042e-01
3.187949999999999950e-01
3.214500000000000135e-01
3.228280000000000038e-01
-4.015406999999999726e+00
-4.029179000000000066e+00
-4.051065000000000360e+00
-4.081063999999999581e+00
-4.119186000000000014e+00
-4.165441999999999645e+00
-4.219847999999999821e+00
-4.282422000000000395e+00
-4.353181000000000189e+00
-4.432140999999999664e+00
-4.519311000000000078e+00
-4.614691999999999794e+00
-4.356664999999999566e+00
-3.790325999999999862e+00
-3.239437999999999818e+00
-2.705576000000000203e+00
-2.190415999999999919e+00
-1.695648999999999962e+00
-1.222904999999999909e+00
-7.736859999999999848e-01
-3.493060000000000054e-01
4.915400000000000325e-02
4.208759999999999724e-01
7.653240000000000043e-01
1.082249000000000017e+00
1.371679000000000093e+00
1.633904999999999941e+00
1.869456999999999924e+00
2.079073000000000171e+00
2.263669000000000153e+00
2.424300000000000122e+00
2.562129000000000101e+00
2.678398000000000057e+00
2.774392999999999887e+00
2.851420000000000066e+00
2.910785000000000178e+00
2.953770000000000007e+00
2.981622999999999912e+00
2.995544999999999902e+00
2.996680000000000010e+00
2.986111999999999878e+00
2.964862000000000108e+00
2.933885000000000076e+00
2.894071999999999978e+00
2.729632000000000058e+00
2.662211000000000105e+00
2.589558999999999944e+00
2.512252999999999847e+00
2.430833999999999939e+00
2.345809000000000033e+00
2.073752999999999957e+00
1.978841000000000072e+00
1.882481999999999989e+00
1.785052000000000083e+00
1.686911999999999967e+00
1.588406999999999902e+00
1.489873000000000003e+00
1.391629000000000005e+00
1.293984000000000023e+00
1.197232000000000074e+00
5.668379999999999530e-01
4.861280000000000046e-01
4.082910000000000150e-01
3.334579999999999766e-01
-1.471949999999999925e-01
-1.920340000000000102e-01
-2.335260000000000113e-01
5.111171999999999827e+00
5.119193000000000104e+00
5.136922000000000210e+00
5.164331999999999923e+00
5.201386000000000287e+00
5.248039999999999594e+00
5.304241000000000206e+00
5.143557000000000379e+00
4.402035999999999838e+00
3.696921999999999819e+00
3.028322000000000180e+00
2.396485999999999894e+00
1.801712999999999898e+00
1.244274000000000102e+00
7.243429999999999591e-01
2.419479999999999964e-01
-2.030720000000000025e-01
-6.110870000000000468e-01
-9.826829999999999732e-01
-1.318659999999999943e+00
-1.620020999999999933e+00
-1.887945999999999902e+00
-2.123768000000000100e+00
-2.328943000000000207e+00
-2.505021000000000164e+00
-2.653611999999999860e+00
-2.776364000000000054e+00
-2.874929999999999986e+00
-2.950953999999999855e+00
-3.006045999999999996e+00
-3.041771999999999920e+00
-3.059639000000000220e+00
-3.061093000000000064e+00
-3.047508000000000106e+00
-3.020185000000000120e+00
-2.980357000000000145e+00
-2.929183000000000092e+00
-2.867754999999999832e+00
-2.797102000000000199e+00
-2.718191000000000024e+00
-2.631934999999999913e+00
-2.539193000000000033e+00
-2.440779000000000032e+00
-2.337464999999999904e+00
-2.229979999999999851e+00
-2.005249000000000059e+00
-1.889294000000000029e+00
-1.771757000000000026e+00
-1.653208999999999929e+00
-1.534195999999999893e+00
-1.415234000000000103e+00
-1.296812000000000076e+00
-1.179391999999999996e+00
-1.063406999999999991e+00
-9.492620000000000502e-01
-8.373329999999999940e-01
-7.279670000000000307e-01
-6.214769999999999461e-01
-5.181499999999999995e-01
-4.182400000000000007e-01
-3.219710000000000072e-01
-2.295359999999999900e-01
-1.410970000000000002e-01
-5.678799999999999820e-02
1.704440000000000122e-01
2.374519999999999964e-01
3.000669999999999726e-01
3.583100000000000174e-01
4.122190000000000021e-01
4.618510000000000115e-01
5.072820000000000107e-01
5.485989999999999478e-01
5.859060000000000379e-01
6.193140000000000311e-01
6.489489999999999981e-01
6.749399999999999844e-01
6.974249999999999616e-01
7.165489999999999915e-01
7.324580000000000535e-01
7.453030000000000488e-01
7.552349999999999897e-01
7.624079999999999746e-01
7.690850000000000186e-01
7.688909999999999911e-01
7.665410000000000279e-01
7.621799999999999686e-01
7.559519999999999573e-01
7.479940000000000477e-01
7.384439999999999893e-01
7.274319999999999675e-01
7.150849999999999707e-01
5.820929999999999715e-01
5.627290000000000347e-01
5.430570000000000119e-01
7.300135000000000041e+00
6.369112999999999580e+00
5.486349999999999838e+00
4.652959000000000067e+00
3.869415000000000049e+00
3.135686999999999891e+00
2.451337000000000099e+00
1.815590999999999955e+00
1.227402000000000104e+00
6.854940000000000477e-01
1.884069999999999911e-01
-2.654630000000000045e-01
-6.778380000000000516e-01
-1.050513999999999948e+00
-1.385340999999999934e+00
-1.684190999999999994e+00
-1.948933000000000026e+00
-2.181414000000000186e+00
-2.383440999999999921e+00
-2.556760999999999839e+00
-2.703059000000000101e+00
-2.823942999999999870e+00
-2.920942000000000149e+00
-2.995502000000000109e+00
-3.048989999999999867e+00
-3.082698000000000160e+00
-3.097840999999999845e+00
-3.095569999999999933e+00
-3.076979000000000131e+00
-3.043108999999999842e+00
-2.994959000000000149e+00
-2.933495000000000186e+00
-2.859656999999999893e+00
-2.774369000000000085e+00
-2.678538999999999781e+00
-2.573074999999999779e+00
-2.458877999999999897e+00
-2.336854000000000209e+00
-2.207913000000000014e+00
-2.072964999999999947e+00
-1.932925999999999922e+00
-1.788707999999999965e+00
-1.641223000000000098e+00
-1.491371999999999920e+00
-1.340041999999999955e+00
-1.188101000000000074e+00
-1.036389000000000005e+00
-8.857129999999999725e-01
-7.368419999999999970e-01
-5.904989999999999961e-01
-4.473559999999999759e-01
-3.080280000000000240e-01
-1.730740000000000056e-01
-4.298899999999999944e-02
8.179599999999999371e-02
2.009130000000000082e-01
4.209950000000000081e-01
5.215419999999999501e-01
6.155770000000000408e-01
1.091771999999999965e+00
1.135021999999999975e+00
1.172606999999999955e+00
1.297190999999999983e+00
1.298200999999999938e+00
1.295757999999999965e+00
1.290100000000000025e+00
1.281455999999999928e+00
1.270049999999999901e+00
1.256096000000000101e+00
1.239800000000000013e+00
1.221360000000000001e+00
1.200965999999999978e+00
1.178798000000000012e+00
6.689009999999999678e-01
6.373529999999999474e-01
6.061530000000000529e-01
5.753599999999999826e-01
2.997989999999999822e-01
-5.951775999999999733e+00
-5.960509000000000057e+00
-5.979682000000000386e+00
-6.009235000000000326e+00
-6.049082000000000292e+00
-6.099110999999999727e+00
-6.159182999999999630e+00
-6.229119999999999990e+00
-6.308709000000000344e+00
-6.397689999999999877e+00
-6.495750000000000135e+00
-5.808370000000000033e+00
-4.612167999999999601e+00
-3.495130000000000070e+00
-2.456872999999999863e+00
-1.496787000000000090e+00
-6.138930000000000220e-01
1.932520000000000071e-01
9.265930000000000000e-01
1.588578000000000046e+00
2.182112000000000052e+00
2.710481999999999836e+00
3.177277000000000129e+00
3.586282000000000192e+00
3.941384000000000221e+00
4.246482000000000312e+00
4.505400999999999989e+00
4.617951999999999835e+00
4.492558999999999969e+00
4.375370000000000203e+00
4.266367999999999938e+00
4.165516000000000219e+00
4.072758000000000322e+00
3.988030999999999882e+00
3.911262999999999934e+00
3.842379000000000211e+00
3.781302999999999859e+00
3.727961000000000080e+00
3.682281999999999833e+00
3.644200000000000106e+00
3.613656000000000201e+00
3.590597999999999956e+00
3.574981999999999882e+00
3.566774000000000111e+00
3.565946999999999978e+00
3.572484999999999911e+00
3.586380999999999819e+00
3.607636999999999983e+00
3.636263000000000023e+00
3.672277999999999931e+00
3.715708999999999929e+00
3.766589999999999883e+00
3.824959000000000220e+00
3.890858000000000150e+00
3.964335000000000164e+00
4.045433000000000057e+00
4.134197000000000344e+00
4.230667000000000399e+00
4.334871999999999836e+00
4.446832999999999814e+00
4.438835000000000086e+00
3.927850999999999981e+00
3.423407000000000089e+00
2.927620999999999807e+00
2.442728999999999928e+00
1.971006000000000036e+00
1.514682000000000084e+00
1.075870000000000104e+00
6.565010000000000012e-01
2.582659999999999956e-01
-1.174250000000000016e-01
-4.694650000000000212e-01
-7.970720000000000027e-01
-1.099782000000000037e+00
-1.377439999999999998e+00
-1.630181000000000102e+00
-1.858398999999999912e+00
-2.062713000000000019e+00
-2.243933000000000177e+00
-2.403020999999999852e+00
-2.541052999999999784e+00
-2.659187999999999885e+00
-2.758631999999999973e+00
-2.840612999999999833e+00
-2.906357999999999997e+00
-2.957071000000000005e+00
-2.993916000000000022e+00
-3.018009999999999859e+00
-3.030407999999999991e+00
-3.032103999999999910e+00
-3.024021999999999988e+00
-3.007016999999999829e+00
-2.981879000000000168e+00
-2.949329000000000089e+00
-2.910029999999999895e+00
-2.864581999999999962e+00
-2.813534000000000201e+00
-2.757385999999999893e+00
-2.696594999999999853e+00
-2.631578999999999890e+00
-2.562720000000000109e+00
-2.490374000000000088e+00
-2.414871000000000212e+00
-2.336523000000000128e+00
-2.255624000000000073e+00
-2.172454999999999803e+00
-2.087288000000000032e+00
-2.000386000000000220e+00
-1.912009000000000070e+00
-1.822413000000000061e+00
-1.731851999999999947e+00
-1.640576999999999952e+00
-1.548842000000000052e+00
-1.456895999999999969e+00
-1.364989999999999926e+00
-1.273374000000000006e+00
-1.182293999999999956e+00
-1.091995999999999967e+00
-1.002717999999999998e+00
-9.146969999999999823e-01
-8.281589999999999785e-01
-7.433250000000000135e-01
-6.604039999999999910e-01
-5.795970000000000288e-01
-5.010890000000000066e-01
-4.250539999999999874e-01
-3.516509999999999914e-01
-2.810230000000000228e-01
-2.132960000000000134e-01
-1.485819999999999919e-01
-8.697100000000000664e-02
-2.853899999999999840e-02
2.665599999999999914e-02
7.857400000000000495e-02
1.271919999999999995e-01
1.725029999999999897e-01
2.145160000000000122e-01
2.887629999999999919e-01
3.210859999999999825e-01
3.502910000000000190e-01
3.764520000000000088e-01
3.996560000000000112e-01
4.199959999999999805e-01
4.375740000000000185e-01
4.525000000000000133e-01
4.648869999999999947e-01
2.490507000000000026e+00
2.297766999999999893e+00
2.109506000000000103e+00
1.925971000000000100e+00
1.747406999999999933e+00
1.574055999999999900e+00
1.406155999999999962e+00
7.934050000000000269e-01
6.558739999999999570e-01
5.249099999999999877e-01
4.006199999999999761e-01
2.830860000000000043e-01
1.723590000000000122e-01
6.846099999999999408e-02
-1.189049999999999968e-01
-2.024739999999999873e-01
-2.794139999999999957e-01
-5.235570000000000501e-01
-5.695449999999999680e-01
-7.358010000000000383e-01
-7.475300000000000278e-01
-7.553729999999999611e-01
-7.595889999999999587e-01
-7.604319999999999968e-01
-7.581520000000000481e-01
-7.083009999999999584e-01
-6.922209999999999752e-01
-6.745940000000000270e-01
-6.556119999999999726e-01
-6.354589999999999961e-01
-6.143089999999999939e-01
4.149699999999999916e-02
4.253500000000000336e-02
4.320700000000000235e-02
4.353699999999999931e-02
4.354999999999999843e-02
4.326800000000000090e-02
6.002000000000000390e-03
-7.363375999999999699e+00
-6.384770999999999752e+00
-5.458886999999999823e+00
-4.586361000000000132e+00
-3.767300999999999789e+00
-3.001386000000000109e+00
-2.287946999999999953e+00
-1.626015999999999906e+00
-1.014372000000000051e+00
-4.515759999999999774e-01
6.398800000000000321e-02
5.340869999999999784e-01
9.606019999999999559e-01
1.345493999999999968e+00
1.690777999999999892e+00
1.998483999999999927e+00
2.270640999999999909e+00
2.509243000000000112e+00
2.716234000000000037e+00
2.893489999999999895e+00
3.042804999999999982e+00
3.165881999999999863e+00
3.264332000000000011e+00
3.339665000000000106e+00
3.393298000000000147e+00
3.426553000000000182e+00
3.440669000000000199e+00
3.436805000000000110e+00
3.416052000000000088e+00
3.379442000000000057e+00
3.327958000000000194e+00
3.262547000000000086e+00
3.184127000000000152e+00
3.093598000000000070e+00
2.991855000000000153e+00
2.879786999999999875e+00
2.758290000000000131e+00
2.628268999999999966e+00
2.490641000000000105e+00
2.346335999999999977e+00
2.196295999999999804e+00
2.041474000000000011e+00
1.882827000000000028e+00
7.439909999999999579e-01
2.877649999999999930e-01
1.451709999999999945e-01
-1.359950999999999910e+00
-1.327055000000000096e+00
-1.311307999999999918e+00
-1.293498999999999954e+00
-1.273813000000000084e+00
-1.252423000000000064e+00
-1.229492000000000029e+00
-1.205175000000000107e+00
-1.152959000000000067e+00
-1.125328000000000106e+00
-1.096848000000000045e+00
-1.067636000000000029e+00
-1.037800999999999974e+00
-1.007446000000000064e+00
-9.766700000000000381e-01
-9.455649999999999888e-01
-9.142179999999999751e-01
-8.511290000000000244e-01
-8.195400000000000462e-01
-7.880150000000000210e-01
-7.566230000000000455e-01
-7.254249999999999865e-01
-6.944820000000000437e-01
-6.638500000000000512e-01
-6.335809999999999498e-01
-6.037249999999999561e-01
-4.621649999999999925e-01
-4.356590000000000185e-01
-4.098289999999999988e-01
-3.846999999999999864e-01
-3.602960000000000051e-01
-3.366359999999999908e-01
-1.929960000000000009e-01
-1.756979999999999931e-01
-1.592089999999999894e-01
-1.435240000000000127e-01
3.554700000000000221e-02
3.575400000000000106e-02
4.031198999999999977e+00
3.549910000000000121e+00
3.094743999999999939e+00
2.665433000000000163e+00
2.261638000000000037e+00
1.882962000000000025e+00
1.528950999999999949e+00
1.199101999999999890e+00
8.928650000000000198e-01
6.096449999999999925e-01
-6.446640000000000148e-01
-7.866149999999999531e-01
-9.115539999999999754e-01
-1.020321999999999951e+00
-1.113760000000000083e+00
-1.192711000000000077e+00
-1.258010000000000073e+00
-1.310484999999999900e+00
-1.350948999999999955e+00
-1.380201000000000011e+00
-1.399019000000000013e+00
-1.408164999999999889e+00
-1.408376000000000072e+00
-1.400366999999999917e+00
-1.384829000000000088e+00
-1.216671999999999976e+00
-1.169086000000000070e+00
-1.118111000000000077e+00
-1.064238000000000017e+00
-1.007932999999999968e+00
-9.496390000000000109e-01
-7.045639999999999681e-01
-6.421139999999999626e-01
-5.798269999999999813e-01
-5.179820000000000535e-01
-4.568340000000000178e-01
-3.966189999999999993e-01
-3.375489999999999879e-01
2.305860000000000132e-01
2.638429999999999942e-01
2.948169999999999957e-01
3.235279999999999823e-01
3.500010000000000066e-01
3.742699999999999916e-01
3.963780000000000081e-01
4.163709999999999911e-01
4.343020000000000214e-01
5.020649999999999835e-01
5.073600000000000332e-01
5.111339999999999772e-01
5.134630000000000027e-01
5.144210000000000171e-01
4.815650000000000208e-01
4.734539999999999860e-01
4.646750000000000047e-01
6.760282000000000124e+00
6.748491999999999713e+00
6.747385000000000410e+00
6.473309000000000424e+00
5.620370000000000310e+00
4.815407000000000437e+00
4.057895000000000252e+00
3.347214000000000134e+00
2.682656000000000152e+00
2.063423999999999925e+00
1.488617000000000079e+00
4.681159999999999766e-01
2.005200000000000038e-02
-7.584739999999999815e-01
-1.390344000000000024e+00
-1.655354999999999910e+00
-1.888676000000000021e+00
-2.092023999999999884e+00
-2.267113000000000156e+00
-2.415632000000000001e+00
-2.539236999999999966e+00
-2.639537999999999940e+00
-2.718087000000000142e+00
-2.776374000000000120e+00
-2.815822999999999965e+00
-2.837788999999999895e+00
-2.843560999999999783e+00
-2.834356000000000098e+00
-2.811332999999999860e+00
-2.775586999999999804e+00
-2.728158999999999779e+00
-2.670037000000000216e+00
-2.602165999999999979e+00
-2.525446000000000080e+00
-2.440745000000000164e+00
-2.348895000000000177e+00
-2.250700000000000145e+00
-2.146938000000000013e+00
-2.038362999999999925e+00
-1.925707999999999975e+00
-1.809684999999999988e+00
-1.690982999999999903e+00
-1.570270999999999972e+00
-1.448198000000000096e+00
-1.325385000000000035e+00
-1.202433000000000085e+00
-1.079912999999999901e+00
-8.383119999999999461e-01
-7.202239999999999753e-01
-6.045490000000000030e-01
9.463730000000000198e-01
9.429110000000000547e-01
9.376630000000000242e-01
9.302859999999999463e-01
9.209380000000000344e-01
9.097690000000000499e-01
8.969289999999999763e-01
8.825579999999999536e-01
8.667949999999999822e-01
7.499949999999999672e-01
7.278869999999999507e-01
7.052969999999999517e-01
6.823169999999999513e-01
6.590319999999999512e-01
3.186149999999999816e-01
2.987259999999999915e-01
2.793729999999999825e-01
2.605739999999999723e-01
2.423460000000000059e-01
2.247020000000000128e-01
-7.037168000000000312e+00
-7.038801999999999559e+00
-7.050999000000000017e+00
-7.073673999999999573e+00
-7.106686999999999976e+00
-6.560814999999999841e+00
-5.529447000000000223e+00
-4.561181999999999626e+00
-3.655391999999999975e+00
-2.811246000000000134e+00
-2.027698000000000000e+00
-6.370500000000000052e-01
5.295980000000000132e-01
1.033967000000000080e+00
1.488755000000000051e+00
1.896417000000000019e+00
2.259491000000000138e+00
2.580551999999999957e+00
2.862172999999999856e+00
3.106885999999999814e+00
3.317152000000000100e+00
3.495331999999999883e+00
3.643664999999999932e+00
3.764257000000000186e+00
3.859068999999999861e+00
3.929911999999999850e+00
3.978451000000000182e+00
4.006204999999999572e+00
4.014559000000000211e+00
4.004770999999999859e+00
3.977988999999999997e+00
3.935258000000000145e+00
3.877543000000000184e+00
3.805738999999999983e+00
3.720686999999999856e+00
3.623193000000000108e+00
3.514037000000000077e+00
3.393991000000000202e+00
3.263825000000000198e+00
3.124324999999999797e+00
2.976291999999999938e+00
2.820555999999999841e+00
2.657974999999999977e+00
2.489434999999999842e+00
2.315856000000000137e+00
2.138179000000000052e+00
1.957371999999999890e+00
1.405972000000000000e+00
1.222441000000000111e+00
1.040634999999999977e+00
8.614610000000000323e-01
6.857830000000000314e-01
5.144060000000000299e-01
4.090492000000000239e+00
3.666606999999999950e+00
3.264174000000000131e+00
2.882858999999999838e+00
2.522314999999999863e+00
2.182192000000000132e+00
1.862130999999999981e+00
1.561765999999999988e+00
1.280717000000000105e+00
-8.282190000000000385e-01
-8.912649999999999739e-01
-9.849639999999999507e-01
-1.016926999999999914e+00
-1.039830999999999950e+00
-1.054310000000000080e+00
-1.060988000000000042e+00
-1.060473999999999917e+00
-1.053358000000000017e+00
-1.040216999999999947e+00
-1.021605000000000096e+00
-7.803740000000000121e-01
-7.354410000000000114e-01
-6.890669999999999851e-01
-6.415910000000000224e-01
-6.860099999999999532e-02
-6.894999999999999740e-02
-7.040599999999999636e-02
-7.039499999999999924e-02
-7.038600000000000412e-02
-7.037999999999999812e-02
-7.037599999999999412e-02
-7.048100000000000198e-02
-7.045899999999999386e-02
-7.043199999999999461e-02
-7.040100000000000524e-02
-7.036499999999999699e-02
-7.032399999999999762e-02
-6.273399999999999810e-02
-6.247799999999999881e-02
-6.221999999999999753e-02
-6.196000000000000119e-02
-6.169899999999999690e-02
4.845059000000000005e+00
4.268529000000000018e+00
2.713424999999999976e+00
-2.069610000000000061e-01
-1.396957000000000004e+00
-1.324653999999999998e+00
-1.250515999999999961e+00
5.407850999999999964e+00
5.393252999999999631e+00
5.388709999999999667e+00
5.394207999999999892e+00
5.409721000000000224e+00
5.435214000000000212e+00
5.470639000000000252e+00
5.515937000000000090e+00
5.571034000000000042e+00
5.635836000000000290e+00
5.710228999999999999e+00
5.794069000000000358e+00
5.887180999999999997e+00
5.989349999999999952e+00
6.100315000000000154e+00
4.984995999999999761e+00
3.919919000000000153e+00
2.921981000000000162e+00
1.991557000000000022e+00
1.128797999999999968e+00
3.334889999999999799e-01
-3.950509999999999855e-01
-1.058011999999999952e+00
-1.657097000000000042e+00
-2.194485999999999937e+00
-2.672773999999999983e+00
-3.094894000000000034e+00
-3.464023000000000074e+00
-3.783494000000000135e+00
-4.056707000000000285e+00
-4.287053000000000225e+00
-4.477841999999999878e+00
-4.632255999999999929e+00
-4.753300000000000303e+00
-4.678435999999999595e+00
-4.578272000000000119e+00
-4.486712999999999951e+00
-4.403736999999999568e+00
-4.329308000000000156e+00
-4.263385999999999676e+00
-4.205923000000000300e+00
-4.156869999999999621e+00
-4.116178999999999810e+00
-4.083804999999999907e+00
-4.059703999999999979e+00
-4.043841999999999715e+00
-4.045414000000000065e+00
-4.062268999999999686e+00
-4.087279999999999802e+00
-4.120448999999999806e+00
-4.161785000000000068e+00
-4.061893999999999672e+00
-3.805489999999999817e+00
-3.544455999999999829e+00
-3.279717999999999911e+00
-3.012284000000000184e+00
-2.743234999999999868e+00
-2.473714000000000190e+00
-2.204911000000000065e+00
-1.938040999999999903e+00
-1.674330000000000096e+00
-1.414989999999999970e+00
-9.140840000000000076e-01
-6.746929999999999872e-01
-4.439910000000000245e-01
-2.228380000000000083e-01
-1.198100000000000033e-02
1.879520000000000080e-01
3.764600000000000168e-01
7.178120000000000056e-01
1.760937999999999892e+00
1.794840999999999909e+00
1.820659999999999945e+00
1.838915000000000077e+00
1.850117999999999929e+00
1.854767999999999972e+00
1.853350999999999971e+00
1.846333000000000002e+00
1.834162999999999988e+00
1.817266999999999966e+00
1.796052999999999900e+00
1.742188000000000070e+00
1.710245000000000015e+00
1.675400000000000000e+00
1.637958000000000025e+00
1.598205000000000098e+00
1.556410000000000071e+00
1.512826999999999922e+00
1.467692999999999914e+00
1.421232999999999969e+00
1.275941999999999910e+00
1.226166000000000089e+00
1.176004000000000049e+00
1.125613999999999892e+00
1.075142999999999960e+00
1.024731999999999976e+00
9.745139999999999914e-01
9.246140000000000470e-01
4.656089999999999951e-01
2.782760000000000233e-01
2.449469999999999981e-01
2.130499999999999894e-01
1.825950000000000073e-01
1.535890000000000033e-01
1.260310000000000041e-01
3.014000000000000012e-02
9.676999999999999838e-03
-9.426000000000000351e-03
-2.719799999999999995e-02
-4.366899999999999948e-02
-5.887300000000000172e-02
-7.284599999999999409e-02
-1.331080000000000041e-01
-1.396280000000000021e-01
-1.452630000000000032e-01
-1.500579999999999969e-01
-1.540600000000000025e-01
-6.024337000000000053e+00
-6.040047000000000388e+00
-6.066194999999999560e+00
-6.102699999999999569e+00
-6.149453000000000280e+00
-6.206317000000000306e+00
-6.273115999999999914e+00
-6.005641999999999925e+00
-4.964927000000000312e+00
-3.988029000000000046e+00
-3.074419999999999931e+00
-2.223567000000000071e+00
-1.434824000000000099e+00
-7.073369999999999935e-01
5.686550000000000216e-01
1.120314999999999950e+00
2.061050999999999966e+00
2.454905999999999811e+00
2.801235999999999837e+00
3.102796999999999805e+00
3.362387000000000015e+00
3.582803000000000182e+00
3.766786999999999885e+00
3.916996999999999840e+00
4.035970999999999975e+00
4.126108000000000331e+00
4.189656000000000269e+00
4.228701000000000043e+00
4.245167999999999608e+00
4.240827000000000346e+00
4.217293999999999876e+00
4.176051000000000180e+00
4.118451000000000306e+00
4.045739000000000196e+00
3.748034999999999783e+00
3.625643999999999867e+00
3.493238999999999983e+00
3.351719000000000115e+00
3.201964999999999950e+00
3.044855999999999785e+00
2.881270000000000220e+00
2.712092000000000169e+00
1.629933000000000076e+00
4.080420000000000158e-01
-6.575226999999999933e+00
-6.560723000000000305e+00
-6.432671000000000028e+00
-5.727210000000000356e+00
-5.055449000000000304e+00
-4.417298999999999864e+00
-3.812600000000000211e+00
-3.241137999999999852e+00
-2.702644999999999964e+00
-2.196794000000000135e+00
-1.723190999999999917e+00
-1.281363999999999947e+00
-8.707580000000000320e-01
-4.907259999999999955e-01
-1.405339999999999923e-01
1.806419999999999970e-01
4.737080000000000179e-01
1.553684999999999983e+00
2.095949000000000062e+00
2.194458000000000020e+00
2.222643999999999842e+00
2.241779000000000188e+00
2.155863000000000085e+00
2.113195999999999852e+00
-5.545554000000000094e+00
-5.533045000000000435e+00
-5.530715999999999966e+00
-5.538547999999999583e+00
-5.110688999999999815e+00
-4.589051999999999687e+00
-4.087591999999999892e+00
-3.606379000000000001e+00
-3.145554000000000183e+00
-2.705306000000000211e+00
-2.285851000000000077e+00
-1.887405999999999917e+00
1.387931999999999944e+00
1.505470000000000086e+00
1.765471000000000013e+00
1.546966999999999981e+00
1.485980000000000079e+00
1.422860999999999931e+00
-5.910241000000000078e+00
-5.983914000000000399e+00
-6.028113000000000277e+00
-6.082423999999999609e+00
-6.146696000000000382e+00
-6.220744999999999969e+00
-6.304344999999999644e+00
-6.361118000000000272e+00
-5.202053000000000260e+00
-4.115009999999999835e+00
-3.099647000000000041e+00
-2.155581999999999887e+00
1.527802000000000104e+00
2.069024000000000196e+00
2.550892000000000159e+00
2.976507999999999932e+00
3.349152000000000129e+00
3.672201999999999966e+00
3.949060999999999932e+00
4.183085000000000164e+00
4.377530000000000143e+00
4.535503000000000284e+00
4.659928999999999988e+00
4.594185000000000407e+00
4.504559000000000424e+00
4.423567000000000249e+00
4.351177999999999990e+00
4.287353000000000414e+00
4.232046000000000419e+00
4.185211999999999932e+00
4.146804999999999630e+00
4.116782999999999859e+00
4.095106000000000357e+00
4.081741000000000064e+00
4.076660000000000394e+00
4.079842000000000191e+00
4.091272000000000020e+00
4.110941999999999652e+00
4.138849999999999696e+00
4.175000999999999962e+00
4.177749999999999631e+00
3.938496000000000219e+00
3.692858000000000196e+00
3.441769999999999996e+00
3.186240000000000183e+00
2.404117999999999977e+00
1.624068000000000067e+00
1.370322000000000040e+00
-7.069999999999999896e-03
-1.539706000000000019e+00
-1.605398000000000103e+00
-1.563960000000000017e+00
-1.520861000000000018e+00
-1.383669999999999956e+00
-1.335943000000000103e+00
-1.287509999999999932e+00
-1.238531000000000049e+00
-1.189160999999999913e+00
-1.139543999999999890e+00
-1.089819000000000093e+00
-1.040118000000000098e+00
-7.025989999999999736e-01
-6.570789999999999687e-01
-6.124950000000000117e-01
-5.689170000000000060e-01
-2.633119999999999905e-01
-2.310969999999999969e-01
-2.002950000000000008e-01
4.700701999999999714e+00
4.685508999999999702e+00
4.679522000000000403e+00
4.682723000000000191e+00
4.695091999999999821e+00
4.716612999999999722e+00
4.747266999999999904e+00
4.787037999999999904e+00
4.835905000000000342e+00
4.893843000000000387e+00
4.960822000000000287e+00
5.036800000000000388e+00
5.121722000000000108e+00
5.215517000000000181e+00
4.716069000000000067e+00
3.983686000000000060e+00
2.616864000000000079e+00
-2.305044000000000093e+00
-2.537811000000000039e+00
-2.739568999999999921e+00
-2.912046999999999830e+00
-3.057030000000000136e+00
-3.176323000000000008e+00
-3.271720999999999879e+00
-3.344981000000000204e+00
-3.397800999999999849e+00
-3.431805000000000216e+00
-3.448532999999999848e+00
-3.449431000000000136e+00
-3.260571000000000108e+00
-3.191701999999999817e+00
-3.114621999999999780e+00
-3.030123999999999818e+00
-2.938943000000000083e+00
-2.841772000000000187e+00
-2.739260999999999946e+00
-2.632028000000000034e+00
-2.520665000000000155e+00
-2.405736999999999792e+00
-2.287793999999999883e+00
-2.167365000000000208e+00
-2.044970000000000176e+00
-1.545655000000000001e+00
-1.420774999999999899e+00
-1.296783000000000019e+00
-1.174107999999999929e+00
-1.053160000000000096e+00
-9.343320000000000514e-01
-8.179929999999999701e-01
-7.044890000000000319e-01
-5.941419999999999479e-01
-4.872460000000000124e-01
-1.897739999999999982e-01
4.596390000000000198e-01
5.083290000000000308e-01
5.524890000000000079e-01
5.922239999999999727e-01
6.276559999999999917e-01
7.095259999999999900e-01
7.291900000000000048e-01
