-0.385013 0.071950
-0.054111 0.024447
0.024792 -0.005433
0.138499 -0.009885
0.020104 -0.002368
0.727721 0.034249
-3.455668 3.586282
0.201901 -0.020233
-0.134997 0.043583
-0.035194 -0.034144
-0.049546 -0.002152
1.282026 -0.922115
0.136189 -0.010236
-0.008874 -0.018043
0.085004 -0.490842
-0.169272 0.004125
-0.008264 -0.003739
0.150132 -0.006298
-0.001826 -0.005446
0.237311 0.492749
0.208582 0.055183
-4.545259 4.835905
4.516620 -4.432141
-0.327338 0.015677
0.015600 -0.004214
0.384296 0.022713
0.004235 -0.004823
0.635340 -1.144326
0.622217 0.035430
-0.306304 0.025605
0.050701 -0.029843
0.548299 -0.051570
-0.045255 0.028158
0.559142 0.010253
0.386000 0.092661
0.303920 -0.020848
-0.048695 0.313136
-0.133538 0.002341
-0.947834 0.564416
-1.741069 1.314637
0.017153 -0.040544
0.002984 -0.005141
-0.399045 0.033366
0.106020 -0.024074
0.220620 -0.014059
-0.014117 -0.018150
0.000478 -0.004591
-2.595488 2.259491
0.017669 -0.003409
0.925639 -1.434824
-0.164802 0.005393
0.150413 -0.006612
0.479292 0.068159
0.078746 -0.008239
0.079027 0.004693
-0.898722 0.187467
-0.820531 0.637487
0.205270 0.241317
-0.005558 -0.003901
0.073387 -0.063569
0.566952 -0.065165
2.002586 -1.690983
-0.066486 0.017092
-0.175259 -0.046866
-0.364678 0.020277
-0.011902 -0.005858
-0.012015 -0.007713
0.286049 -0.038245
0.150938 0.069696
0.043302 0.003330
0.156274 0.091954
0.183334 -0.032145
-0.041659 -0.036372
0.167212 -0.011655
0.089356 -0.008648
-0.362566 -0.160262
0.020902 -0.002048
1.504413 -0.716285
1.671455 -0.990565
0.099447 -0.007251
-0.128286 -0.022373
0.699533 0.030240
-0.124869 -0.013058
-0.150436 0.009901
0.263517 -0.030645
-0.002608 -0.004359
0.036158 -0.004532
1.455644 -1.362080
0.077302 -0.007349
0.277254 -0.019556
0.365937 0.054541
0.080770 -0.004261
0.392671 0.218108
0.281240 -0.041494
-0.000238 -0.004334
-0.689530 0.372629
0.094912 -0.014797
-0.528828 0.040566
0.106518 0.010905
0.217506 -0.013806
-0.294151 0.037685
0.713188 0.018636
1.133318 -1.350949
0.126784 0.021531
-1.642270 1.838915
0.198746 -0.012846
0.139172 -0.010605
-0.075749 -0.002458
0.080023 0.003107
-0.264318 0.025907
0.057827 -0.006677
-0.168490 -0.046048
-0.778204 0.512524
-0.045746 -0.003978
0.094142 0.010264
0.140518 0.232923
1.354629 -1.456654
-4.483193 3.644200
-0.125947 0.018787
0.048691 1.227402
-0.175378 0.009221
0.110306 0.023826
-0.476159 0.060675
0.095353 -0.005871
-0.022007 -0.004174
-0.763030 0.888310
-0.082612 0.019470
-0.366010 0.023039
0.143421 -0.010806
0.057571 0.006002
-0.006278 -0.017826
-0.101951 -0.008869
0.161768 0.023607
0.016616 -0.005036
0.112372 -0.035137
-0.102503 -0.000652
0.005471 -0.005382
-1.555409 0.924614
0.015804 -0.005058
1.256976 -0.313739
-0.251824 0.348803
0.550642 -0.067451
0.299842 0.019781
0.216189 -0.013715
-0.430176 0.035337
0.082109 0.001097
1.009347 -1.265782
-0.032661 -0.030278
0.076394 -0.029447
4.586956 -5.913052
0.196815 -0.027355
-4.506507 4.015810
-0.236420 0.016409
0.820029 -2.287947
-0.000975 -0.016877
0.415121 0.155921
0.000338 -0.004595
-0.222367 -0.042429
-0.514502 0.030497
-0.557026 0.377611
-2.604260 1.883409
0.016571 -0.005022
-0.062247 -0.004342
-0.432323 0.027840
-0.522609 -0.046683
0.013217 -0.004005
0.185743 -0.031478
2.209216 -2.739569
0.086592 -0.008517
0.078930 0.004721
0.080303 -0.031033
0.123202 0.023430
0.130850 -0.012389
0.926173 -0.303495
-0.005963 -0.003870
0.225265 -0.014644
0.210390 -0.021596
-0.010036 -0.003805
0.123864 -0.009418
0.035799 -0.038853
1.331779 -0.704489
0.102583 -0.009286
0.023072 -0.000693
-0.334997 0.016296
-0.094557 -0.001466
-0.800077 0.582093
-0.154716 0.008494
0.118248 0.016422
-0.068625 -0.004666
-0.130450 -0.000883
-0.177447 -0.523557
0.104715 0.010747
0.199941 0.077584
0.200273 0.112017
-1.145045 0.545028
-0.030626 -0.032271
0.244029 -0.026238
-0.422097 0.023585
-3.000327 2.509243
0.003119 -0.004574
-0.508613 0.040477
-0.049966 -0.003734
4.641398 -7.050999
1.460440 -1.097324
-0.128810 -0.001053
-0.157764 0.003360
0.116151 0.012220
0.159681 0.192843
0.149059 -0.006724
0.118762 0.063354
-0.052989 -0.003594
0.001472 -0.016101
-0.163400 0.003623
-4.488162 3.715709
-0.515266 0.547787
0.012589 -0.005299
-0.131270 0.002236
-0.258814 -0.013061
-4.485453 3.682486
0.051544 -0.001772
-0.074851 -0.045696
0.632344 0.073480
0.014748 -0.004474
0.408440 -0.037142
-0.309767 0.014394
0.006413 0.046467
-0.000407 -0.004628
0.023726 -0.001084
-1.159813 0.425487
0.083712 0.009645
-0.106839 -0.031431
0.017148 -0.003628
-0.507970 0.245742
-0.010603 -0.003927
0.472763 0.145857
0.017318 -0.003557
-0.033626 0.026517
0.117790 -0.009302
-0.109449 -0.010305
-0.482696 0.027581
3.287700 -3.260571
-0.160711 -0.015522
0.105681 -0.008502
4.568371 -5.545554
-4.537623 4.716613
-0.461936 0.026202
0.272791 -0.026414
0.151145 -0.011259
-3.987179 3.538103
-0.477904 0.029261
-0.033755 -0.004419
1.716325 -1.067636
-0.503079 0.028967
-0.072384 -0.046701
-0.545442 0.042398
0.312104 -0.021261
-0.363968 0.020048
-0.008806 -0.310861
0.556281 -0.052954
-1.800227 2.424300
-0.025642 -0.004704
0.477484 0.030732
0.016214 -0.005083
0.226203 -0.280024
0.192053 -0.012581
0.820770 0.016887
0.125512 -0.014600
0.275980 -0.034403
0.016576 -0.005062
-0.365592 -0.089378
0.483070 -0.002143
0.476579 0.145041
0.079032 0.004522
0.022619 -0.001426
-0.147415 0.008651
-0.412379 0.325614
0.085496 -0.007292
-0.001084 -0.001247
-0.056317 0.023319
0.101763 -0.011768
-0.091838 -0.022391
-0.059259 -0.044169
0.136279 -0.009879
0.480060 -0.455498
0.168559 0.024142
1.214231 -0.838312
0.109834 0.014163
0.200908 -0.025502
-0.259270 -0.027438
-0.660314 0.892865
0.344570 -0.573062
0.802293 -1.496787
-0.006968 0.040586
0.190478 -0.012520
0.108074 0.042320
0.258005 0.019863
0.136143 -0.007965
0.293064 -0.674594
0.565456 0.011315
-0.097270 -0.001322
-0.636756 0.317090
0.219896 -0.013995
-0.113783 -0.001576
0.002441 -0.011352
-0.371810 0.001712
0.102131 -0.008055
-0.124063 0.001891
-0.142601 0.012639
0.099668 -0.009154
0.152406 -0.009320
0.348561 -0.608998
0.134380 -0.010959
-0.055747 -0.004128
0.000431 -0.004592
0.131540 -0.012110
-0.166204 0.003857
-0.466012 0.026471
0.228133 0.025908
-0.014430 -0.017426
0.188587 0.059185
0.313659 -0.021513
-0.828651 0.671248
-0.438547 0.008823
0.178055 -0.033296
-0.120342 -0.049940
1.378003 -1.392592
0.907329 -0.564154
-0.283796 0.012667
0.127847 -0.013623
0.107784 -0.008599
-0.446030 0.036364
0.177690 -0.069924
2.469539 -2.631935
-0.126932 -0.001217
-0.323735 0.033361
-0.006047 -0.004541
0.089413 -0.028572
-0.303264 0.013949
0.296920 -0.388642
0.253554 -0.049243
2.880076 -2.834356
1.630954 -1.036389
0.016600 -0.005029
-3.606092 3.165882
-0.462313 0.028747
-0.017448 -0.039215
0.204113 0.064250
-0.001357 -0.005260
1.309469 -0.439747
-0.034004 -0.033682
0.002778 -0.004694
-0.510564 0.261105
0.000032 -0.005922
0.008850 -0.005070
-4.528083 4.375370
0.078988 -0.031372
0.222287 -0.427045
-0.584551 -0.007070
-0.015312 0.029941
0.019050 -0.002813
4.589398 -5.960509
-4.568478 5.215517
-0.110356 -0.001435
0.254908 0.203229
-0.536218 0.042182
1.559930 -1.307639
0.014604 -0.004802
-0.323365 0.745319
0.106183 -0.027306
-0.059007 -0.003305
-0.208049 0.025667
-0.134541 -0.000107
0.014763 -0.004851
0.542714 -0.068146
0.150552 -0.006772
-0.970974 1.633905
-0.556175 0.220485
-0.383508 0.767667
-0.316113 -0.048063
0.096976 -0.006444
0.129307 -0.013019
0.131782 -0.009532
-0.148486 -0.044607
-0.182988 0.006368
0.294383 -0.044658
-0.111309 -0.051115
0.713419 -0.071426
0.121070 -0.018179
0.148264 -0.004533
0.080896 -0.006987
-0.479642 0.038573
1.088474 -0.481421
0.517672 -1.054310
0.012546 -0.030103
0.150329 0.014903
0.130079 0.044021
0.121355 -0.009374
0.079854 0.003310
-0.103279 -0.009119
0.195035 -0.028120
0.012138 0.033044
1.562588 -1.415234
0.081275 -0.005547
-0.194598 0.025760
-0.110053 -0.026250
0.103834 -0.009330
0.139151 -0.009602
-0.245001 -0.074682
0.002408 -0.004653
1.550875 -0.694482
0.012907 -0.003561
0.064229 -0.034666
-0.484035 0.036521
-0.254944 -0.013316
0.133917 -0.007972
-0.163137 0.003608
1.188634 -0.148582
-0.711618 0.422569
0.114304 -0.009222
0.018964 -0.036233
0.152653 -0.010093
-0.007621 -0.628161
0.005218 -0.014156
0.253494 -0.018382
0.219793 -0.023491
0.023839 0.025908
0.082322 -0.008319
-0.087915 0.003440
-0.364097 -0.001537
-0.521366 0.030655
-4.506653 4.116783
0.659006 -1.155270
-1.027135 0.727887
-0.016552 -0.004958
0.572381 0.007001
0.105514 -0.009321
-0.098038 -0.008156
0.222678 -0.261738
-0.131127 -0.021191
-0.133113 0.374104
-0.185557 0.010063
0.000193 -0.012789
-0.301041 -0.051992
0.017404 -0.003521
0.573980 -0.057650
1.224764 -1.126125
-0.157476 0.007623
-0.120672 -0.001557
0.203151 -0.024456
-0.006691 -0.017703
-0.010262 -0.003842
0.100217 0.018548
0.132733 -0.009990
0.079725 0.008336
0.129996 -0.009506
0.135400 -0.010518
-0.114517 -0.001593
-0.024183 -0.017575
-0.074450 -0.047029
-0.811238 0.755952
-4.571768 5.393253
0.136262 -0.010004
-0.538900 0.081534
-0.209078 0.014020
-3.071661 3.666607
0.090700 0.010172
-0.284541 -0.110887
-0.815126 0.170572
0.294906 -0.312369
-0.502301 0.030098
-1.095249 0.654002
0.073277 -0.029508
0.217007 -0.018634
0.733763 -0.868506
4.568090 -5.538548
-1.424167 1.103336
0.289415 -0.020147
0.038618 -0.003506
0.142169 -0.008380
-0.167289 0.004401
1.480202 -0.425054
-0.158314 0.007364
-0.714320 0.407928
-0.058007 -0.003354
-0.000102 -0.016632
0.144354 0.068427
0.331013 -0.878023
0.557495 -0.066678
-0.343995 0.017109
0.104121 -0.008627
0.018146 -0.005460
-0.005008 0.012870
0.102405 -0.009279
-0.502637 0.040088
-0.390932 0.289071
0.487643 -0.564366
-0.305663 0.027974
0.150273 -0.006454
0.028325 -0.004560
0.250507 -0.022325
-0.009269 -0.003740
-0.166481 0.004818
-0.184545 -0.014756
0.009798 0.303679
0.471937 0.069562
-0.085059 0.003322
1.847308 -1.875333
-0.027712 -0.004078
-0.482790 0.221185
-0.112283 -0.001527
0.916431 -0.339787
0.075758 -0.031078
-0.824568 0.738444
-0.231595 0.009390
0.192415 0.060379
-0.114229 -0.043935
0.067131 0.022566
2.199363 -1.670979
0.002438 -0.300943
0.137325 0.015601
0.752887 0.032397
-0.338876 0.025918
0.353659 -0.193821
0.029187 -0.005785
-0.368331 0.104794
0.012201 -0.004930
-1.891816 1.598205
0.010456 -0.005450
0.000014 -0.005930
0.098444 -0.026359
0.289985 -0.275121
0.013046 -0.003798
0.126748 -0.009462
-0.084930 0.031581
0.415112 0.085378
0.139591 0.020860
0.083095 0.005922
-0.518331 0.396378
1.310301 -1.323724
-0.128932 0.005392
0.622982 -0.001345
0.018526 -0.003040
0.082766 -0.008339
0.099179 -0.008214
-0.125377 -0.001330
0.685115 -0.125944
0.058938 -0.000407
0.080146 0.008594
-2.376047 2.217299
-0.000278 -0.005806
0.293916 -0.413154
0.180612 0.024823
-0.339824 0.086926
0.055235 -0.001126
0.140733 -0.666441
-0.135738 0.002442
0.148389 -0.004601
-0.134545 -0.000155
0.251277 -0.057486
0.015767 -0.000207
0.135653 -0.010398
-0.011292 -0.004296
0.077354 -0.008183
0.155511 -0.033891
0.100140 -0.009176
0.002098 -0.004506
-0.120353 -0.001567
0.423201 -0.038378
0.977779 -0.065769
0.011979 -0.004951
-0.193133 0.007000
0.270881 -0.039939
0.138927 -0.014652
0.169704 -0.113541
0.214122 -0.019664
0.076006 -0.009771
2.107216 -1.809685
0.031329 -0.005631
0.293628 0.488022
1.049131 -0.713324
-0.102760 0.003247
-0.167240 0.004099
0.153272 -0.097553
1.925327 -1.765870
-4.465534 3.977989
0.155371 0.066689
-0.250000 0.025244
0.133364 -0.065113
0.105049 -0.009345
-0.002349 -0.004568
-0.516019 0.030541
-1.814856 1.402003
0.090376 -0.003837
0.117371 -0.009293
0.276283 0.028804
-0.544652 0.042544
-0.775438 0.134150
0.314718 -0.021478
0.256394 0.080678
0.100465 -0.025791
-0.093834 0.001247
-0.082523 0.003108
-0.705700 -0.009426
-0.185092 0.022589
0.353209 -0.467170
-0.242637 0.025500
-0.002626 -0.014737
0.152232 0.014543
0.681128 -0.044735
-0.921972 1.172607
-0.259814 0.018431
-0.925780 0.182595
-0.463278 0.034723
-0.522883 0.030623
1.401803 -1.073865
-0.009712 -0.003767
0.133268 -0.009560
1.491737 -2.811246
-2.867585 2.292650
-0.000109 -0.005892
1.265004 -1.211465
0.956244 -1.064238
0.665792 -0.032674
0.008795 0.026250
0.272735 -0.186787
-3.837685 3.393298
-0.131989 -0.000692
-0.149850 0.010099
0.297817 -0.363376
0.100843 -0.021046
-0.006779 -0.004522
0.201509 -0.012961
1.795580 -0.743325
-0.011880 -0.005681
0.016333 -0.005083
-0.035785 -0.004341
0.148264 -0.005081
-0.219960 0.008668
0.247560 -0.022418
0.552557 -1.099782
0.015320 -0.004987
0.084628 0.040913
-0.263493 -0.182011
-0.024830 -0.029741
-0.000336 -0.005788
-0.016344 -0.020789
-0.192212 -0.014392
0.479503 -0.043426
0.013594 -0.004321
-4.579450 5.515937
0.072140 -0.010813
-0.253969 0.093104
0.188779 -0.223595
0.019239 0.030970
0.283872 -0.021620
-0.331804 0.029391
0.290326 -0.020191
0.118615 -0.009319
-0.513348 0.029703
-0.165010 0.005327
-4.198681 4.118451
0.138327 -0.009961
0.014917 -0.004895
-0.277573 -0.104015
-2.650022 2.121570
-0.164592 0.003701
0.028689 -0.004549
0.582809 -1.456651
3.300644 -3.320379
-4.510748 4.175001
-0.588605 0.152514
-0.257314 0.018218
-0.969490 -0.301311
-0.432983 -0.147195
-0.016604 0.348264
-0.062949 -0.429469
-0.189379 -0.033239
0.161561 -0.034343
0.437407 -0.039594
0.377227 0.022287
0.093423 0.010246
0.043519 0.014269
-0.369785 -0.161776
-0.008971 -0.004466
-1.654395 1.075143
-0.165579 0.005141
-0.002961 0.040886
-2.536636 2.953770
-0.623064 0.473708
0.309815 0.034936
0.162670 -0.026304
-0.959450 0.724343
-0.004606 -0.002224
0.572685 -0.057100
4.490977 -4.029179
0.436543 0.078259
0.142272 -0.010713
0.313608 -0.021350
0.057084 -0.000776
-0.365535 0.023347
0.489961 -0.552772
2.379629 -1.788708
-0.014113 -0.016744
0.018292 0.000003
-0.214475 0.043322
0.223263 -0.016795
0.001255 -0.004446
0.024392 -0.004750
-0.455898 0.028543
0.027963 -0.004571
-1.769038 1.275942
-0.527867 0.739686
0.146530 -0.032544
1.889230 -1.853255
-0.379626 0.065881
-0.066851 0.592224
0.133859 -0.735801
0.884672 -0.237452
-0.052474 -0.001961
-0.416744 0.034478
-0.093646 -0.001515
-0.300820 0.036831
0.007448 -0.006651
0.037205 0.035780
0.082178 -0.007530
-0.165393 0.003767
0.004534 -0.005053
-0.260598 0.018498
-1.445227 1.765471
0.007975 -0.005069
0.004704 -0.005024
0.037260 -0.034996
-0.357030 0.026397
-0.003698 -0.004053
0.078299 -0.397978
0.279438 -0.019662
0.004479 -0.005203
-0.338536 0.016602
-0.534159 0.042068
0.037447 -0.058969
0.226462 -0.015855
-0.008886 -0.003732
1.135371 -0.192996
0.026249 -0.005477
-0.152124 0.009338
0.013532 -0.004278
-0.352590 0.026106
0.313400 -0.021337
0.009530 -0.005063
0.295886 -0.044769
0.124399 -0.015070
-0.011977 -0.006921
-0.012628 -0.012357
0.166218 -0.011618
-0.248202 -0.077148
0.314751 -0.021473
-0.433532 0.032178
0.434745 0.000223
-0.134087 -0.000333
0.142882 -0.008086
-0.823481 0.381273
1.725608 -1.125328
0.309333 -0.029245
-0.127900 -0.001136
0.014013 -0.004563
-0.002813 0.016457
-0.134211 -0.000301
0.016400 -0.005080
-0.081534 0.006782
-0.249321 -0.013525
-0.872424 0.447803
0.252052 -0.085976
0.027188 -0.000319
-0.049900 -0.001055
0.152245 0.142559
0.006979 -0.005061
0.227082 -0.035041
0.043909 0.015700
1.649365 -1.396957
0.618100 0.321086
0.096751 -0.009010
-0.036230 -0.036599
-0.470841 0.777704
-0.946928 0.448228
-0.471877 0.026860
-0.568334 0.440754
0.001585 -0.030140
-0.024219 -0.029258
0.016548 -0.005018
0.176630 -0.033534
0.124526 -0.016578
0.105585 -0.022850
0.097462 -0.028938
0.008981 -0.008004
-0.128391 -0.050877
0.113387 -0.009200
-0.695146 0.407074
0.001710 -0.004603
2.519799 -2.718191
-0.063961 0.035757
0.132902 -0.012502
0.078686 0.007129
0.090160 0.014968
0.148465 -0.004653
0.083782 -0.007591
0.437881 0.153498
0.206024 -0.020689
0.147397 -0.068950
-0.109923 0.005432
-2.221675 1.785052
0.119354 -0.013127
0.052466 -0.001617
1.492040 -1.247712
1.271923 -1.887946
0.100366 -0.028854
0.127260 -0.010149
0.281810 -0.021645
0.177984 -0.539871
0.014444 -0.005352
-0.017194 -0.030203
-0.034065 -0.043349
0.209710 -0.021463
0.188056 -0.012428
0.125171 -0.026742
0.033495 -0.005697
0.519693 -0.047680
0.394131 0.064619
-0.000650 -0.005700
4.513107 -4.753300
0.198540 0.062626
0.140658 -0.008975
0.103995 -0.008590
0.559131 -0.053508
0.060053 0.025187
0.235115 -0.024653
4.594485 -6.049082
-0.000529 -0.005714
-0.217012 0.020210
-0.390661 -0.023752
0.148174 -0.004841
-0.090105 0.003748
0.133186 -0.007973
-2.007218 1.345494
-0.142563 0.002742
1.269889 -0.394103
-0.214856 -0.063619
0.038314 -0.000330
-0.121920 -0.001514
-0.009877 -0.003784
0.016116 -0.000137
-0.785781 1.128798
-0.057006 -0.003402
-4.576698 5.470639
0.085063 0.041512
0.225750 -0.016105
-0.104407 0.001397
1.488424 -2.196794
0.142913 -0.080205
2.561936 -2.797102
-0.390838 0.026805
-0.640755 0.268832
0.041954 -0.004682
3.302763 -3.370206
-0.412623 0.021534
0.891999 -0.013751
0.497796 0.004087
0.045714 0.012998
0.002884 0.022282
0.136514 -0.014463
-0.056403 -0.004145
-0.011608 -0.004708
-2.080175 1.732232
-0.049751 -0.014978
-0.068052 0.016009
-0.220532 0.015022
0.016527 -0.005070
-0.308078 0.163543
0.061124 -0.004953
0.104628 0.012644
0.144155 -0.010866
0.745374 -0.275738
-0.408835 0.526044
-0.401949 0.092062
-1.692836 1.850118
-0.174715 0.022217
4.612660 -6.397690
-2.043375 2.182192
0.111212 -0.008763
0.084592 0.009770
1.250332 -0.717180
0.049701 -0.002068
-0.478369 -0.042270
0.278774 -0.040970
0.116610 -0.018376
-0.863432 2.451337
0.043691 0.015002
0.312933 -0.021308
-0.541179 0.042433
0.008240 -0.005070
-4.491648 3.781303
0.132575 -0.011692
0.134513 -0.010903
0.271908 0.019746
0.207513 0.066897
-2.847348 2.284071
0.091575 -0.029098
1.407014 -0.489318
2.032829 -1.695649
0.159063 -0.011353
-4.222305 4.217294
-0.097506 -0.043651
0.730376 -0.086099
-0.040975 -0.003966
0.105698 -0.009163
0.152012 -0.008646
-0.396178 0.085036
-0.142021 -0.011774
0.271525 -0.019275
0.995321 -0.363675
0.016594 -0.005027
0.879168 -0.007293
0.023342 -0.001197
-0.350136 0.035663
0.354933 -0.707337
-0.509808 0.038804
-0.185446 -0.048520
0.784637 -0.162925
0.152443 -0.010714
1.894798 -1.570271
0.134767 -0.011602
-0.004215 -0.002734
0.134644 0.046910
0.303893 0.095014
0.564575 -0.065616
-0.013342 -0.004359
-1.737151 1.854768
0.039188 -0.006087
-0.004514 -0.017597
-0.012008 -0.007572
0.142849 -0.008102
0.162182 0.271261
-0.151294 0.003102
-0.355553 0.018432
0.147986 -0.011144
0.030869 0.000032
-0.089431 0.002797
0.003971 -0.004906
0.119976 -0.028195
0.155107 -0.069252
1.370728 -1.372006
-0.741906 0.766974
0.739329 -1.282238
0.215609 -0.019118
-0.000812 -0.004653
-0.235068 -0.013569
1.565410 -1.365422
-1.787133 1.804923
-0.006127 0.000633
0.048328 0.322828
0.136293 0.272127
-0.436690 0.032447
0.142734 -0.008153
0.261725 -0.041171
0.346658 0.068002
-0.043028 -0.003967
0.239616 -0.023853
0.345730 -0.181887
0.260433 -0.070156
0.268195 -0.039929
0.007325 -0.012169
0.133267 0.326653
-0.175267 0.011067
-0.104533 -0.392980
0.006236 0.268929
1.759620 -2.243933
-0.103949 -0.009246
-0.000008 -0.005017
0.240533 -0.836528
0.102617 0.041601
0.250683 -0.069491
-0.061188 -0.040786
0.439465 -0.070531
0.532591 -1.021605
0.068559 -0.005770
0.142368 -0.008302
0.082352 0.000901
0.019623 -0.040354
-0.134048 0.000007
-0.021289 -0.004188
0.129153 0.018927
0.093648 -0.005225
0.258229 -0.043127
-0.466415 0.037700
-0.015738 0.042535
-1.393602 1.156442
0.196278 0.061622
0.193165 -0.147307
-0.433580 0.363862
-0.492756 0.029769
0.010630 -0.007374
-0.507914 0.038634
-0.075008 0.011079
1.624498 -1.222905
0.002438 -0.004529
0.096480 0.014756
0.284501 -0.828219
0.131690 -0.068202
-0.082462 -0.002107
1.463878 -1.174969
0.013688 -0.004383
0.191360 -0.019145
0.101377 0.052569
0.160651 0.012198
0.016576 -0.005023
0.106097 -0.028677
0.004009 -0.037301
0.273863 -0.019390
-0.087176 -0.001858
0.013003 -0.002000
0.141134 -0.007898
-0.069117 -0.041851
-4.481323 3.613656
0.091540 -0.010977
-0.089040 -0.001759
0.135004 -0.067012
0.091636 0.008602
0.097600 -0.009052
-0.358458 0.025993
0.045777 -0.001596
0.094201 -0.171491
0.243188 0.348333
0.000419 0.026236
-0.162294 0.003562
-0.230094 0.026493
0.304900 0.020052
0.113848 -0.009211
1.205519 -0.641494
-0.574856 -0.018042
0.233008 0.074698
-0.068645 -0.015357
-1.137239 0.896652
0.286194 -0.070508
0.916456 -1.113760
0.976205 -0.357826
0.187233 -0.012397
2.186454 -3.074420
0.124621 -0.227367
0.220208 -0.022354
0.053389 -0.001458
-4.104661 4.246482
1.990550 -1.644949
-4.572920 5.409721
-1.049714 0.812443
-0.075438 0.043266
-0.625954 0.812275
0.053042 -0.003223
0.042949 -0.001224
-0.136456 0.002474
1.036640 -0.168682
-0.180188 -0.057858
0.043175 0.007843
0.151921 -0.011003
1.546544 -2.456873
0.037087 -0.005806
-0.146086 0.011399
0.950495 -0.170915
-0.025204 -0.017481
0.121596 -0.017940
-0.224807 -0.013520
-0.806864 0.359915
0.024656 -0.001088
-0.061308 0.020461
0.185152 -0.135567
0.226366 -0.014902
0.125353 -0.027988
0.134516 -0.011722
0.081195 0.009048
0.022263 0.016923
0.092984 -0.027758
0.397745 -0.070447
4.597263 -6.099111
-2.392166 2.334385
1.024922 -1.457297
0.079483 -0.029384
-1.722994 1.660902
-0.460490 0.034483
0.149506 -0.011206
-0.162227 0.006179
0.226238 -0.014865
2.304493 -2.038363
-0.220693 0.012978
-0.357759 0.026193
-0.365799 0.020750
0.195530 -0.020447
-0.451452 0.028405
-0.132697 -0.000591
-0.126682 -0.001236
-1.857733 1.817267
0.136836 -0.010516
0.133950 -0.011136
-0.412671 -0.163051
-0.920695 0.276210
0.119730 0.016791
0.135253 -0.011371
-0.599270 0.162697
-0.047392 0.468116
0.050591 -0.005025
0.172076 -0.034099
0.015293 -0.000332
-0.432482 0.132176
2.755035 -2.776374
-2.166666 1.624068
-1.887905 1.770905
1.194860 -0.249752
0.590641 0.015974
0.381331 -0.034927
0.298442 0.125908
0.056079 -0.007323
-0.037647 0.030396
0.023681 -0.005622
0.012053 -0.004944
-0.064602 -0.045304
0.285614 -0.019963
0.251701 -0.055101
0.016592 -0.005058
0.266533 -0.159150
-0.000306 -0.005797
2.011169 -2.439890
1.141371 -1.299588
-0.119706 -0.001583
0.008501 -0.009207
0.238895 -0.017651
-0.243941 0.017064
0.210291 0.025602
0.053564 -0.033702
0.103770 0.018458
-0.086793 0.031130
0.143028 -0.007925
0.013353 -0.004779
0.304851 -0.028897
0.293292 -0.044459
-0.009795 -0.003775
-0.905508 0.556736
0.160555 -0.110382
-0.506540 0.029210
-0.044590 -0.001485
2.778407 -2.957071
-0.005722 -0.000335
0.016613 -0.005051
-0.347004 0.017412
0.009613 -0.005062
0.485673 -0.707456
0.169180 -0.011727
0.201784 0.025455
3.573330 -3.043109
-0.108511 -0.050874
-0.219764 -0.013541
1.150751 -0.270272
0.139493 -0.007928
0.080382 0.008715
0.135210 0.025532
0.018037 -0.003251
-0.163451 -0.111840
0.282427 -0.041768
0.088237 0.010072
1.692154 -2.374450
0.050623 -0.001922
-0.810164 0.193247
-0.051118 -0.004035
0.142665 -0.007885
-0.522691 0.286247
0.016037 -0.005077
1.759201 -1.867524
-0.159872 0.006888
0.077401 -0.011228
-0.064560 0.001598
-0.051013 -0.014898
-0.721085 0.762408
1.590111 -1.324654
-0.180422 0.006207
-0.269871 -0.027938
0.457384 -0.607889
0.028605 -0.002247
0.016580 -0.005024
0.014330 -0.004581
-0.448850 0.609645
-0.441981 0.024889
-0.014794 -0.004326
-0.468420 0.028945
0.049017 -0.004957
-0.223120 -0.013522
-0.171018 -0.173593
0.019562 -0.005243
0.279681 -0.021672
1.004662 -1.094232
0.327903 0.020246
0.013913 -0.004674
0.006963 -0.004289
-0.354211 -0.122745
0.299693 0.032604
0.175621 -0.527358
0.016610 -0.005033
-0.134403 -0.000239
-0.577970 0.142621
0.070628 -0.005745
0.509362 -0.069797
0.254876 -0.018451
-0.152632 0.026101
0.641757 -0.042241
-0.366832 0.022032
0.242281 -0.025909
0.016229 -0.005083
-0.083027 0.032027
0.007434 -0.012023
1.249261 -1.455394
0.141000 -0.008838
0.052947 -0.005129
-0.118347 -0.011974
-0.000730 -0.005679
0.139603 -0.009411
-0.293208 -0.009551
0.023032 -0.005584
-0.413284 0.034259
0.322485 -0.148479
1.307488 -0.846845
-0.481452 0.029381
0.110717 0.018614
0.016006 -0.005168
-1.919939 1.775263
-0.408685 0.022707
1.347295 -3.001386
0.175894 -0.580258
0.251073 0.019951
-0.054284 0.043520
-0.748184 0.340352
0.020763 -0.002102
-2.212184 2.123626
0.222975 -0.016871
0.005732 0.276785
0.053616 0.008313
1.363972 -0.435659
0.544798 -0.067980
1.727561 -1.179617
-0.054149 0.000729
0.340663 0.474854
-0.097123 0.000367
1.374657 -1.199641
0.009446 -0.005064
0.046014 -0.002610
0.039345 -0.004608
-0.044390 -0.003971
-0.085325 -0.049290
1.120712 -0.086971
-4.508865 4.045433
0.014112 -0.004610
0.175944 0.053936
-0.423823 0.031353
0.038075 -0.004570
-0.264139 0.018797
-0.262119 0.011292
0.082654 -0.011643
0.088388 -0.008624
-0.216062 0.049461
-0.164635 -0.015475
0.046611 0.016280
0.260782 -0.070574
0.003163 -0.004748
0.107629 -0.613893
-0.165572 0.003784
0.309689 -0.021522
-0.000365 -0.004626
0.774025 -1.259943
-0.832771 1.488617
0.079370 0.008061
0.013980 -0.004547
0.258939 -0.018653
1.714806 -1.252423
-0.012072 -0.008639
0.276139 -0.019501
0.015761 -0.005053
0.108365 -0.009414
-0.212474 0.025639
0.007388 -0.006592
-1.838873 1.826955
1.663514 -1.327055
-0.054325 -0.042963
-0.365786 0.023192
0.060796 -0.000018
0.143945 -0.006476
0.224420 -0.014501
1.823045 -1.826122
-0.041661 -0.003965
-0.252086 0.703035
0.140053 -0.007918
-4.162456 4.045739
0.145029 0.015559
0.007979 -0.007313
0.116998 -0.041326
0.011661 -0.005272
0.156029 0.099313
-0.240285 0.016746
0.109351 -0.012354
0.122095 -0.009387
-0.611602 0.341665
0.021953 -0.004956
0.135574 -0.010437
0.004204 -0.041415
0.081872 0.001294
0.489226 -0.499840
0.003484 -0.005639
0.028314 0.016768
0.302215 -0.021517
-0.148341 0.021336
2.201695 -1.182294
0.005572 -0.005040
-0.071332 0.019186
-0.376523 0.031987
-0.054267 0.037173
-0.643001 0.732458
0.331352 -0.030963
0.004579 -0.010111
0.985878 -1.192711
0.094510 -0.005557
0.253040 0.108008
0.022794 -0.001369
-0.076774 -0.005279
0.218318 -0.018207
0.203056 -0.024273
0.009362 -0.005066
-0.015841 -0.020001
0.436574 -0.864461
-0.128133 -0.001115
0.142985 -0.008031
0.012639 -0.004882
0.098251 -0.006870
0.866736 -0.001407
0.034283 0.000015
0.720152 -0.105580
-0.047501 -0.038017
0.021270 -0.000322
-0.436859 -0.044709
0.067513 -0.007786
-0.321072 0.025724
0.122483 0.013407
0.093138 -0.012468
-0.007365 -0.004484
-0.043650 -0.000144
-0.325988 0.015573
-1.340135 0.980260
2.426866 -2.758632
0.260303 -0.022051
0.019094 0.028995
-0.452838 0.779082
-0.354041 0.095728
0.531824 -1.060988
0.007071 -0.005062
0.280507 -0.019715
0.102132 0.011889
-0.532493 0.040922
-0.162137 0.005061
-3.811163 5.450756
-0.739861 0.327814
0.081589 -0.477750
-0.016920 0.040249
-0.531900 0.041937
-0.063122 0.019323
0.017491 -0.003484
0.050296 -0.007088
-0.487642 0.027913
0.448423 0.027908
0.396068 0.452500
-0.006050 0.000430
-0.118059 0.627656
0.084581 -0.007622
0.055545 -0.003797
0.249167 -0.027261
0.149992 -0.006144
1.198165 -1.384829
-0.101570 0.001215
-2.044844 2.023544
3.184571 -4.612168
-1.421828 1.200966
-0.425896 0.143495
-4.218921 4.176051
0.000004 -0.005928
1.983210 -1.605398
-0.166993 0.004592
0.013152 -0.001754
4.278342 -4.356665
-3.888494 3.416052
0.058667 -0.004476
-0.011868 -0.005596
0.938160 -0.885722
0.133235 -0.027666
0.570113 0.037080
0.015455 -0.004262
0.005977 -0.005613
0.093578 0.041185
0.036528 -0.004442
-0.010431 -0.004429
-2.838481 2.490507
0.084285 -0.029618
-0.000870 -0.005541
-0.028368 -0.017165
0.546813 -0.067809
0.523576 -0.069278
0.006702 -0.005057
-0.000947 -0.005627
0.062330 -0.005159
0.149071 -0.005188
-0.518928 0.030139
0.221034 -0.017399
0.285856 0.019714
0.940873 -1.225304
0.296106 -0.325058
0.124714 -0.052196
0.812215 -0.019913
-4.510894 4.185212
0.141888 -0.007885
0.004041 -0.004922
1.320885 -0.384700
0.008111 -0.007540
-0.251579 0.010633
0.468127 -0.070459
0.447059 -0.612989
-0.029454 -0.017049
-2.793539 3.028322
0.439413 0.072101
-0.002478 -0.004155
-0.004557 0.013737
0.029156 -0.005565
0.105760 -0.009312
0.044504 0.016957
0.061598 -0.009980
0.224776 -0.016389
-0.195677 0.010901
-0.545185 0.042540
0.154825 -0.011195
-0.006152 0.010012
4.588024 -6.361118
0.120620 0.019869
1.807121 -1.701573
0.020289 -0.000168
0.008332 -0.010257
-0.007112 -0.003791
-0.117568 -0.011835
-2.757682 2.662211
-0.509676 0.029434
0.216088 -0.021895
-0.539853 0.697733
0.182075 -0.032458
-0.149253 0.010302
-0.254604 -0.082415
-4.487799 3.719187
0.015527 -0.004238
-0.347962 0.017514
-3.500185 2.820556
0.016483 -0.005075
4.617245 -6.495750
1.112267 -1.260353
0.201067 -0.379680
-0.108011 0.003677
0.144926 0.048602
-0.167417 0.005393
0.099490 0.042786
-0.113038 -0.001554
-0.000573 -0.005720
-1.105759 0.612160
1.097482 -0.159209
0.043276 0.001397
0.143411 -0.027221
0.395321 0.090650
0.009217 -0.005122
0.135523 -0.009668
0.023719 -0.035914
0.016189 0.313501
0.122803 -0.015747
0.485017 -0.696834
4.507226 -4.282422
-0.016948 0.040068
0.083298 0.009575
-0.006201 0.000841
0.223939 -0.014430
-0.151820 -0.054584
0.090435 0.069967
-0.010728 -0.003969
0.212105 -0.021401
-0.489401 0.039217
0.013348 -0.001501
4.492353 -4.059704
-0.166660 -0.055604
-0.541828 0.042461
0.231433 -0.024059
0.313236 -0.021517
0.052435 0.051642
0.217076 -0.013776
2.799537 -3.145554
-0.085791 -0.046538
-3.876551 3.426553
0.189213 -0.018935
0.129425 0.014681
0.123617 -0.015401
-0.232352 0.016054
-4.511632 4.098036
0.099166 -0.009052
-0.001699 0.017516
0.132563 -0.009545
0.096276 -0.016156
0.101817 -0.009157
-0.212416 -0.056200
0.014636 -0.004812
0.012127 -0.005068
0.092397 -0.012440
-0.000466 -0.005750
1.652674 -0.882713
0.296338 -0.044052
-0.139249 0.002598
0.296479 -0.044497
-0.143028 -0.015049
0.146282 -0.085735
-0.109963 -0.001411
0.180372 -0.012141
0.269127 -0.019157
-0.007590 -0.003765
3.021476 -3.030408
-0.522134 0.030440
0.136092 -0.009768
-0.102524 -0.031322
0.058013 -0.005355
0.266372 0.027773
-0.333774 0.016194
0.226321 -0.330032
0.119255 0.012785
-0.205734 0.011736
0.105671 -0.009294
-0.102564 0.004805
-0.011929 -0.038665
-1.896379 1.742188
1.922046 -1.905568
-0.455632 0.619314
0.568512 -0.055720
0.003360 -0.004781
0.015819 -0.004139
0.006571 -0.037107
-0.016897 -0.021599
-0.099060 -0.001227
0.214793 -0.013624
1.249808 -0.752676
0.025919 -0.001439
0.012768 -0.002783
-0.536032 0.106082
0.000018 -0.005914
-1.948921 1.934256
-0.162584 0.003577
0.243014 -0.022570
-0.349112 0.028374
0.185043 -0.070081
0.032104 0.034691
0.086171 -0.001672
-4.005790 3.927851
-2.798205 2.791201
-0.267367 -0.023503
0.326826 0.039846
0.102400 -0.025219
0.458124 0.071400
3.120518 -4.417299
-0.505973 0.038459
-0.545601 0.042503
0.882246 -0.308028
0.257424 -0.797072
0.090629 -0.028303
-2.454632 4.652959
0.349048 -0.451686
-0.299562 -0.125042
2.120815 -1.091996
1.536115 -2.223567
-1.015754 0.683747
0.799878 0.023223
0.278877 0.019718
-0.100091 0.004595
-0.246196 -0.203885
-0.038358 -0.037562
-2.117028 1.988112
-0.348078 0.028610
0.096950 -0.008119
-0.358951 0.237919
1.511573 -0.633581
-0.510649 0.029505
0.036900 -0.000175
-0.161919 0.006271
0.131902 -0.007970
0.760242 0.002789
1.470005 -1.251889
-0.156143 0.008040
1.105876 -1.937440
-0.093801 0.019760
0.213081 -0.020065
-0.038068 0.043945
0.055995 0.553164
1.690291 -2.328943
-0.066087 -0.004522
0.854691 0.003930
0.043128 -0.000270
1.330725 -0.281023
0.541050 0.026759
0.118262 -0.019418
-0.002697 -0.004285
0.122458 -0.009394
-0.246262 0.017265
0.164769 -0.016744
-0.364335 0.020162
0.574951 0.350291
0.141475 -0.010648
-0.000500 -0.005740
-0.295639 -0.121486
-0.804099 0.068461
-0.115899 0.020363
-3.769668 4.984996
-1.691817 1.927250
-0.166340 0.003876
0.136219 -0.010053
-2.733372 4.057895
-0.046969 -0.040810
