-0.516433 0.029938
-0.045924 -0.003917
-1.316482 1.295758
1.532516 -1.367765
0.480060 -0.455498
-0.270843 -0.097401
0.225052 -0.023264
-0.543675 0.042121
0.276283 0.028804
-4.501839 3.941275
0.103587 -0.013288
-0.404156 0.017065
0.056850 -0.005303
0.102679 -0.017719
0.096459 -0.008996
-0.275387 0.025477
-0.074780 -0.002508
0.303532 0.076795
0.145874 -0.011001
1.716325 -1.067636
-0.050461 -0.044177
0.005618 -0.009559
-0.433431 0.035547
0.013625 -0.004342
-0.000022 -0.004609
0.129023 -0.009744
0.139006 0.245749
-0.469956 0.026732
0.310860 -0.021523
-0.114155 -0.051354
-0.020125 0.040106
0.296920 -0.388642
0.060539 -0.029718
0.001017 -0.004585
-0.010957 -0.004068
0.344501 0.097519
-0.086239 -0.001907
0.207875 -0.022274
-0.124555 -0.001382
0.005092 -0.005031
0.549992 -0.051847
0.036445 -0.000132
0.854691 0.003930
0.161030 0.012211
0.120596 -0.009359
4.591100 -5.983914
0.014763 -0.004851
0.186402 -0.012366
0.017580 -0.003447
-0.262798 0.018684
0.222050 -0.017119
-0.012072 -0.008639
0.148579 -0.522416
0.140889 -0.008882
0.234687 0.008474
0.204778 -0.554281
0.006746 -0.006067
0.086182 -0.008498
1.105876 -1.937440
-0.266151 0.040565
-0.110062 0.001759
0.010456 -0.005450
0.130817 -0.007966
0.313456 -0.021516
-0.133504 -0.000456
-0.000814 -0.005658
0.013003 -0.002000
1.655942 -1.053160
-0.487031 0.039061
-0.482790 0.221185
-0.177150 -0.015088
-0.147415 0.008651
-0.114229 -0.043935
-0.091838 -0.022391
-0.656773 0.344282
0.051770 -0.005077
0.016620 -0.005041
1.443894 -1.079913
0.007706 -0.005068
-0.776301 0.768891
0.011374 -0.004997
-0.004720 -0.003968
-1.949811 1.446804
0.000201 -0.004600
-2.694725 2.297767
-0.828651 0.671248
-0.907231 1.415607
-1.032427 0.401905
0.313236 -0.021517
0.175982 0.021761
-0.486028 0.027804
0.262043 0.006930
-0.120729 -0.012388
-0.065657 0.019045
1.205436 -1.400367
0.512344 -0.069705
0.159036 0.051398
0.142047 -0.007883
-0.823481 0.381273
0.287757 -0.584660
2.944087 -2.383441
-1.007481 0.417875
0.007434 -0.012023
-1.898266 1.637958
-0.132427 -0.000631
0.249042 -0.022371
-4.557334 5.111172
0.216551 -0.018789
-0.037560 -0.041613
0.150473 -0.009592
0.101570 -0.007892
-0.123226 0.001850
-0.210861 -0.062850
-0.818834 0.747994
0.013094 -0.005046
-0.262119 0.011292
0.174908 -0.011939
-0.026655 -0.004671
0.470168 0.030017
0.146770 -0.009537
-0.056317 0.023319
0.071409 0.040711
0.043296 0.002013
-0.240285 0.016746
0.891926 -0.314669
0.422753 0.070863
-0.308077 0.003138
0.977779 -0.065769
0.016584 -0.005025
0.162256 0.050007
-0.467705 0.082869
0.991671 0.026656
4.588024 -6.361118
-0.104896 0.020057
0.013849 -0.004478
0.007144 -0.016673
0.134323 -0.009592
0.099214 -0.007178
0.094691 -0.008024
-0.330127 0.032235
-0.549209 -0.047337
-0.299896 0.013722
-0.228876 -0.064062
0.170594 0.008009
-0.505847 0.030219
0.097874 -0.009066
0.064185 0.053402
0.155467 0.050636
0.133131 -0.011468
0.147154 -0.010907
-1.415357 1.221360
-0.017116 -0.002330
0.768531 -0.518150
-0.508613 0.040477
-1.724262 1.087604
0.141779 -0.008532
-0.134528 -0.000095
3.340935 -2.823943
-0.116663 -0.001615
-0.115601 -0.001609
0.180612 0.024823
0.091819 -0.028032
0.122458 -0.009394
-0.170041 0.005557
0.225089 0.025847
0.105749 -0.009207
0.217442 -0.025993
-1.465709 1.991557
1.684382 -1.655355
-0.167196 0.004474
0.012494 -0.004899
-2.511818 1.856361
0.076006 -0.009771
0.207464 0.078435
2.880076 -2.834356
0.060955 -0.032975
0.358312 0.064814
0.050984 -0.005042
-0.105492 -0.001034
0.796414 -0.222284
-0.466024 0.034959
-0.445333 0.150568
0.093876 0.009312
-0.005421 -0.003912
-0.426487 0.957223
0.149950 -0.011210
-0.123268 0.026333
-0.008478 -0.003734
0.018942 -0.002860
0.142913 -0.080205
-0.520504 0.535394
0.120209 -0.009352
0.291482 -0.424964
-0.366832 0.022032
1.367606 -0.967007
0.008332 -0.010257
0.141000 -0.008838
0.054258 0.040691
2.729626 -1.822413
0.148780 -0.011183
0.197224 -0.544571
0.030869 0.000032
-2.216861 3.347214
-0.589026 -0.009343
0.222678 -0.261738
0.213318 -0.013536
0.295448 -0.020438
0.122037 -0.048352
3.229702 -2.703059
0.040069 -0.038367
0.808494 -0.889773
0.046261 0.508329
-0.354028 0.018226
0.013383 -0.004161
1.466231 -1.220234
-0.512356 0.040720
-1.289552 1.019477
-0.642636 0.368048
-0.192212 -0.014392
-0.091995 0.344974
0.236932 -0.024958
-0.196925 -0.014178
-0.012526 -0.018157
0.293551 0.078127
0.044067 -0.001253
0.132613 -0.012643
-4.506507 4.015810
0.183864 -0.012271
-2.020536 1.853959
1.137861 -0.595894
-0.120353 -0.001567
-0.448850 0.609645
0.140441 -0.007911
0.048148 -0.006365
0.207239 -0.022561
-0.097609 0.004384
0.293634 -0.042005
0.254876 -0.018451
0.097163 0.010347
0.618100 0.321086
0.135070 -0.007970
-1.025325 1.387932
0.001544 -0.004596
0.134682 0.044639
-0.407840 0.099417
0.135935 -0.007966
0.632344 0.073480
0.071054 0.004931
-0.214772 -0.013605
0.052435 0.051642
0.157036 -0.289369
0.141561 -0.003711
0.300818 -0.747714
0.074559 -0.008070
0.100973 -0.007715
-0.446030 0.036364
-0.011952 -0.006460
-0.006047 -0.004541
-3.564810 3.423407
0.117173 0.012401
0.043519 0.014269
-1.732213 1.254990
-0.160005 0.007951
0.233471 -0.022921
-0.010338 -0.020372
-0.334539 0.031413
-0.241527 0.016854
0.173585 0.054904
-0.017830 -0.022854
-0.185033 -0.057654
-0.041661 -0.003965
-0.376523 0.031987
0.186922 -0.025079
-0.117701 -0.001612
0.084143 0.009710
0.178128 0.024707
0.001936 -0.004615
0.105603 -0.009308
0.170622 -0.371444
0.830186 -1.268036
-0.108746 -0.010169
-2.357703 2.241779
-0.837519 0.920452
3.182508 -2.562720
1.232117 -1.203136
0.133619 0.006218
-0.808591 0.075242
-0.003994 -0.004028
0.304094 -0.021517
-0.126980 0.018405
-0.648248 0.476321
0.059183 -0.035594
0.225750 -0.016105
-0.292158 0.027275
-0.030893 -0.043198
-0.514155 0.040835
1.119200 -0.331916
0.202842 -0.013018
-0.560403 0.390621
4.618726 -6.560723
-0.104340 -0.000947
0.234275 -0.070570
-0.238765 0.042390
-0.000069 -0.005906
0.089441 0.007907
0.133243 -0.010025
0.003696 -0.004845
-0.101629 -0.000517
-0.146823 -0.032540
0.564043 -1.087545
-3.043676 5.486350
-0.987287 0.349342
0.155303 0.022977
0.588262 -0.642114
0.050197 -0.005008
0.252498 -0.027973
-0.021595 -0.004827
-0.078082 0.008972
-0.001647 -0.004658
0.016597 -0.005028
-0.059013 -0.004223
0.112173 0.011584
-0.090105 0.003748
0.339560 -0.070380
4.600099 -6.146696
-0.187645 -0.058922
0.217194 -0.753497
-1.104442 0.486128
0.049962 0.018843
4.491395 -4.043842
-0.011010 -0.018133
0.083954 -0.006502
-0.003960 -0.017509
-0.062775 -0.044934
1.174704 -0.230024
-0.185483 0.025830
-0.006278 -0.017826
-0.131000 -0.000819
-0.601598 0.450229
0.005544 -0.005413
-0.362566 -0.160262
2.836387 -2.728159
2.086002 -1.491372
0.312933 -0.021308
0.009446 -0.005064
-3.660942 6.369113
0.272735 -0.186787
-0.486194 0.040881
0.030190 -0.000001
0.254468 -0.101674
-0.498414 0.039811
-0.682283 -0.027198
0.018513 0.216555
0.142393 -0.007881
0.247727 0.080730
-0.095914 -0.051015
-0.002633 -0.004142
0.300186 -0.021519
0.555095 0.115054
-0.235489 0.014208
0.101445 -0.009237
0.055235 -0.001126
0.148412 0.049240
1.176377 -1.108094
0.044672 0.037106
-0.012015 -0.007713
0.323122 0.097142
2.143288 -3.099647
-0.017194 -0.022012
-0.055000 -0.003498
1.518601 -0.742393
0.013412 -0.004185
0.571781 -0.063982
0.002169 -0.004631
-0.023178 -0.017663
0.016589 -0.005059
0.008397 -0.010011
0.133433 -0.009564
0.112451 -0.009177
-0.539853 0.697733
0.156334 0.085018
0.436543 0.078259
-0.030654 0.031803
-0.021585 0.044626
-0.104622 -0.009374
0.016846 0.030065
-0.163903 0.003654
0.006423 -0.005053
-1.573960 1.553685
0.303472 0.004581
0.019398 -0.005820
-2.874730 2.286501
-0.011531 -0.005063
0.005761 -0.005509
0.002969 -0.004719
0.006450 0.291263
-0.000196 -0.013049
-0.536687 0.041342
-0.533101 -0.202474
0.029785 0.025807
-3.769668 4.984996
0.386000 0.092661
0.097033 -0.025974
-0.261356 0.018562
0.096200 -0.008087
0.152666 -0.011114
0.407481 -0.070473
-0.111333 -0.043902
-0.044590 -0.001485
0.150828 -0.007094
-0.165971 -0.015450
0.450144 0.151367
0.136514 -0.014463
0.102655 -0.008206
0.268117 -0.026053
-0.013577 -0.015448
-0.200467 0.023165
0.036474 -0.006004
0.313818 0.075141
-0.124869 -0.013058
0.199819 -0.020010
-0.167364 0.004300
0.013947 -0.004530
0.007675 -0.006899
-0.263976 -0.028791
-0.495189 0.028424
0.272346 -0.579464
0.005471 -0.005382
0.136450 -0.069897
-1.714715 1.176004
-0.263493 -0.182011
0.184818 -0.025186
0.148166 -0.084169
-0.145202 -0.015179
0.269127 -0.019157
0.080093 -0.005308
-0.001051 -0.004271
-0.005474 0.041914
0.016533 -0.005069
0.014409 -0.004733
0.043273 0.004752
0.225452 -0.014680
-0.058318 -0.001580
0.024062 -0.005411
-0.142269 -0.032416
-0.348561 0.030339
-0.045981 -0.037619
0.015374 -0.004997
0.390712 -0.626000
0.128184 -0.009482
0.024570 -0.004606
0.006236 -0.005051
-3.987179 3.538103
-0.012385 -0.011168
0.014245 -0.004668
0.564575 -0.065616
0.573980 -0.057650
-2.237166 2.774393
0.531270 -0.068896
0.246348 0.079538
0.559142 0.010253
0.009504 -0.041082
0.272063 -0.033122
-0.175267 0.011067
0.129216 -0.013893
0.004479 -0.005203
0.012821 -0.002465
-4.520313 4.230667
0.160340 -0.026419
0.016609 -0.005053
-0.001041 -0.005447
0.136348 -0.007964
-0.946928 0.448228
0.088967 -0.010778
-0.528133 0.041712
-0.001786 -0.004981
-0.243872 -0.013596
0.081589 -0.477750
-0.584923 0.253698
-0.229297 0.009247
0.092178 -0.004627
0.198535 -0.188494
0.365144 -0.033630
-0.260598 0.018498
0.556325 0.068873
1.470005 -1.251889
1.272199 -0.753162
0.062990 -0.005573
0.660516 -0.056709
0.156272 0.013567
-0.920695 0.276210
-0.051118 -0.004035
0.162632 0.052205
0.253494 -0.018382
0.021795 0.031850
-0.111967 -0.026193
1.362961 -1.340845
0.131148 -0.009522
-0.135838 -0.014457
-0.043928 -1.574687
0.129425 0.014681
-0.828537 0.727432
0.228709 0.073113
-1.424167 1.103336
-1.434823 0.910003
0.015527 -0.005023
0.271718 -0.021801
0.061518 0.003721
-0.049783 -0.004016
-0.149850 0.010099
0.003228 -0.004759
-0.494689 0.120654
1.311271 -1.151796
0.133186 -0.007973
-0.527867 0.739686
0.033796 -0.003817
-0.000178 -0.004699
0.094343 0.309317
-0.390661 -0.023752
0.557731 -0.053231
0.194356 -0.012670
-0.009701 -0.004447
-0.047112 -0.043998
-0.045988 -0.015275
0.402646 -0.070460
0.084075 -0.008399
0.279375 -0.217606
0.034207 -0.006429
0.013752 -0.004422
0.282070 -0.027131
0.313175 -0.021323
-0.124063 0.001891
-0.195904 -0.307889
0.171581 -0.017325
-0.481452 0.029381
-0.082112 -0.046242
0.018941 -0.005256
0.146816 0.184743
0.266465 -0.031455
0.358514 -0.546791
0.299693 0.032604
1.286595 -0.674693
0.219896 -0.013995
0.053253 0.136090
1.097482 -0.159209
0.211805 -0.403239
-0.203322 -0.013919
-0.448028 0.042152
0.013906 -0.006188
0.685115 -0.125944
3.948676 -4.287053
0.139779 -0.007923
0.434061 0.026574
0.088862 -0.003115
0.070660 -0.007112
0.102756 -0.009293
0.188056 -0.012428
4.374059 -6.005642
-0.519675 0.030631
0.024792 -0.005433
-0.009741 -0.042181
0.014566 -0.006194
0.436574 -0.864461
0.168072 -0.311229
0.105130 -0.009343
-0.285320 -0.007619
0.251701 -0.055101
-0.064148 -0.001201
-1.854391 1.371435
-0.364621 0.023826
-0.059214 0.036488
0.096075 -0.026301
-0.166993 0.004592
4.596616 -6.082424
-0.673205 0.241166
-0.112283 -0.001527
0.297020 -0.337819
0.085652 -0.008515
0.139918 -0.007920
-4.499679 3.911263
0.194041 0.060663
-0.522970 0.030580
-0.250620 0.017642
0.090148 -0.010521
0.275009 -0.019446
0.133364 -0.065113
0.073240 -0.002865
0.100649 -0.008277
0.300351 -0.118739
-1.722994 1.660902
-0.589561 0.191357
-0.087942 -0.006554
0.651530 -0.174287
0.140658 -0.008975
0.003499 -0.004802
0.002513 -0.015675
1.765439 -1.174108
0.260494 0.084354
-0.122973 -0.052079
-3.185978 2.716234
0.412658 0.024744
0.037087 -0.005806
-0.339824 0.086926
-0.166601 0.004770
0.103550 -0.009322
-0.332530 0.016091
-0.385633 0.055034
0.033033 -0.004029
-0.486488 0.774027
-0.171155 0.010710
-0.308171 0.014283
-4.504416 3.988031
0.105671 -0.009146
0.497136 -1.039831
0.801993 -0.045355
0.013166 -0.003949
-0.006614 -0.003823
-2.351281 2.851420
0.140315 -0.007913
-0.394048 -0.163957
0.167189 0.460555
0.012962 -0.003667
1.271923 -1.887946
0.050296 -0.007088
1.769705 -1.139544
-4.510748 4.175001
0.131971 -0.011936
-0.042236 -0.229036
0.863691 -0.215133
0.155978 0.022389
-0.117357 -0.001614
0.000103 0.019811
0.126215 -0.014304
0.022715 0.026841
-0.482696 0.027581
-0.111309 -0.051115
0.250683 -0.069491
-3.703205 3.264332
0.019239 0.030970
-0.134496 -0.000196
0.034637 -0.004511
0.012338 -0.006226
0.257502 0.098169
-0.139658 0.043628
-1.826886 1.801713
-0.247387 0.017363
0.021793 -0.001712
-3.346855 2.657975
0.016214 -0.005083
0.922804 -0.284841
-0.519459 0.030184
4.567664 -5.533045
0.013551 0.028666
0.112921 -0.009189
-2.235252 1.945732
0.148877 -0.032968
0.016899 -0.003729
-0.232352 0.016054
-0.130499 0.002200
-0.264548 0.016627
-0.513813 0.174377
-0.041820 -0.038981
-0.010666 -0.003947
-0.258172 -0.029546
0.017796 0.000008
0.277442 -0.026773
0.498097 0.050887
-0.557800 0.503780
3.531438 -2.994959
0.148345 0.040337
0.635340 -1.144326
0.022673 -0.004704
0.750654 -0.181157
-0.425896 0.143495
1.385524 -0.462165
0.152341 -0.009193
1.491456 -1.273409
0.094936 -0.008920
-0.898954 0.253430
0.023925 -0.001027
0.081641 0.001493
0.006436 -0.005835
-0.734913 0.258266
0.167617 0.011911
-0.409289 0.774241
0.310096 -0.021523
0.051110 0.018555
-4.413143 3.877543
0.169532 -0.025962
1.544295 -0.794367
-0.301041 -0.051992
-0.095727 0.000714
-1.382406 1.882962
1.079121 -0.143524
-0.918937 0.517196
-1.091676 1.253699
-0.086832 -0.020449
0.194193 0.010627
-1.251231 0.700735
0.079483 -0.029384
0.042147 -0.038116
0.043517 -0.004737
-0.068810 0.015478
1.643719 -1.340549
0.135728 -0.010361
0.322624 -0.030281
-0.064845 0.018198
0.090059 0.010150
0.137873 -0.007950
-0.005963 -0.003870
-0.016948 0.040068
-0.098042 0.000159
-0.433532 0.032178
-0.124344 -0.031908
0.003158 -0.419066
-0.533489 0.726994
-0.888271 0.470674
0.212291 -0.013477
-0.416744 0.034478
0.118693 -0.017495
0.095558 -0.008951
0.780240 0.027941
0.000669 -0.004587
0.285068 -0.037828
0.105681 -0.008502
-0.379626 0.065881
0.133859 -0.735801
0.279681 -0.021672
0.267906 -0.019097
0.048936 0.018988
0.104361 -0.008697
-0.334443 -0.527189
0.096163 -0.008981
0.045871 -0.004827
0.000957 -0.012287
-0.111520 -0.001495
0.289985 -0.275121
-0.687412 0.402139
-0.307363 -0.020377
0.050701 -0.029843
-4.488162 3.715709
-0.016216 0.033149
0.007834 -0.007100
0.098439 -0.008182
-0.006790 0.007102
0.119616 -0.360942
0.657535 -0.275909
0.294383 -0.044658
-0.458422 0.170281
0.012768 -0.002783
0.057422 -0.004213
-1.122772 0.515208
0.241821 0.077917
0.058930 0.015933
0.189006 -0.024973
0.241008 -0.070582
-0.155677 0.008187
0.071988 -0.033049
0.000718 -0.004587
0.195616 -0.019572
0.022447 -0.001484
0.152617 -0.010439
0.080673 -0.005411
0.226775 -0.015055
0.013116 -0.003891
3.510898 -4.087592
0.088973 -0.008630
-0.142970 0.026181
-0.130450 -0.000883
-0.180343 -0.057166
0.016440 -0.005078
-0.285327 0.870266
-0.688072 0.495175
1.575566 -1.103025
0.004995 -0.005030
0.035063 0.028321
-1.117806 0.587771
-0.011111 -0.004157
-0.126808 0.020677
0.219793 -0.023491
0.058013 -0.005355
-0.975944 0.555015
-0.063532 -0.004398
-1.181410 0.883079
0.006813 -0.006115
-0.017559 -0.004934
0.476495 -0.043137
0.530706 0.051339
-0.051783 -0.004046
0.428102 0.071457
-1.470128 0.793405
0.210243 -0.547421
-0.139869 -0.014820
0.076936 0.040803
-4.485401 3.672278
-0.008582 -0.003733
0.306212 -0.020960
-0.167321 -0.015419
0.206024 -0.020689
0.017930 0.026001
0.519693 -0.047680
0.135437 -0.009659
0.106097 -0.028677
-0.512485 0.029639
0.084461 -0.007987
0.131364 -0.009525
0.107712 -0.023503
0.563961 -0.083077
0.093592 0.042254
-0.128934 0.002126
0.435126 -0.616634
0.016543 -0.005018
0.221984 0.490827
0.552557 -1.099782
0.882246 -0.308028
-0.001373 -0.004245
-0.056003 -0.003450
1.882795 -1.870734
0.016055 -0.005078
0.259694 -0.752995
-0.282822 -0.008452
0.142238 -0.008353
-0.000448 -0.004631
-0.064200 -0.044978
0.002052 -0.004623
-0.155085 -0.044948
-0.012648 -0.042327
4.494407 -4.087280
-0.000618 -0.005671
