-0.838327 0.051062 -0.399013
-0.096611 -0.124716 -0.055374
0.048983 0.018773 0.025659
0.324575 -0.013259 0.144320
0.042531 -0.037797 0.020907
1.852342 -0.524186 0.762370
-2.338261 -5.249783 -3.427762
0.464677 -0.151981 0.210100
-0.265431 -0.326887 -0.138999
-0.149463 0.070056 -0.038456
-0.130628 0.153716 -0.051899
1.591197 -0.380614 1.295707
0.318226 -0.056728 0.141888
-0.056413 0.018270 -0.010153
-0.629914 1.189231 0.065135
-0.418055 0.106988 -0.176763
-0.030485 -0.020513 -0.008818
0.359648 -0.025271 0.156658
-0.017357 -0.030687 -0.002170
1.427661 -1.098315 0.271619
0.609849 -3.079184 0.219494
-2.783203 1.922436 -4.520288
3.277063 -2.895865 4.508598
-0.791127 0.054974 -0.341456
0.028160 -0.033163 0.016108
0.990289 -0.500419 0.402833
-0.001194 0.019274 0.004197
-0.374108 3.834888 0.609512
1.597199 -0.574271 0.652126
-0.722037 -0.267010 -0.318974
0.071875 0.188244 0.051553
1.268666 -0.126428 0.570733
-0.068215 -0.139057 -0.045933
1.400052 -0.475567 0.585010
1.113454 -0.530444 0.407999
0.717051 -0.065709 0.316731
0.409698 -1.418069 -0.035808
-0.332151 0.019450 -0.139492
-1.388793 -0.162037 -0.963565
-2.042850 0.853343 -1.756700
-0.029965 0.140827 0.015959
-0.004853 -0.121462 0.002873
-0.938693 -0.250064 -0.415556
0.219508 0.040579 0.109671
0.521742 -0.049065 0.229973
-0.069659 0.024333 -0.015640
-0.010158 -0.030511 0.000281
-2.487892 -3.838104 -2.598077
0.034690 -0.034879 0.018311
-0.145913 -4.719994 0.898262
-0.404767 -0.043769 -0.172029
0.359810 -0.025471 0.156936
1.301942 -0.435965 0.504352
0.178600 -0.115002 0.081930
0.201364 -0.105157 0.082855
-1.901857 3.462206 -0.925678
-0.954478 -0.443487 -0.826785
0.919016 -0.761550 0.226243
-0.024019 -0.019025 -0.005996
0.070844 0.493774 0.073620
1.291483 0.052438 0.589577
2.032526 -1.462663 2.011495
-0.139990 -0.102798 -0.068670
-0.519910 0.210776 -0.185505
-0.875856 -0.010471 -0.380271
-0.043166 -0.022732 -0.012725
-0.046613 -0.020713 -0.012933
0.643073 -0.072225 0.297198
0.491264 -0.509066 0.161181
0.110051 -0.057078 0.045439
0.542501 -0.330816 0.167859
0.398187 0.066059 0.190108
-0.169370 0.080041 -0.045324
0.393015 -0.090037 0.174253
0.204326 -0.051386 0.093003
-1.177828 0.492798 -0.386771
0.045067 -0.038836 0.021757
2.455534 0.172858 1.538636
2.397289 -0.045764 1.700160
0.231839 -0.015763 0.103620
-0.361234 0.102853 -0.135206
1.777045 -0.815767 0.732569
-0.336837 0.033125 -0.131180
-0.361322 -0.073072 -0.156790
0.600068 -0.107160 0.274011
-0.017451 -0.024940 -0.002935
0.078837 -0.002988 0.037586
1.278615 2.288808 1.454270
0.176519 -0.079247 0.080463
0.653071 -0.096906 0.288914
0.999010 -0.333036 0.385216
0.190426 -0.101241 0.084240
1.343290 -1.952206 0.420022
0.625600 0.036981 0.292012
-0.011504 -0.017353 -0.000456
-1.079993 0.068241 -0.702765
0.207671 -0.056194 0.098511
-1.246884 0.051408 -0.550904
0.280422 -0.089729 0.111900
0.514431 -0.053812 0.226729
-0.671295 -0.186122 -0.305683
1.790692 -0.593470 0.746399
0.511925 0.639647 1.118927
0.349001 -0.264358 0.133601
-0.945286 -2.720405 -1.626026
0.469424 -0.072077 0.207163
0.325022 -0.100754 0.144988
-0.196423 -0.087715 -0.079309
0.201136 -0.024996 0.083818
-0.617265 -0.321686 -0.275060
0.129159 -0.082521 0.060136
-0.501673 0.205328 -0.178389
-1.061484 -0.606781 -0.788594
-0.124276 0.016593 -0.048016
0.248510 -0.074719 0.098929
0.743824 -0.481997 0.158226
0.876458 1.995496 1.344546
-4.301089 -0.996664 -4.520288
-0.285196 -0.111107 -0.130752
2.223866 2.107024 0.107524
-0.424559 -0.338128 -0.182891
0.311895 -0.432780 0.116478
-1.082907 0.297582 -0.494836
0.224000 -0.013974 0.099408
-0.065466 0.018401 -0.023206
-0.387854 -1.743140 -0.754150
-0.176105 -0.383681 -0.085410
-0.874455 -0.046730 -0.381529
0.335256 -0.050409 0.149421
0.150153 0.126860 0.060486
-0.049575 0.014848 -0.007429
-0.272622 0.020667 -0.107016
0.439603 -0.177825 0.170279
0.029291 -0.027466 0.017131
0.216451 -0.043277 0.115772
-0.259977 -0.058257 -0.107192
0.000933 -0.030789 0.005462
-2.244008 -0.017174 -1.581828
0.027229 -0.026145 0.016280
2.537178 -0.358450 1.299136
-0.035707 1.201024 -0.246239
1.247518 0.096594 0.572411
0.776114 -0.480230 0.314411
0.511315 -0.055558 0.225357
-1.012349 -0.227141 -0.448009
0.202904 -0.020411 0.085902
0.349980 2.513691 0.992969
-0.136555 0.226098 -0.035618
0.136553 0.175294 0.078434
1.266179 -0.513364 4.508598
0.439885 0.044754 0.204435
-3.844539 2.622721 -4.520288
-0.564122 -0.106995 -0.246367
-1.899693 -2.403674 0.749337
-0.034743 0.006638 -0.001838
1.292902 -0.686907 0.441444
-0.010513 -0.030463 0.000134
-0.629481 0.310015 -0.234530
-1.228679 -0.076112 -0.536416
-0.744770 -0.358246 -0.563937
-3.088885 -0.213144 -2.633916
0.029202 -0.027664 0.017085
-0.166004 0.015422 -0.065285
-1.030397 -0.185229 -0.450621
-1.379547 0.486201 -0.548560
0.022581 -0.026907 0.013628
0.405317 0.062523 0.192659
0.812074 4.360013 2.172833
0.197666 -0.053098 0.090120
0.201169 -0.029613 0.082755
0.143586 0.070951 0.082445
0.343324 -0.436477 0.129940
0.301262 -0.007928 0.136201
1.765620 -0.447611 0.953588
-0.024974 -0.019213 -0.006418
0.532291 -0.038516 0.234800
0.483462 -0.329289 0.218900
-0.035011 -0.021860 -0.010673
0.288939 -0.049419 0.129042
0.019378 0.122586 0.035535
2.069577 -1.789767 1.357124
0.236177 -0.038595 0.106800
0.052786 -0.048007 0.024092
-0.809066 0.046813 -0.349433
-0.241578 -0.083994 -0.098924
-0.997748 -0.321483 -0.808121
-0.374376 -0.065723 -0.161333
0.319038 -0.138167 0.124432
-0.182445 0.015207 -0.071969
-0.329961 -0.038586 -0.136421
-1.339114 1.614052 -0.210154
0.275663 -0.087683 0.110007
0.626566 -0.545207 0.212783
0.686099 -1.484181 0.214521
-1.897499 0.070940 -1.170851
-0.134887 0.062601 -0.033589
0.559164 -0.125702 0.253851
-1.012346 0.133442 -0.440137
-2.986913 -2.173208 -3.015352
-0.003549 -0.016846 0.003043
-1.197237 -0.143335 -0.529771
-0.134373 -0.090614 -0.052416
-0.480921 -1.015873 4.508598
1.727630 0.641465 1.473730
-0.326169 -0.040599 -0.134715
-0.390717 -0.001801 -0.164770
0.306647 -0.100409 0.122034
0.723073 -2.285420 0.175526
0.356250 -0.024428 0.155515
0.400377 -0.485614 0.127239
-0.141664 -0.090388 -0.055570
-0.027323 0.002055 0.000758
-0.404298 -0.011039 -0.170650
-4.214631 1.588825 -4.520288
-0.352048 -0.476727 -0.511947
0.018809 -0.086281 0.012908
-0.326684 0.020847 -0.137126
-0.669991 0.092069 -0.271215
-4.254097 1.135654 -4.520288
0.121877 -0.093710 0.053807
-0.267962 0.215519 -0.080477
1.686287 -0.805935 0.664431
0.025596 -0.032771 0.015205
0.948239 -0.256097 0.425202
-0.749721 0.070560 -0.323147
0.091758 -0.412700 0.008974
-0.012426 -0.030208 -0.000646
0.053749 -0.042491 0.024758
-2.131344 0.479588 -1.192012
0.221479 -0.057259 0.087994
-0.323288 0.256483 -0.113222
0.033018 -0.034356 0.017755
-0.847304 -0.547095 -0.519052
-0.036633 -0.022367 -0.011272
1.417778 -1.962024 0.500178
0.033562 -0.034521 0.017937
-0.042044 -0.385399 -0.033856
0.274015 -0.054139 0.122698
-0.293745 0.024108 -0.114925
-1.155222 0.077571 -0.503301
2.455562 1.382799 3.280607
-0.430257 0.055034 -0.168772
0.245229 -0.071788 0.110077
1.784128 0.418769 4.508598
-2.936681 0.993025 -4.520288
-1.106333 0.100371 -0.481663
0.630307 -0.312881 0.283903
0.353707 -0.020544 0.157474
-3.507961 3.411647 -3.994803
-1.140548 -0.139567 -0.498209
-0.095155 -0.091376 -0.035501
2.376284 0.798507 1.743021
-1.203127 0.047291 -0.524546
-0.263533 0.117982 -0.077950
-1.284668 -0.018323 -0.568187
0.736648 -0.046658 0.325267
-0.874488 -0.007206 -0.379540
-0.556106 2.994021 -0.023324
1.285944 -0.110934 0.579013
-0.350043 -4.345681 -1.762479
-0.075427 -0.091509 -0.027033
1.233960 -0.527152 0.500627
0.028209 -0.026495 0.016709
0.082192 0.272594 0.222823
0.453231 -0.076703 0.200178
2.048455 -0.545232 0.858792
0.284202 0.002198 0.130512
0.624618 -0.090817 0.286858
0.029146 -0.027097 0.017088
-1.064689 0.408379 -0.386518
1.191926 -0.835712 0.504768
1.425778 -0.737573 0.505126
0.201085 -0.028990 0.082852
0.050406 -0.041078 0.023583
-0.355934 -0.163220 -0.153691
-0.474649 -0.154315 -0.415241
0.197026 -0.059713 0.089033
-0.008344 0.047575 -0.001190
-0.104030 -0.120936 -0.057734
0.229900 -0.183292 0.105820
-0.270507 0.076733 -0.097103
-0.226520 0.099370 -0.064105
0.319061 -0.027462 0.142000
0.414489 0.366684 0.479660
0.457409 -0.183456 0.177405
1.567560 -2.064770 1.227499
0.294234 -0.130222 0.115524
0.453223 0.037663 0.208805
-0.695619 0.319521 -0.272376
-0.124969 1.102503 -0.646721
-0.122969 0.698585 0.332279
-0.561174 -5.817011 0.769639
0.048385 -0.250024 -0.005299
0.449417 -0.077709 0.198534
0.337889 -0.032693 0.115059
0.672432 -0.470619 0.270682
0.321986 -0.040929 0.141951
-0.425044 0.752524 0.273533
1.417348 -0.476619 0.591661
-0.248088 -0.083325 -0.101753
-1.044119 0.207211 -0.650277
0.520052 -0.050264 0.229219
-0.289643 -0.051659 -0.119029
-0.016804 0.005823 0.002003
-0.925107 0.325127 -0.388608
0.237152 -0.018138 0.106388
-0.309328 0.024908 -0.129608
-0.337149 -0.085704 -0.148465
0.229144 -0.042599 0.103759
0.360152 -0.029113 0.158887
-0.174392 1.104821 0.334729
0.312490 -0.016355 0.139961
-0.149446 0.015814 -0.058479
-0.010277 -0.030495 0.000232
0.303457 -0.009385 0.136936
-0.410875 -0.018869 -0.173569
-1.115938 0.096300 -0.485912
0.608533 -0.226610 0.239771
-0.069203 -0.001628 -0.015932
0.566973 -0.323227 0.200043
0.740075 -0.015319 0.326880
-0.917433 -0.530508 -0.833610
-1.078092 0.387529 -0.458020
0.383091 0.073369 0.184533
-0.388483 0.249105 -0.128241
1.040303 1.813950 1.372199
1.282696 -1.320794 0.920760
-0.688198 0.088581 -0.296079
0.291683 -0.002056 0.133001
0.250299 -0.071059 0.112271
-1.049785 -0.213918 -0.464534
0.319724 0.440853 0.182348
1.602684 0.361337 2.454566
-0.321773 -0.042524 -0.132759
-0.752081 -0.146533 -0.336825
-0.026329 0.019119 -0.006539
0.170475 0.063145 0.092089
-0.734343 0.075529 -0.316370
0.073026 0.573614 0.291447
0.543630 0.092649 0.262687
2.215555 0.742077 2.874969
2.228821 -2.910297 1.651488
0.029262 -0.027567 0.017114
-3.277547 -1.444744 -3.620185
-1.102942 -0.157192 -0.481934
-0.113905 0.164462 -0.020151
0.614199 -0.340722 0.216519
-0.015871 -0.024923 -0.001670
2.452906 -0.245056 1.348015
-0.145710 0.068146 -0.037190
-0.004602 -0.031133 0.002681
-0.827636 -0.164666 -0.521059
-0.013541 -0.027659 -0.000251
0.009885 -0.033014 0.009010
-3.393862 -3.593698 -4.520288
0.139732 0.072680 0.081054
-0.178484 0.349682 0.211558
-1.464569 4.079445 -0.606280
0.009429 0.054733 -0.014542
0.039147 -0.036466 0.019784
1.198112 -0.735682 4.508598
-2.284831 3.542961 -4.520288
-0.280869 -0.053613 -0.115440
0.977215 -0.789972 0.276266
-1.262335 -0.086099 -0.558552
1.617994 -0.007078 1.567673
0.024677 -0.025807 0.015039
0.463539 -1.506219 -0.301940
0.214398 -0.048665 0.109684
-0.156163 -0.089855 -0.061847
-0.477795 -0.314492 -0.216246
-0.338824 -0.026048 -0.140661
0.024988 -0.025801 0.015202
1.226839 0.113026 0.564087
0.359885 -0.025587 0.157074
0.366978 -4.858126 -0.937364
-1.009206 0.186234 -0.570729
0.351544 -1.407640 -0.363639
-0.871811 0.372485 -0.332796
0.227062 -0.014472 0.101076
0.296348 -0.004837 0.134557
0.308458 -0.040646 0.137315
-0.449440 0.189496 -0.157406
-0.448360 0.131317 -0.190993
0.652839 -0.000537 0.305599
-0.367999 0.164196 -0.118858
1.639366 -0.463063 0.742348
0.267040 0.017166 0.125694
0.358010 -0.024901 0.154791
0.186089 0.128925 0.084237
-1.129027 -0.180887 -0.499571
1.859253 -0.161457 1.114776
-0.514193 0.595035 0.489832
-0.023625 0.206280 0.011652
0.396296 -0.133217 0.157897
0.395566 -0.349051 0.138138
0.282768 -0.051498 0.126421
0.201064 -0.025527 0.083652
-0.276356 0.021217 -0.108417
0.434154 0.047762 0.202537
0.083115 0.106659 0.014307
1.447109 -1.143581 1.564724
0.189492 -0.060330 0.084706
-0.444176 -0.320467 -0.202179
-0.322451 0.092464 -0.116334
0.239216 -0.036263 0.108106
0.326681 -0.014546 0.145016
-0.740690 0.283480 -0.259763
-0.005455 -0.031069 0.002295
2.598858 0.100431 1.588354
0.022568 -0.027876 0.013326
0.097346 0.091159 0.065462
-1.143348 0.119647 -0.504264
-0.660810 0.090989 -0.267181
0.316431 -0.042967 0.139623
-0.403668 -0.010488 -0.170375
2.649288 -1.532288 1.234341
-1.049866 -0.051682 -0.723427
0.265472 -0.056447 0.119058
-0.018095 0.134505 0.018063
0.359449 -0.031315 0.159108
-1.095935 3.395905 -0.035813
-0.014671 -0.006738 0.004769
0.596064 -0.114465 0.264130
0.503608 0.090342 0.228646
0.100091 -0.405648 0.026190
0.187369 -0.055436 0.085665
-0.216662 -0.070147 -0.091740
-0.911533 0.325554 -0.380703
-1.245317 -0.048412 -0.543585
-3.707568 -0.729315 -4.520288
-0.333667 3.057121 0.633227
-1.307550 -0.464597 -1.038471
-0.053215 -0.091502 -0.017542
1.427030 -0.591838 0.598655
0.243417 -0.030987 0.109863
-0.261659 0.019210 -0.102889
0.104604 0.237329 0.220030
-0.366290 0.103918 -0.138119
0.303407 -1.374561 -0.121032
-0.448450 -0.336269 -0.193492
-0.024859 0.008690 -0.000418
-0.841124 0.366717 -0.317232
0.033839 -0.034607 0.018029
1.321472 -0.054888 0.597291
1.113339 2.173283 1.224572
-0.382731 -0.060657 -0.164261
-0.306767 -0.047436 -0.126231
0.460586 0.033694 0.211201
-0.050394 0.019555 -0.007855
-0.035638 -0.022058 -0.010911
0.277771 -0.251689 0.105682
0.310045 -0.059140 0.138287
0.209317 -0.045441 0.083762
0.304054 -0.043086 0.135449
0.315781 -0.019822 0.141050
-0.291502 -0.051234 -0.119798
-0.093756 0.033700 -0.026135
-0.269237 0.120730 -0.080125
-0.731405 -0.863248 -0.811182
-2.030844 -0.189253 -4.520288
0.318803 -0.025465 0.141975
-1.202216 0.360559 -0.559406
-0.500211 -0.130495 -0.217897
-1.352469 -0.285115 -3.033491
0.239782 -0.069811 0.095326
-0.900519 0.352557 -0.302849
-1.727717 0.423882 -0.843882
0.198067 0.435980 0.293065
-1.199292 -0.103585 -0.523678
-1.596197 2.872559 -1.110593
0.128687 0.176901 0.075172
0.504963 0.007984 0.225972
0.341704 2.693714 0.724174
1.794001 -0.662402 4.508598
-1.639994 -0.923835 -1.435310
0.682251 -0.085143 0.301600
0.086716 -0.091704 0.040208
0.336276 -0.021734 0.148230
-0.412649 -0.031119 -0.174678
2.874091 -1.450740 1.526163
-0.385260 -0.059042 -0.165150
-1.081254 -0.088192 -0.726968
-0.153755 -0.089951 -0.060804
-0.032151 0.005077 -0.000914
0.472719 -0.504210 0.154237
-0.678797 3.957725 0.305498
1.265676 0.080351 0.579614
-0.829991 0.035558 -0.358801
0.241133 -0.021099 0.108441
0.032380 -0.086065 0.018710
0.005972 -0.059417 -0.004602
0.235746 -0.038885 0.106614
-1.183169 -0.152142 -0.523541
-0.483592 -0.112461 -0.394603
0.248051 0.634846 0.482253
-0.716412 -0.303123 -0.318185
0.359731 -0.025366 0.156797
0.059275 -0.003430 0.029396
0.581925 0.068005 0.260815
-0.032990 -0.021233 -0.009868
-0.409927 -0.037281 -0.173813
-0.488254 0.066518 -0.193652
0.539296 -0.421222 0.025039
1.286212 -0.431209 0.496733
-0.209751 -0.181459 -0.088759
1.368873 2.354805 1.838733
-0.079516 0.018025 -0.029166
-0.826728 -0.561821 -0.493920
-0.285827 -0.052517 -0.117460
1.681256 -0.474891 0.941629
0.132188 0.079525 0.077691
-0.793860 -0.764633 -0.826001
-0.564090 0.114608 -0.241662
0.578526 -0.327476 0.204103
-0.363019 0.161286 -0.121560
0.202231 -0.237140 0.071289
2.513809 -1.146395 2.219075
-0.511150 0.844281 -0.012048
0.365123 -0.122629 0.144335
1.910299 -0.531618 0.788584
-0.802307 -0.249085 -0.353013
0.546019 -0.011018 0.360296
0.059331 -0.085443 0.030237
-0.741110 0.492318 -0.379930
0.018472 -0.032515 0.012520
-1.934702 -1.202995 -1.900314
0.013235 -0.121303 0.010670
-0.013599 -0.026948 -0.000270
0.196741 0.051275 0.101639
0.249311 0.378321 0.289740
0.022508 -0.027341 0.013459
0.296044 -0.046719 0.132055
-0.161214 -0.167922 -0.087245
1.172970 -0.548607 0.438071
0.379734 -0.158263 0.146961
0.213591 -0.107840 0.087167
-0.617114 -1.046544 -0.522441
0.990911 2.549647 1.304070
-0.315477 -0.345128 -0.134521
1.536878 -0.476737 0.651185
0.037454 -0.035836 0.019225
0.188440 -0.055208 0.086128
0.229530 -0.073860 0.103294
-0.318095 -0.043914 -0.131139
1.478290 -0.625876 0.710063
0.142623 -0.095696 0.061603
0.210805 -0.047184 0.084216
-2.059427 -0.859851 -2.377211
-0.014114 -0.028873 -0.000569
0.023731 0.626028 0.287112
0.488552 -0.193037 0.190039
-0.700812 0.506013 -0.350996
0.132172 -0.094613 0.057697
-0.791493 1.056678 0.114864
-0.337456 0.018033 -0.141787
0.358204 -0.024862 0.154918
-0.338917 -0.027274 -0.140667
0.523929 0.105494 0.259904
0.035416 -0.039791 0.016479
0.316616 -0.020924 0.141320
-0.038980 -0.022988 -0.012011
0.175228 -0.115223 0.080477
0.325974 0.098174 0.160933
0.230280 -0.042035 0.104251
-0.005975 -0.016965 0.001979
-0.305988 -0.047649 -0.125898
0.982632 -0.247477 0.440575
2.287137 -0.532744 1.018974
0.017882 -0.032534 0.012287
-0.472517 0.128293 -0.201567
0.602526 0.055558 0.281257
0.317508 -0.175009 0.144533
0.225462 -0.051068 0.171884
0.496035 0.013603 0.222906
0.169161 -0.187224 0.078990
2.083259 -1.345075 2.115372
0.064930 0.018373 0.032484
1.558832 -1.195196 0.330128
1.377339 -1.233377 1.061838
-0.253966 -0.348042 -0.107265
-0.413041 -0.025192 -0.174641
0.211824 0.011369 0.155486
1.731628 0.039199 1.927661
-3.819006 -0.652846 -4.484399
0.497163 -0.308194 0.165685
-0.582817 -0.327608 -0.260123
0.217589 -0.019304 0.136256
0.242218 -0.033036 0.109375
-0.017161 -0.024860 -0.002674
-1.232340 -0.071506 -0.537999
-2.073233 0.761685 -1.829735
0.215075 -0.013966 0.094304
0.272986 -0.054430 0.122260
0.733035 -0.257766 0.290247
-1.282477 -0.046084 -0.567353
-1.692525 0.445525 -0.804140
0.742762 -0.025088 0.327990
0.772050 -0.583877 0.271936
0.202747 0.048489 0.103780
-0.235148 -0.064523 -0.098035
-0.203800 -0.181977 -0.086118
-1.764763 0.675847 -0.738064
-0.425933 -0.351850 -0.192394
0.079254 0.389302 0.346466
-0.564082 -0.298636 -0.252415
-0.035206 0.012811 -0.003460
0.400418 -0.134480 0.159869
1.605652 -0.470841 0.709876
-0.298962 -2.547501 -0.906290
-0.618813 -0.075030 -0.270727
-1.975318 0.625817 -0.958915
-1.095175 0.140803 -0.482649
-1.249106 -0.032227 -0.545172
1.626615 0.691858 1.413477
-0.034140 -0.021587 -0.010332
0.312108 -0.038193 0.138867
-1.101787 -3.719930 1.426066
-3.031067 0.761404 -2.889410
-0.013840 -0.026389 -0.000396
1.068453 1.609530 1.263027
0.560061 -0.560712 0.947809
1.588578 -0.473440 0.694426
0.063194 -0.104081 0.010482
0.356948 0.258414 0.276022
-3.417152 -0.807278 -3.853153
-0.333469 -0.036216 -0.138021
-0.359527 -0.074046 -0.156168
0.118346 0.524423 0.293617
0.211781 -0.052627 0.104406
-0.028120 0.019098 -0.007303
0.476100 -0.069972 0.210046
3.078853 -1.290139 1.841189
-0.042808 -0.022859 -0.012693
0.028507 -0.026638 0.016833
-0.100079 -0.091318 -0.037620
0.357073 -0.024990 0.154764
-0.536395 0.119150 -0.229534
0.574445 0.070292 0.257729
-0.504898 5.609865 0.527312
0.026145 -0.025903 0.015778
0.277109 -0.318385 0.090473
-0.969512 1.154834 -0.284047
-0.116128 0.033543 -0.027406
-0.014229 -0.028999 -0.000629
-0.079710 0.006825 -0.018097
-0.506704 0.069677 -0.201650
1.113068 -0.207343 0.499197
0.022981 -0.026330 0.014006
-1.864964 1.929516 -4.520288
0.157752 -0.349771 0.074894
-0.477039 0.064308 -0.260971
0.085247 -1.170184 0.186423
0.097267 -0.126051 0.021630
0.665984 0.037975 0.295733
-0.778858 -0.290065 -0.345447
0.684435 -0.084143 0.302549
0.276039 -0.053556 0.123559
-1.227184 0.024990 -0.535248
-0.405397 -0.043103 -0.172249
-3.106066 -0.827921 -4.195195
0.324018 -0.012925 0.144137
0.025299 -0.025811 0.015362
-0.871525 0.338965 -0.295233
-2.821961 1.495578 -2.668582
-0.407131 -0.013811 -0.171892
0.060199 -0.003412 0.029776
-1.044148 4.283925 0.542533
2.392948 1.598811 3.290792
-3.635862 1.409594 -4.520288
-1.204278 0.216966 -0.607947
-0.612965 -0.079551 -0.268123
-2.889303 -0.716196 -1.027560
-1.329485 1.478572 -0.459179
0.549689 -2.254442 -0.000983
-0.893636 3.143357 -0.084846
-0.531793 0.288953 -0.199597
0.340262 0.092460 0.167237
1.015667 -0.238538 0.455368
0.972077 -0.498624 0.395423
0.246688 -0.073735 0.098176
0.129256 -0.069790 0.046200
-1.198251 0.503023 -0.394386
-0.033487 0.019029 -0.009593
-2.229947 -0.218420 -1.678071
-0.407132 -0.041128 -0.172854
0.058880 0.092683 -0.001095
-1.250110 -3.288247 -2.505798
-0.744998 -2.767077 -0.627154
0.826649 -0.281636 0.325599
0.356730 0.126866 0.168787
-1.148511 4.027641 -0.963926
-0.018787 -0.026982 -0.004920
1.319224 -0.061751 0.595964
3.780256 -0.728762 4.508598
1.213749 -0.559682 0.460124
0.332555 -0.051569 0.148225
0.740226 -0.040218 0.326835
0.137376 -0.095131 0.059647
-0.872757 -0.050392 -0.381018
0.273550 0.598392 0.485244
2.731707 -2.426533 2.399604
-0.067249 -0.003246 -0.015567
0.042065 -0.043537 0.019129
-0.463678 -0.266803 -0.222105
0.523649 -0.006216 0.232602
-0.007974 -0.017086 0.001100
0.049152 -0.003565 0.025274
-1.087448 -0.163730 -0.475236
0.058352 -0.003447 0.029016
-2.170912 -0.532650 -1.788143
-0.056429 -0.953286 -0.515749
0.305918 0.105544 0.151609
1.504385 0.730500 1.885270
-0.835306 0.056065 -0.393676
0.841775 -1.768955 -0.041617
-0.927588 1.326842 0.104491
1.775967 -0.373678 0.913408
-0.137595 0.153528 -0.054950
-0.980592 -0.237472 -0.434006
-0.239391 -0.084210 -0.097974
-0.689308 -0.177866 -0.312698
0.003692 -0.028659 0.007467
0.150232 -0.156161 0.040648
0.188356 -0.078224 0.085553
-0.409012 -0.016048 -0.172726
-0.000841 -0.031112 0.004498
-0.620647 -0.073514 -0.271543
-0.587553 -2.351474 -1.424204
0.007704 -0.033164 0.008095
-0.000369 -0.033647 0.004677
0.029598 0.118427 0.037250
-0.846492 -0.083323 -0.371976
-0.019643 -0.018288 -0.004059
-0.487860 -0.487642 0.062470
0.658311 -0.094978 0.291192
-0.001233 -0.121438 0.004434
-0.817319 0.042642 -0.353118
-1.257463 -0.092215 -0.556405
-0.010845 0.508365 0.036275
0.533204 -0.018181 0.235993
-0.032021 -0.020946 -0.009467
2.450160 -0.458619 1.177699
0.052538 0.018694 0.027181
-0.366485 -0.070229 -0.158582
0.022901 -0.026401 0.013944
-0.835983 -0.241051 -0.367341
0.739733 -0.041293 0.326618
0.011588 -0.032896 0.009721
0.656379 -0.010933 0.307165
0.280631 0.004166 0.129326
-0.045165 -0.021703 -0.012855
-0.056065 -0.012775 -0.013801
0.390604 -0.090481 0.173215
-0.752842 0.288191 -0.263229
0.742852 -0.026172 0.328023
-1.026013 0.165850 -0.451672
1.076738 -0.464764 0.454487
-0.338079 -0.030864 -0.140196
0.338553 -0.024826 0.148991
-1.393572 0.092163 -0.842439
2.304394 0.942654 1.749783
0.716181 -0.300802 0.321969
-0.324045 -0.041572 -0.133767
0.023612 -0.025989 0.014432
0.017561 -0.069686 -0.002132
-0.338333 -0.030275 -0.140325
0.028677 -0.026733 0.016903
-0.195068 -0.077951 -0.084906
-0.647197 0.089316 -0.261313
-1.401021 0.008076 -0.890388
0.477310 0.140521 0.259323
0.063678 -0.046577 0.028414
-0.129637 -0.351770 -0.052214
0.618800 -0.379702 0.166106
0.005238 -0.033326 0.007055
0.502043 -0.137364 0.235704
0.132670 -0.072421 0.046677
1.683497 -0.593396 1.656797
2.070488 -1.470670 0.660701
0.222124 -0.045646 0.100716
-0.156234 0.059608 -0.039659
0.150660 -1.204476 -0.454337
-1.581458 1.454437 -0.967572
-1.129754 0.090129 -0.492025
-0.665562 -0.495315 -0.572660
-0.050999 0.211223 0.000191
-0.113781 0.031921 -0.026743
0.029150 -0.027723 0.017060
0.379138 0.075238 0.183031
0.278374 0.011402 0.129385
0.220511 0.034841 0.109276
0.189898 0.164165 0.100485
0.005203 -0.000105 0.009004
-0.410120 0.255073 -0.136701
0.263226 -0.057017 0.118099
-1.035559 -0.278248 -0.706944
-0.007108 -0.030902 0.001568
1.580909 0.538115 2.502850
-0.101851 -0.193185 -0.065119
0.306178 -0.003043 0.138341
0.204670 -0.038838 0.082617
0.246619 -0.425497 0.094986
0.358303 -0.024847 0.154995
0.192248 -0.077868 0.087227
1.344886 -0.707637 0.465105
0.474151 -0.149931 0.214388
0.245983 0.457668 0.150727
-0.268076 -0.175520 -0.114651
-2.394270 0.299989 -2.237320
0.271384 -0.179777 0.124145
0.124437 -0.093920 0.054778
1.555004 1.027562 1.499170
-0.056274 3.784279 1.237696
0.197274 0.162595 0.103526
0.296148 -0.104378 0.132557
0.660822 0.040164 0.293575
-0.481815 1.069023 0.159863
0.023338 -0.086216 0.014844
-0.097894 0.219477 -0.019445
-0.162357 0.184501 -0.037724
0.481998 0.021835 0.218205
0.443550 -0.079204 0.196007
0.262642 0.118475 0.129562
0.070213 0.018214 0.034745
1.204881 -0.167407 0.541011
1.085861 -0.362786 0.415174
-0.014861 -0.029532 -0.000953
2.820692 3.612817 4.485228
0.597579 -0.404735 0.210608
0.331501 -0.017742 0.146622
0.240880 -0.020855 0.108310
1.292011 -0.104611 0.581966
0.189073 -0.417512 0.064012
0.539714 -0.132462 0.244609
1.071434 -1.904163 4.508598
-0.014583 -0.025567 -0.000827
-0.509388 0.541331 -0.225857
-1.015079 1.156066 -0.409282
0.357259 -0.025013 0.154682
-0.221592 -0.180381 -0.094014
0.314611 -0.043580 0.138859
-2.606634 -2.650425 -2.030656
-0.353934 0.013179 -0.148907
2.435056 -0.300222 1.308793
-0.646936 0.264560 -0.227713
0.091376 -0.055899 0.040045
-0.309801 -0.046576 -0.127534
-0.034581 -0.021725 -0.010506
0.036404 -0.040402 0.016847
-0.035014 5.843832 -0.766329
-0.151343 -0.090045 -0.059759
-1.926576 1.572782 -4.520288
0.279216 -0.216132 0.090960
0.531007 -0.014545 0.235237
-0.261224 0.148058 -0.109081
-0.043899 -2.344321 1.448888
0.215621 -0.005589 0.145503
1.552130 0.720034 2.542963
-0.929536 -0.216618 -0.407297
-1.135634 0.897826 -0.656623
0.093018 -0.002747 0.043638
2.321891 1.818068 3.290080
-0.992404 0.319280 -0.430312
2.168598 -0.547337 0.931781
1.238775 -0.662369 0.520529
0.132555 0.123832 0.048432
0.041694 -0.088779 0.004108
0.311825 -0.175649 0.142020
-0.151109 0.015769 -0.059165
-0.040471 -0.023180 -0.012361
-2.155242 0.340487 -2.091566
-0.153024 0.050012 -0.052740
-0.145740 -0.099976 -0.070361
-0.526987 -0.121695 -0.229823
0.029010 -0.026963 0.017036
-0.491519 0.010607 -0.314106
0.140313 -0.061874 0.063667
0.278683 -0.125418 0.110008
0.336981 -0.049626 0.150186
1.372843 -0.777303 0.765743
-0.124406 -1.103772 -0.401716
-0.846072 0.033474 -0.415741
-1.048974 -2.600282 -1.678392
-0.400746 -0.355387 -0.181564
0.557133 -3.912189 4.508598
-1.340883 0.519849 -2.030362
0.258556 -0.069802 0.115847
0.223887 -0.059158 0.088921
1.855021 0.116125 1.272633
0.116780 -0.093320 0.051865
-1.263135 3.176870 -0.499451
0.620368 0.041705 0.289459
0.255597 0.017331 0.121021
2.074796 1.828398 -0.786516
0.130937 -0.071083 0.046416
0.738623 -0.043442 0.326131
-1.274120 -0.067672 -0.563727
0.008364 -0.033119 0.008373
-4.133160 -1.726753 -4.520288
0.306748 -0.011698 0.138039
0.312916 -0.016754 0.140103
0.706746 -0.473825 0.285210
0.627164 -0.413939 0.220195
-3.000695 0.911088 -2.868424
0.174962 0.167321 0.094323
2.599642 -0.173113 1.447710
2.094850 -4.838013 2.033407
0.373253 -0.093521 0.165748
-3.012856 -1.375388 -4.214075
-0.320895 0.146041 -0.104064
1.655936 -0.457769 0.759369
-0.112369 0.016990 -0.043027
0.244143 -0.026677 0.110062
0.360322 -0.027783 0.158509
-0.843728 0.039787 -0.410049
-0.377346 0.545610 -0.149025
0.639326 -0.101664 0.282938
1.831743 -0.273862 1.023036
0.029250 -0.027591 0.017108
2.148580 -0.547917 0.918677
0.052598 -0.042005 0.024350
-0.813637 0.078463 -0.364316
-0.326590 -4.813159 0.338038
-1.203021 0.086310 -0.531102
-0.548069 0.219198 -0.196235
1.658569 -0.540374 0.812358
0.357867 -0.034207 0.158858
1.977265 -1.572518 1.904427
0.312356 -0.006356 0.140334
-0.018682 -0.026351 -0.004535
0.411854 -0.267065 0.143055
0.914268 -0.458016 0.322304
1.284877 0.060343 0.587069
-0.044195 0.018858 -0.014157
-1.148036 -2.479429 -1.724574
0.083731 -0.084648 0.040678
-0.044790 0.012324 -0.005574
-0.046355 -0.020900 -0.012919
0.338445 -0.024613 0.148956
0.863101 -0.728436 0.182674
-0.375053 0.005573 -0.158018
-0.856386 0.016366 -0.370821
0.346039 -0.044786 0.154177
0.073448 -0.050282 0.032279
-0.221536 -0.068571 -0.093357
-0.001992 -0.031188 0.003917
0.247229 0.151768 0.124059
0.264660 0.453491 0.158772
1.057000 1.905397 1.365511
-0.541494 -1.114593 -0.738102
-0.350359 -5.427147 0.712414
0.500662 0.010743 0.224487
-0.013478 -0.030077 -0.001071
-0.611854 0.084761 -0.246414
1.535934 2.022857 1.569141
-1.350023 -0.871141 -1.780657
-0.017699 -0.031443 -0.006370
0.667963 -0.568573 0.066220
0.800235 -0.533546 0.155702
-1.033361 0.163421 -0.454960
0.338072 -0.023969 0.148833
0.577684 0.071747 0.271624
0.974202 -0.631113 0.365657
-0.117485 0.016819 -0.045173
0.552264 -0.322222 0.249345
0.546650 -0.023330 0.352588
0.525091 -0.117949 0.268859
0.595872 0.060129 0.278450
-0.006032 -0.013844 0.007069
0.885813 -0.614578 0.155164
-0.421133 -0.150834 -0.182692
-0.934736 1.359801 -0.128035
0.471066 -0.324933 0.019633
0.546239 5.088374 1.727021
-0.278240 0.021504 -0.109122
-0.012096 -0.121497 -0.000249
-0.833884 3.307628 0.212662
0.323077 -0.330408 0.109312
0.501998 0.121085 0.258697
-0.225553 0.106667 -0.065956
0.968197 0.248532 0.456008
-0.420767 0.253307 0.506975
0.157436 -0.061314 0.071400
0.336906 -0.022421 0.148443
0.203174 -0.020025 0.086146
-0.023487 0.138501 0.018550
-0.337402 -0.022304 -0.140139
-0.063702 0.018445 -0.022457
0.350457 -0.148524 0.135954
0.220855 -0.013716 0.097657
0.565668 0.079087 0.267873
-1.097863 -0.194861 -0.485784
0.029860 0.070883 -0.014372
-1.478883 0.231777 -1.400940
0.590246 -0.331806 0.208201
0.226281 -0.025485 0.194765
-0.462199 -0.201099 -0.435539
-1.176319 -0.119435 -0.513714
0.010385 -0.001051 0.010758
-1.198642 0.089154 -0.529129
-0.171479 -0.087886 -0.077873
1.909628 -4.948171 1.629500
-0.005170 -0.016922 0.002332
0.261995 -0.426774 0.101583
-0.709672 0.964798 0.257223
0.208150 0.465950 0.134342
-0.212545 -0.086560 -0.086310
1.607826 -0.851239 1.473421
0.023110 -0.026232 0.014102
0.440316 -0.156852 0.199132
0.338701 -0.039831 0.108558
0.417368 -0.139181 0.168556
0.029211 -0.027652 0.017089
0.211846 0.159472 0.109525
-0.057179 0.147013 0.002375
0.644934 -0.099772 0.285377
-0.223861 -0.085637 -0.091226
0.025468 -0.032080 0.013501
0.334523 -0.034481 0.147172
-0.247119 0.116213 -0.074297
-4.338408 -0.758925 -4.520288
0.205791 -0.185020 0.095171
-0.228337 -0.085246 -0.093171
0.218434 -0.080099 0.137878
0.239433 -0.114223 0.096228
0.224166 -0.044825 0.101601
-0.850719 -0.079266 -0.373490
0.107810 -0.059459 0.047786
-0.061460 0.116259 0.090118
1.195630 -1.918758 0.270230
0.042303 -0.397600 0.001722
-0.401649 -0.008840 -0.169497
-0.531208 0.539290 -0.239227
0.789121 2.893108 0.318259
0.264354 -0.056733 0.118581
1.873455 -0.106797 1.229443
-1.459362 0.492633 -0.601788
0.703797 -0.374891 0.247230
-0.200736 0.059802 -0.072511
-1.292515 2.411833 -1.143825
0.588483 0.372474 0.295755
0.377916 0.955996 0.903712
1.795460 -0.403415 1.003293
0.441556 -0.079699 0.195148
0.196611 -4.375454 2.134923
-0.081022 0.156018 0.119193
0.506578 -0.327031 0.229127
0.127007 -0.094140 0.055750
-2.731405 -4.758716 -4.076753
2.078770 1.184196 2.001427
-2.008925 0.865590 -4.520288
-1.220753 -0.669543 -1.057890
-0.117628 -0.364555 -0.076749
-0.176818 -1.908310 -0.614647
0.123131 -0.061326 0.055302
0.101399 -0.053941 0.044847
-0.339187 0.017557 -0.142536
2.256027 -0.518034 1.075592
-0.550915 0.231718 -0.191192
0.117435 -0.061278 0.045527
0.356074 -0.036555 0.158298
-0.344409 -5.657258 1.499148
0.078976 0.017921 0.038495
-0.347938 -0.080176 -0.152168
2.046079 -0.776213 0.985264
-0.096141 0.034523 -0.027199
0.268756 0.016297 0.126256
-0.586267 0.081359 -0.235684
-1.388968 0.117318 -0.826099
0.056056 -0.049025 0.025729
-0.121342 -0.112135 -0.063092
0.226356 -0.034767 0.186960
0.534587 -0.033978 0.235939
0.260969 0.148732 0.129691
0.311528 -0.005908 0.140067
0.214192 -0.050760 0.085334
0.080832 -0.410629 0.024104
0.180757 0.058559 0.095862
0.865161 0.287028 0.412390
0.999174 -2.297952 4.508598
-1.909927 1.528295 -2.387513
0.063156 3.590316 1.000144
0.144358 0.173691 0.081667
-1.433971 -0.526259 -1.720783
-1.088698 0.143381 -0.479745
0.349718 -0.042306 0.155763
-0.397019 -0.050705 -0.169298
0.534334 -0.034634 0.235807
2.169989 -1.087442 2.311032
-0.530870 -0.328901 -0.230082
-0.848644 -0.081288 -0.372748
-0.877829 -0.017093 -0.381421
0.448468 -0.332489 0.203421
-1.076701 -0.168067 -0.470594
-0.335059 -0.034852 -0.138756
-0.321182 -0.042759 -0.132498
-1.497713 -1.996791 -1.852985
0.319360 -0.101502 0.142551
0.311119 -0.015137 0.139503
-1.306336 0.554698 -0.439254
-1.806216 0.346634 -0.949185
0.323356 -0.139576 0.125999
0.313961 -0.007230 0.140854
-1.213267 0.206051 -0.618605
0.677859 2.862294 -0.027988
0.113950 -0.002745 0.052651
0.366844 0.080924 0.178242
0.034021 -0.038893 0.015978
-0.853473 -0.005715 -0.445710
2.026186 1.475301 2.745907
-2.525004 3.669497 -2.180475
-1.644796 -1.760748 -1.887102
2.496671 -0.414554 1.237213
1.486992 -0.481576 0.618212
0.884931 -0.270398 0.396966
0.953375 -0.538639 0.318090
0.123700 -0.118101 0.058276
-0.045440 -0.150256 -0.037870
0.045892 -0.085786 0.024488
0.018079 -0.032527 0.012365
-0.241767 0.107206 -0.069746
0.673131 -0.089115 0.297635
0.529047 0.102064 0.260464
0.029192 -0.027154 0.017105
0.388618 0.224700 0.270888
-0.014170 -0.028936 -0.000598
0.830782 2.319028 1.982831
0.618416 -0.167224 1.129929
-0.304406 -0.048074 -0.125223
0.001953 -0.022591 0.008443
0.561040 -0.123077 0.248903
-0.581700 -0.098580 -0.254198
0.563671 -0.214643 0.221103
0.072425 0.102998 0.054360
0.286465 -0.253207 0.109392
-0.166624 -0.165549 -0.089215
0.339190 -0.028118 0.149150
0.021599 -0.032498 0.013732
0.705655 -0.302392 0.317300
0.650470 0.004632 0.304468
-0.034362 -0.021656 -0.010420
-1.298570 0.753629 -0.919502
0.208076 0.024695 0.162474
-1.211245 0.040651 -0.528153
-0.117141 -0.351988 -0.046683
1.794915 3.894874 2.756187
-0.018342 -0.029790 -0.005994
0.029258 -0.027266 0.017127
-0.836932 0.031228 -0.361932
0.011799 -0.032881 0.009808
-0.000723 2.467226 0.473193
0.397786 -0.089142 0.176306
0.542273 -0.208703 0.212203
3.374530 -0.419311 3.593490
-0.360622 0.161181 -0.115921
-0.573768 0.079662 -0.230413
2.358472 -0.431558 1.190085
0.330387 -0.037082 0.145455
0.211600 -0.048067 0.084468
0.376798 -0.270006 0.142605
0.035877 -0.035278 0.018704
-0.601352 2.614225 -0.175472
0.628080 0.034593 0.293240
0.233478 -0.065907 0.092747
0.160002 3.268900 1.652772
0.119324 -0.093510 0.052836
-1.677520 1.460465 -0.836885
-0.137756 0.016158 -0.053635
0.338357 -0.030513 0.148774
-0.814940 -0.201770 -0.532509
0.027779 -0.026323 0.016524
1.171376 2.597966 1.746752
-0.389948 -0.055909 -0.166802
0.170147 -0.349354 0.080373
-0.161630 -0.185208 -0.067412
-0.156030 0.050667 -0.054055
-0.497710 -1.164580 -0.716551
1.661705 -0.684094 1.598284
-0.442248 0.132047 -0.188317
-0.722797 0.315025 -0.283484
0.098644 0.826325 0.448494
0.063917 -0.050862 0.029801
0.029220 -0.027640 0.017093
0.024372 -0.032645 0.014763
-0.081464 1.160989 -0.439477
-1.059277 0.118239 -0.460863
-0.047754 0.018792 -0.015673
-1.117680 -0.150615 -0.488309
0.110146 -0.002708 0.051010
-0.582079 0.080794 -0.233921
-0.725506 0.933351 -0.187112
0.036277 -0.003431 0.020201
0.655491 0.042356 0.291349
0.628660 2.059786 0.996408
0.846475 -0.486713 0.343766
0.023173 -0.032560 0.014322
0.006513 -0.191163 0.007075
-1.093311 3.480049 -0.373469
0.797582 -0.274020 0.314904
-0.466311 1.325234 0.158057
0.029280 -0.027517 0.017124
-0.338705 -0.029086 -0.140522
-1.194869 0.227218 -0.597307
0.162633 -0.061073 0.073565
1.141927 0.167465 0.529131
0.599381 -0.113578 0.265572
-0.339157 -0.338518 -0.158288
1.513668 -0.587177 0.668799
-0.878205 -0.034216 -0.382438
0.555380 -0.127096 0.252039
0.028245 -0.026511 0.016724
-0.155712 -0.170324 -0.085234
-0.005509 -0.014322 0.007190
0.620899 2.279659 1.234397
0.332587 -0.018541 0.146986
0.119641 -0.002835 0.055109
-0.318747 0.029085 -0.124308
-0.015026 -0.029643 -0.001036
0.328132 -0.015464 0.145497
-0.749407 0.322615 -0.306985
0.044340 -0.191082 0.023811
-0.972406 -0.240019 -0.430399
0.545819 -0.055705 0.329916
1.776791 0.184159 1.326088
-1.149099 -0.135120 -0.501914
0.304027 -0.256254 0.116662
0.027545 0.019124 0.016487
-1.713095 1.948915 -1.920086
-0.980670 0.142588 -0.426157
-1.815717 -2.208445 1.265597
-0.556129 3.402381 0.156937
0.655367 -0.469009 0.263440
-0.064496 -0.377127 -0.054622
-1.278442 -0.047482 -0.765686
0.044627 -0.038654 0.021609
-1.831939 0.045131 -2.210361
0.522802 -0.005432 0.232297
0.483228 -0.343281 0.019487
0.144246 0.126003 0.056465
2.587207 -0.234473 1.405246
1.232247 0.108901 0.566274
2.220986 1.093994 1.749011
-0.137178 -0.186745 -0.056570
1.652406 -1.258201 0.378557
-0.244840 -0.061929 -0.101517
1.353254 1.215865 1.378565
0.011378 -0.032910 0.009633
0.106670 -0.092652 0.047984
0.086647 -0.052453 0.040915
-0.120885 0.016706 -0.046597
-0.300182 0.220439 -0.091603
2.591346 -1.541653 1.166265
-3.808780 2.838859 -4.520288
0.023779 -0.025938 0.014534
0.526585 -0.383962 0.186566
-1.003411 0.173032 -0.441560
0.083548 -0.002892 0.039589
-0.628934 -0.065871 -0.275230
-0.636704 0.100686 -0.273483
0.182526 -0.348911 0.085845
0.201956 -0.113351 0.091991
-0.457162 0.090188 -0.223469
-0.439941 0.057116 -0.172872
0.140389 -0.416197 0.049525
0.525247 0.389598 0.269184
-0.003737 -0.031178 0.003080
-0.784090 -5.914213 0.088259
-0.409428 -0.016610 -0.172913
0.730212 -0.001190 0.322729
-0.012318 -0.030222 -0.000603
-0.225398 3.760649 0.748343
0.463907 2.702314 -0.798807
0.207962 -0.043733 0.083378
0.023558 -0.026008 0.014399
0.609127 -0.110891 0.269809
2.073146 1.333266 1.731816
-0.048334 -0.019383 -0.013038
0.650396 -0.097865 0.287751
0.027129 -0.026117 0.016236
0.250356 -0.109236 0.112838
-0.488849 -0.312505 -0.220874
0.003645 -0.028777 0.007407
-1.437065 -2.241917 -1.832481
1.831283 1.671161 1.674064
-0.212170 0.091761 -0.058887
-0.873641 -0.048556 -0.381288
0.147916 -0.096312 0.063565
0.343944 -0.011603 0.150180
0.530435 -0.041057 0.233924
1.391909 1.390424 1.816856
-0.114076 0.016933 -0.043744
0.569193 -3.040485 -0.230424
0.331798 -0.036279 0.146041
-3.136888 -0.559284 -4.161119
0.384225 -0.129307 0.152388
0.003886 -0.027249 0.007990
0.217414 -0.038731 0.120307
0.016543 -0.086311 0.011939
0.554444 -0.337601 0.167961
-0.573153 -0.102820 -0.250390
0.247796 -0.181861 0.113725
0.284588 -0.050906 0.127195
-0.940516 -0.451819 -0.622748
0.042724 -0.003555 0.022715
0.316352 -0.020560 0.141235
-0.063714 0.152631 0.002378
0.202650 -0.020811 0.085664
0.361810 0.460585 0.487071
-0.004456 0.154944 0.003372
0.095641 -0.412037 0.030421
0.711681 0.014023 0.314915
-0.336604 -0.364027 -0.154034
3.286572 -0.964665 2.245820
0.001769 -0.033533 0.005585
-0.148489 -0.386821 -0.073631
-0.885277 -0.264685 -0.392075
-0.075285 -0.204000 -0.054915
-0.355024 -1.311008 -0.636376
0.767863 -0.292515 0.344906
-0.009360 0.003485 0.004299
0.415780 0.883749 0.972451
0.222434 -0.013813 0.098542
0.810295 -2.292772 0.268893
0.050940 -0.041304 0.023769
-0.203790 0.015323 -0.080518
0.508949 0.005317 0.227363
0.460661 0.101527 0.211110
0.011166 -0.032925 0.009545
-0.077114 0.004772 -0.017533
-0.391584 -0.059847 0.414249
-0.324590 -0.041331 -0.134010
0.338903 -0.025666 0.149101
0.019646 -0.032490 0.012981
0.229511 -0.015052 0.102389
2.128539 -0.548077 0.905963
0.081924 -0.053148 0.035848
1.598179 -0.567412 0.747701
-0.186732 0.088530 -0.051512
0.048928 -0.046604 0.022226
-1.164882 1.559477 -0.458281
0.151391 -0.116671 0.070208
-0.758479 -0.259065 -0.334408
0.324435 -0.107341 0.128712
0.207227 -0.347944 0.096765
-0.029517 -0.352736 -0.007914
-0.112510 -0.188054 -0.045637
-0.787955 0.056311 -0.340049
-1.642602 0.985539 -1.353331
1.298886 4.448079 2.397756
0.606726 0.060087 0.271070
0.093534 0.111467 0.021382
0.197947 -1.255550 -0.435470
-0.721098 0.499461 -0.365432
-0.490227 0.526661 0.504288
0.005465 -0.033312 0.007150
0.660875 -0.094009 0.292307
0.271180 -0.123165 0.107362
-1.255302 0.042486 -0.554718
-0.398701 0.136863 -0.169257
-0.196385 0.119518 -3.718391
-1.279215 -0.024992 -0.757594
-0.616038 1.165930 0.062190
0.023014 -0.241165 -0.015720
-1.252121 -0.098315 -0.554049
-0.127802 -0.108876 -0.065044
0.034119 -0.034695 0.018122
0.109697 -0.118726 0.052242
-1.166858 0.071191 -0.508457
1.157523 -0.518161 0.470115
1.750687 -1.318601 0.435284
-0.017855 -0.031087 -0.006300
0.774721 -1.730055 -0.093349
0.194183 -0.077687 0.088060
0.128387 -0.061654 0.057891
0.570186 -0.121387 0.259173
0.359562 -0.025186 0.156519
0.614291 0.097717 1.185150
-0.254468 0.148464 -0.106123
-1.602999 -1.996239 -2.038648
0.060053 -5.129688 3.103757
-1.472859 -1.229002 -1.427862
-0.817928 0.457519 -0.438232
-3.064757 -1.100311 -4.213130
-0.013619 -0.026877 -0.000280
2.125420 1.077341 1.995808
-0.411585 -0.034166 -0.174359
0.026261 -0.032860 0.013669
2.912196 -3.778770 4.258221
-3.485829 0.086380 -3.905922
0.135005 -0.061859 0.061122
-0.042632 -0.022913 -0.012676
0.816982 2.111850 0.936875
0.281141 0.144228 0.137947
1.472409 -0.558090 0.597749
0.027719 -0.033083 0.015955
0.001797 -0.030483 0.005979
0.299861 -0.324372 0.099843
0.079911 -0.052343 0.037977
-0.037061 0.018977 -0.011116
-2.666107 0.443268 -2.848994
0.155918 0.069501 0.086677
-0.015138 -0.025211 -0.001175
-0.103483 0.036953 -0.030491
1.237495 0.104787 0.568390
1.177817 0.146369 0.544019
0.004554 -0.033369 0.006765
-0.015475 -0.029910 -0.001260
0.142964 -0.061839 0.064918
0.358900 -0.024850 0.155602
-1.240189 0.006852 -0.541061
0.517078 -0.000613 0.230242
0.741307 -0.477025 0.299788
0.249079 2.593205 0.923458
0.179422 0.456842 0.293700
0.218084 -0.030212 0.127843
1.965943 -0.595577 0.848060
-3.622178 -1.272787 -4.520288
0.336423 -0.032891 0.147961
-0.001847 -0.031182 0.003989
2.570182 -0.288927 1.362605
0.003828 -0.026736 0.008117
-0.611641 0.105856 -0.262496
1.039111 0.218581 0.485982
0.064247 0.865946 0.437454
-0.105992 0.037749 -0.031621
-1.727251 3.474497 -2.769859
1.210366 -0.406465 0.462862
-0.016778 -0.017901 -0.002789
0.008574 -0.061810 -0.004089
0.059630 0.018520 0.030216
0.244044 -0.109829 0.110120
0.136296 -0.075222 0.047360
0.132914 -0.350522 0.063913
0.528100 -0.010821 0.234204
-0.472196 -0.334300 -0.204031
-1.283796 -0.039910 -0.567911
0.362975 -0.095203 0.161324
-0.001757 -0.051910 -0.005938
0.558187 -4.064886 4.484471
0.330822 -0.260982 0.127076
1.558112 0.494538 1.806914
0.046746 -0.045710 0.021208
-0.000258 -0.019696 0.008215
-0.027703 -0.019809 -0.007616
-0.316572 0.028621 -0.123488
-2.221731 -1.195142 -2.754806
-1.218593 0.033966 -0.531422
0.497120 -0.144535 0.224851
-0.157804 -0.810334 -0.530319
0.394519 0.067859 0.188776
-0.357693 -0.075032 -0.155533
-0.777716 0.298124 -0.270177
-4.209316 1.375888 -4.520288
0.027939 -0.033122 0.016032
-0.839134 0.029772 -0.362928
-3.563495 1.905389 -3.525236
0.028893 -0.026872 0.016990
0.407558 -4.328691 4.508598
0.613033 -0.251578 1.101408
-0.150504 0.296218 0.191683
-0.266311 -0.347516 -0.112734
0.440328 -0.277396 0.153887
-0.411276 0.135541 -0.174761
0.317312 -0.231475 0.106105
-0.287752 -0.052086 -0.118250
-0.014704 -0.029418 -0.000874
-1.691342 1.379447 -1.125761
2.416483 -0.482010 1.139685
0.106684 -0.055611 0.045317
0.307234 0.138323 0.148608
1.133062 -0.536665 0.417643
0.010709 -0.091016 0.009391
0.317538 -0.032599 0.141220
-0.005705 0.130424 0.023049
0.571994 -0.462406 0.032192
0.275502 0.006941 0.127624
0.015764 2.840794 0.472986
3.465404 -2.333876 4.508598
0.022636 0.064939 -0.015757
0.220330 -0.056315 0.087559
-0.017530 -0.031813 -0.006437
0.529360 -0.042314 0.233425
-0.474755 0.204891 -0.161377
0.341141 -0.053284 0.097967
-0.037016 -0.022482 -0.011405
0.488058 -0.146741 0.220710
-1.152008 -0.169510 -0.509744
0.027179 -0.033705 0.013886
3.741399 0.485383 4.508598
-0.513419 0.283582 -0.176937
-1.275670 -0.064593 -0.564405
0.531575 -0.135024 0.240789
0.739018 -0.013146 0.326437
0.215238 -0.440833 0.057336
0.513414 -0.054396 0.226281
1.544567 -2.154890 2.773170
-0.296645 0.223612 -0.091955
-3.447179 -0.585886 -3.892567
0.435332 -0.157784 0.196897
0.343890 -0.114767 0.136032
0.278120 0.005532 0.128493
-0.554613 -0.111102 -0.242130
-3.742501 2.884671 -4.520288
0.228067 -0.111252 0.103239
0.022142 -0.404899 -0.000918
0.310378 -0.039421 0.138130
0.208751 -0.055457 0.099871
0.234491 -0.110693 0.106006
-0.628222 0.243987 -0.224802
0.024739 -0.025804 0.015072
0.018051 -0.090968 0.012436
0.205430 -0.057411 0.095997
-0.014487 -0.029242 -0.000763
2.528611 0.412793 1.685674
0.658723 -0.029045 0.307672
-0.345929 0.015630 -0.145450
0.658317 -0.021320 0.307799
-0.385440 0.044715 -0.150262
0.214578 -0.000318 0.148755
-0.279852 -0.053836 -0.115028
0.424925 -0.083580 0.187987
0.633572 -0.103541 0.280437
-0.028849 -0.020086 -0.008114
2.225663 3.311479 3.008365
-1.247574 -0.011473 -0.544399
0.318784 -0.029737 0.141810
-0.312357 0.254751 -0.108706
0.131877 -0.003168 0.060395
0.706679 -0.251262 0.279836
-0.806208 0.048190 -0.348160
-0.002831 0.391886 0.220504
0.315340 -0.103816 0.125307
-0.495788 -0.332221 -0.214504
0.243854 -0.029823 0.110028
-0.250819 -0.177446 -0.106988
-0.099216 0.160001 -0.014354
-1.711534 -1.645056 -1.897517
1.496522 1.150103 1.916774
-0.081859 -1.531309 -0.446085
1.311310 -0.078596 0.591667
-0.003301 -0.031192 0.003285
0.028834 -0.033295 0.016341
-0.050463 0.144898 0.005064
-0.082471 0.008982 -0.018715
-0.252384 -0.082863 -0.103620
0.507997 -0.057287 0.223902
1.794971 0.025696 1.270353
0.058606 -0.049713 0.027032
0.023549 -0.029833 0.013218
-1.153528 0.261976 -0.555231
-0.013563 -0.027800 -0.000265
-1.522330 -2.122574 -1.942496
-0.402343 -0.009388 -0.169798
0.562893 0.073747 0.252969
-0.823505 -0.102270 -0.363602
0.337754 0.436613 0.190027
0.135666 -0.148291 0.035262
0.208295 -0.015905 0.090013
-2.989476 4.510631 -3.989479
-2.111076 -1.555461 -2.790347
-0.709024 0.320737 -0.280650
0.877168 -0.295519 0.343619
0.208539 0.045778 0.105831
1.255304 -0.421444 0.482385
0.231334 -1.422149 3.046720
-1.194154 0.091986 -0.527108
-1.284882 -0.030651 -0.568348
1.651705 -3.149571 0.903996
-0.723937 5.661480 0.235139
0.173961 0.061599 0.093373
1.915189 1.067915 -2.342762
0.095299 0.359180 0.342872
-0.961877 0.382494 -0.319233
3.250485 -1.041378 2.165348
0.029199 -4.575441 1.497180
-1.353855 0.668088 -1.028644
2.008635 -0.542180 0.837259
0.723996 -0.475425 0.292493
-0.245019 -0.178060 -0.104413
-0.963891 1.317483 -0.266947
-0.163180 0.063840 -0.041931
-1.829146 0.183803 -2.117395
-0.820539 -0.104449 -0.362509
0.224140 -0.074513 0.100967
-0.491247 -0.058415 -0.363664
2.606973 0.012565 1.550175
-1.220870 0.031729 -0.532435
0.088120 -0.055007 0.038575
-0.396094 -0.051429 -0.168972
0.311421 -0.044600 0.137517
1.878276 -0.597135 0.794821
1.495468 1.096242 1.475855
-0.378701 -0.063147 -0.162846
-0.557529 3.966249 1.063504
-0.203478 -0.380504 -0.097092
0.492763 0.015574 0.221798
-0.023370 -0.386631 -0.037649
1.080934 -4.044944 0.081606
0.232525 3.523541 1.652793
-0.175878 0.015267 -0.069309
2.108492 -0.547854 0.893627
0.103473 -0.054505 0.045081
2.763433 -1.500713 1.376631
1.383596 -0.589626 0.566861
0.257934 0.021751 0.122697
-0.017545 -0.024976 -0.003024
0.285481 -0.050609 0.127574
-0.587125 -0.095719 -0.256615
0.378257 -0.167161 0.171449
-0.875203 -0.008835 -0.379919
2.014918 -1.449435 0.617058
0.330681 -0.052332 0.147394
-0.014557 -0.029301 -0.000799
-0.946094 0.374663 -0.314961
-1.872691 1.728569 -0.836149
-0.257486 -0.374035 -0.120165
-0.864988 4.942282 -3.693914
-0.918283 -1.870462 -1.674289
-0.411182 -0.019437 -0.173711
0.318613 -0.024787 0.141928
0.111484 1.909388 -2.659683
-0.190173 0.079618 -0.051092
