-1.234385 0.015949 -0.538462
-0.124615 -0.090872 -0.048199
-1.060696 -1.808098 -1.312636
1.453573 2.111653 1.534532
0.414489 0.366684 0.479660
-0.843561 0.326260 -0.287878
0.517070 0.086712 0.234155
-1.280792 0.000103 -0.566353
0.733035 -0.257766 0.290247
-3.936678 2.365627 -4.520288
0.231848 -0.346870 0.107648
-0.979056 0.320999 -0.421677
0.129068 -0.003074 0.059182
0.222030 0.126255 0.106488
0.221422 -0.045917 0.100412
-0.645494 -0.282834 -0.286656
-0.194096 -0.087867 -0.078299
0.882349 -0.611150 0.321012
0.341028 -0.047636 0.151976
2.376284 0.798507 1.743021
-0.204617 0.197203 -0.054906
-0.005830 0.002491 0.005411
-1.020039 -0.224523 -0.451402
0.023023 -0.026296 0.014038
-0.011434 -0.030338 -0.000243
0.301226 -0.061441 0.134420
0.761955 -0.498323 0.157266
-1.125228 0.092195 -0.490022
0.733116 -0.004451 0.323953
-0.375493 0.167226 -0.121845
0.014784 -0.238228 -0.019078
0.073026 0.573614 0.291447
0.096598 0.183365 0.061845
-0.008805 -0.030693 0.000844
-0.037755 -0.022693 -0.011649
1.019096 -0.497843 0.364865
-0.221612 -0.085829 -0.090249
0.476052 0.025189 0.216247
-0.316137 -0.044593 -0.130283
0.000586 -0.033597 0.005083
1.272360 -0.123365 0.572491
0.087058 -0.054703 0.038101
2.108492 -0.547854 0.893627
0.418332 -0.438673 0.168938
0.280902 -0.052089 0.125628
1.165552 -1.671413 4.508598
0.024988 -0.025801 0.015202
0.439543 -0.080191 0.194281
0.034403 -0.034786 0.018216
-0.625796 -0.068940 -0.273834
0.520080 -0.003049 0.231318
-0.048334 -0.019383 -0.013038
-0.525330 1.102744 0.129996
0.332235 -0.018278 0.146868
0.595105 -0.449485 0.245755
-0.439599 1.034165 0.187151
0.002940 -0.029759 0.006762
0.196678 -0.053337 0.089692
-0.557529 3.966249 1.063504
-0.596843 -0.217754 -0.276268
-0.274688 0.147210 -0.114975
0.013235 -0.121303 0.010670
0.308727 -0.045415 0.136383
0.739567 -0.014232 0.326668
-0.336837 -0.032887 -0.139593
-0.015199 -0.029752 -0.001123
0.025468 -0.032080 0.013501
2.259732 -1.607932 1.679612
-1.146427 -0.172370 -0.507273
-0.826728 -0.561821 -0.493920
-0.470421 0.063243 -0.185937
-0.355934 -0.163220 -0.153691
-0.363019 0.161286 -0.121560
-0.270507 0.076733 -0.097103
-1.047370 0.051975 -0.669894
0.116798 -0.002785 0.053881
0.029293 -0.027401 0.017135
1.716967 -1.932604 1.456081
0.007038 -0.033209 0.007814
-0.623276 -1.013886 -0.773987
0.016298 -0.032603 0.011652
-0.022046 -0.018669 -0.005123
-2.313338 2.732494 -1.965504
-0.010863 -0.030415 -0.000010
-2.647985 0.605843 -2.707728
-0.917433 -0.530508 -0.833610
0.152094 1.964163 -0.879531
-1.865511 0.231011 -1.059976
0.739018 -0.013146 0.326437
0.471814 -0.450724 0.185033
-1.163062 0.073325 -0.506774
0.660423 -0.452705 0.274276
-0.325385 0.030534 -0.126819
-0.134591 -0.388377 -0.067705
0.605972 0.188637 1.191988
1.149430 0.163233 0.532254
0.480202 -0.291765 0.168773
0.336822 -0.032495 0.148127
-1.393572 0.092163 -0.842439
-0.284482 0.887173 0.272357
3.044207 1.648099 2.963835
-1.778731 4.038530 -1.026933
-0.005509 -0.014322 0.007190
-1.885318 -1.310025 -1.904998
-0.334454 -0.035401 -0.138475
0.578207 0.069147 0.259280
-2.413230 0.244548 -4.520288
0.503565 0.008893 0.225488
-0.168102 0.180735 -0.041293
0.354878 -0.022423 0.156853
0.236033 -0.017530 0.105809
-0.307313 0.025347 -0.128735
-0.635694 0.260730 -0.223499
-0.763587 -0.813682 -0.819526
0.020497 -0.090955 0.013448
-0.636704 0.100686 -0.273483
0.411678 -0.086401 0.182285
-0.077895 -0.091501 -0.028090
1.214718 -0.524835 0.492945
0.345756 -0.012140 0.152984
-0.104030 -0.120936 -0.057734
0.243844 -0.309458 0.076644
0.107787 -0.056057 0.045368
-0.573153 -0.102820 -0.250390
1.664027 -0.496714 0.917213
1.167161 -0.391483 0.445391
-0.764695 0.095389 -0.321928
2.287137 -0.532744 1.018974
0.029228 -0.027628 0.017097
0.485839 -0.372744 0.172066
-1.024343 3.011047 -0.482965
2.474535 -1.548548 1.036811
0.558187 -4.064886 4.484471
-0.230606 -0.377289 -0.108677
0.023349 -0.026096 0.014265
-0.014167 0.048593 0.006660
0.314680 -0.036032 0.139969
0.231385 -0.015611 0.103381
0.218675 -0.075148 0.098610
-0.769854 -0.136688 -0.343563
-1.446034 1.487473 -0.575779
-0.726369 0.077970 -0.312860
-0.682533 0.262186 -0.242392
0.434961 -0.142982 0.178746
-1.207827 -0.096748 -0.527380
0.224826 -0.044550 0.101887
0.247507 -0.448363 0.069705
0.470023 -0.288101 0.165005
0.308512 -0.013022 0.138631
0.344374 -0.098046 0.153318
-1.423518 -1.308890 -1.420034
-0.050133 -0.190330 -0.018003
1.020643 -1.668189 0.777689
-1.197237 -0.143335 -0.529771
-2.372111 1.409723 -1.749630
0.335046 -0.020552 0.147815
-0.338771 -0.025740 -0.140646
3.219408 1.151077 3.359406
-0.296882 -0.049970 -0.122042
-0.294228 -0.050601 -0.120932
0.488552 -0.193037 0.190039
0.177389 0.060070 0.094631
0.285481 -0.050609 0.127574
-0.417524 0.134863 -0.177496
0.600864 -0.224606 0.236585
0.244196 -0.027525 0.110114
0.493501 -0.140995 0.226067
-0.256066 5.713764 -1.433516
1.342219 2.659551 1.678618
-0.412294 -0.032330 -0.174577
0.019255 -0.032496 0.012828
-2.929325 4.167254 -2.527402
0.169161 -0.187224 0.078990
0.646711 -0.550633 0.220688
2.215555 0.742077 2.874969
0.092077 0.095546 0.062122
0.997621 -0.635651 0.377683
0.114900 -0.002758 0.053061
-0.268074 -0.056427 -0.110335
1.587329 -0.568158 0.821788
-1.101552 0.138210 -0.485508
-0.854022 -0.025355 -0.458250
0.246223 -0.116044 0.098604
-0.023696 -0.018964 -0.005854
0.569010 2.799614 -0.400223
0.350817 -0.041476 0.156227
-0.265652 -0.350667 -0.127578
-0.031008 -0.020657 -0.009040
0.038798 -0.036334 0.019669
0.215621 -0.005589 0.145503
-0.386146 -0.857016 -0.517991
0.279952 -0.052383 0.125224
-0.002482 0.653400 0.283993
-0.878205 -0.034216 -0.382438
1.721556 0.423348 1.383052
-0.000258 -0.019696 0.008215
0.332587 -0.018541 0.146986
0.201092 -0.297594 0.058713
3.437193 -0.260702 2.768681
0.347951 -0.043549 0.155006
-0.441841 -0.391720 0.179640
0.073448 -0.050282 0.032279
0.186057 2.174080 -2.154502
-1.479397 0.492927 -0.616180
0.104604 0.237329 0.220030
0.504481 -0.058998 0.222364
0.696726 -0.078085 0.307893
0.217976 -0.033297 0.125232
3.167264 1.326870 3.248338
0.030844 0.118170 0.040023
0.490629 -0.756640 0.801811
0.979967 -1.838699 0.072387
-0.852956 0.019392 -0.369236
0.022729 -0.026607 0.013794
1.538732 1.014995 1.473518
-1.206050 -0.137422 -0.533673
-1.456011 0.378637 -1.298750
-0.972328 -0.405756 -0.653920
-0.506704 0.069677 -0.201650
0.356154 -1.397352 -0.079494
0.543708 -0.131151 0.246493
-0.518061 0.071516 -0.206567
-0.065708 0.022598 -0.013978
0.859874 -0.605831 0.310645
0.104134 -0.058803 0.046015
0.305220 -0.002535 0.138032
-3.844539 2.622721 -4.520288
0.433390 -0.081656 0.191631
-1.821013 0.313647 -2.022948
1.787229 -0.197379 1.160861
-0.305988 -0.047649 -0.125898
-0.081464 1.160989 -0.439477
0.332776 -0.035678 0.146447
0.105579 -0.083736 0.050032
0.473982 0.026343 0.215568
-0.239196 -0.178661 -0.101828
0.655498 -0.049064 0.304945
0.599381 -0.113578 0.265572
0.256174 -0.078668 0.102092
2.070488 -1.470670 0.660701
0.319307 -0.041947 0.140829
-0.189380 -2.756271 -1.003932
-0.007509 -0.030856 0.001395
0.408074 -0.352274 0.142980
-0.848155 0.026682 -0.421542
0.321466 -0.041132 0.141733
1.686287 -0.805935 0.664431
0.181912 -0.100488 0.074531
-0.561465 0.077958 -0.225197
0.215238 -0.440833 0.057336
-0.106070 0.207508 0.150057
0.342727 -0.011655 0.147823
-0.530866 3.038611 0.279052
0.168458 -0.115655 0.077561
0.234847 -0.016957 0.105193
-1.049785 -0.213918 -0.464534
-0.044315 -0.022200 -0.012806
-0.026329 0.019119 -0.006539
-2.814748 4.766850 -3.550984
0.309501 -0.101532 0.123111
0.129256 -0.069790 0.046200
-2.119112 2.540218 -1.747769
-0.388468 -0.340711 -0.166882
0.538581 0.080756 0.242975
-0.064036 0.026106 -0.011798
-0.782198 -0.129495 -0.348217
-0.576057 -0.101413 -0.251684
0.522367 -0.306977 0.184152
-0.086938 0.012420 -0.019752
-0.562616 0.297150 -0.196243
-0.114076 0.016933 -0.043744
-0.885277 -0.264685 -0.392075
0.419159 0.111888 0.194202
-0.299463 -0.049339 -0.123128
0.222664 -0.058207 0.088449
0.482175 -0.191104 0.187436
-0.006566 -0.030962 0.001804
0.243658 -0.030404 0.109956
-0.212336 0.622630 0.160270
-0.099026 2.903303 0.806175
-0.291762 0.023752 -0.114183
-1.978454 -1.152120 -2.356498
-0.517734 -1.625599 -0.830435
3.277087 1.054616 3.206341
1.002420 1.687601 1.228999
0.339894 -0.013843 0.140004
-1.872179 0.663702 -0.841547
-0.020340 -0.018393 -0.004368
0.716342 0.010763 0.316880
-0.288418 -0.109567 -0.131851
-0.802770 -0.904144 -0.654394
0.083193 0.097110 0.060141
0.531007 -0.014545 0.235237
-0.684078 -0.309445 -0.304099
-0.154197 0.181992 -0.034401
-1.210285 -0.134454 -0.535548
2.181280 -0.691559 1.153980
0.479315 -0.068908 0.211436
-0.731040 -0.384011 -0.566830
0.303703 0.125628 4.508598
-0.265055 -0.081405 -0.109126
0.459373 0.406731 0.241473
-0.525670 -0.245003 -0.247547
-0.013764 -0.026526 -0.000355
0.232783 -0.112494 0.093900
0.311253 -0.058803 0.138818
-0.002573 -0.031199 0.003633
-0.257570 -0.058816 -0.106271
-0.424718 0.272431 -0.155076
-0.455146 3.127661 0.537557
1.886791 0.710157 -2.918091
-1.844591 0.282275 -1.015302
0.422443 -0.172305 0.163490
0.365616 -0.963208 0.583614
0.112999 -0.002735 0.052241
0.577250 -0.118396 0.262621
-0.065555 -0.091525 -0.022808
-0.182732 -0.082981 -0.081190
-0.015568 0.019217 -0.001945
0.029256 -0.027579 0.017111
-0.157743 0.015600 -0.061898
0.295661 -0.096028 0.117845
-0.221592 -0.180381 -0.094014
0.721129 0.334008 0.351557
0.930550 -2.849342 4.508598
-0.571274 0.238730 -0.199039
-0.749753 1.013574 0.190528
-1.898146 1.362153 -1.130471
0.153111 -0.087404 0.053159
3.761143 0.221204 4.508598
-0.061890 0.020863 -0.012391
0.194533 -0.060005 0.087459
-0.043260 0.011493 -0.004990
-0.236584 0.104570 -0.067818
2.481765 -0.430510 1.217071
-0.421378 -0.324461 -0.192646
-0.049575 0.014848 -0.007429
-0.331221 -0.037809 -0.136992
-0.731762 -0.964351 -0.606879
0.001061 -0.030752 0.005537
-1.177828 0.492798 -0.386771
2.283203 0.194367 2.834791
2.542487 -2.649367 2.106079
0.738623 -0.043442 0.326131
0.011378 -0.032910 0.009633
1.874381 0.294886 -3.520680
0.356948 0.258414 0.276022
-1.141272 0.378912 -0.506275
0.071699 -0.049649 0.031568
0.456563 0.158381 0.261082
-1.173228 -0.157969 -0.519139
-1.737685 0.675548 -0.714443
0.412215 -0.226236 0.029921
0.337685 -0.031504 0.148489
0.750625 -0.578306 0.262880
-0.329495 0.229353 -0.102757
-0.017143 -0.017947 -0.002950
0.706644 0.017282 0.312794
1.567683 -0.781109 0.585713
-0.565559 -0.325338 -0.245491
0.233428 -0.040325 0.105613
0.132172 -0.094613 0.057697
0.450088 -0.280919 0.157562
1.025838 2.245161 1.174841
0.171096 -0.166966 0.048519
-0.046613 -0.020713 -0.012933
0.965529 -0.477832 0.342504
0.046898 -5.085393 2.089041
-0.083916 0.010101 -0.019046
-0.146510 -0.090223 -0.057667
2.445972 0.220911 1.552206
0.022760 -0.026563 0.013823
1.305349 0.032939 0.594684
-0.006014 -0.031018 0.002046
-0.091403 0.032870 -0.025089
0.029182 -0.027140 0.017101
0.000323 -0.020394 0.008295
0.312511 -0.037885 0.139039
0.260935 -0.057585 0.117122
-0.157804 -0.810334 -0.530319
0.530820 -0.324510 0.167584
1.213749 -0.559682 0.460124
-0.025619 -0.159676 -0.030491
0.018862 -0.396251 -0.020384
-0.280135 0.021799 -0.109832
0.089761 -0.121414 0.019085
-0.405496 -0.012145 -0.171174
0.003865 -0.033411 0.006473
-1.254071 -2.454561 -1.568558
0.759237 -0.456769 0.317470
0.034883 -0.120980 0.020001
-3.055691 0.612120 -2.897365
-0.040884 -0.091442 -0.012298
0.001437 -0.030628 0.005759
-0.004171 -0.031159 0.002879
0.509744 -0.381407 0.020939
-0.026270 0.009224 -0.000837
-1.264915 0.030491 -0.559084
-1.669551 1.724364 -0.566051
0.114731 -0.407644 0.032400
-0.864988 4.942282 -3.693914
1.113454 -0.530444 0.407999
0.193887 0.047678 0.100183
-0.622422 -0.071994 -0.272333
0.222327 -0.074727 0.100185
0.357739 -0.096029 0.159071
0.889210 0.278479 0.422569
-0.355753 0.158739 -0.118531
-0.117141 -0.351988 -0.046683
0.360021 -0.025849 0.157346
-0.443223 0.057808 -0.174268
1.371468 -0.717814 0.477814
0.311825 -0.175649 0.142020
0.238200 -0.018776 0.106928
0.619316 -0.314287 0.279034
-0.063702 -0.006220 -0.014943
-0.463201 -0.346451 -0.208440
0.077111 -0.084886 0.037844
0.905025 -0.616361 0.331682
-0.336837 0.033125 -0.131180
0.459881 -0.152984 0.207934
-0.413007 -0.029319 -0.174761
0.023504 -0.026029 0.014365
0.003835 -0.028147 0.007693
-0.709612 0.313521 -0.277363
-1.184600 0.060420 -0.516323
-0.314051 1.219362 0.256551
0.000933 -0.030789 0.005462
0.217113 -0.015065 0.139249
-2.206605 -0.369004 -1.736240
-0.969512 1.154834 -0.284047
0.413744 0.113213 0.191998
0.221938 -0.070337 0.150801
-0.391072 0.046058 -0.152541
0.633572 -0.103541 0.280437
0.186956 -0.060413 0.083482
-0.013421 -0.017530 -0.001303
0.054373 0.089637 -0.003672
0.029027 -0.026978 0.017043
0.024309 -0.025837 0.014838
0.112403 -0.058281 0.045478
0.532694 -0.037875 0.234994
-0.151505 0.153116 -0.061042
0.047203 0.018810 0.024898
-0.413173 0.270626 -0.150309
-0.818792 -0.281052 -0.362920
-0.182268 0.086368 -0.049904
0.026262 -0.025922 0.015834
-0.098332 2.507696 0.378024
0.299585 -0.045209 0.133556
0.049841 -0.090958 0.025468
0.003403 -0.033439 0.006278
-3.507961 3.411647 -3.994803
-0.053429 -0.015066 -0.013488
0.024010 -0.025884 0.014669
1.284877 0.060343 0.587069
1.321472 -0.054888 0.597291
-0.830213 -3.845362 -2.201262
1.197406 0.133798 0.552083
0.745171 -0.391067 0.261409
1.400052 -0.475567 0.585010
-0.049941 0.147876 0.007935
0.617073 -0.096512 0.282826
-0.421133 -0.150834 -0.182692
0.294631 -0.177492 0.134418
-0.001233 -0.121438 0.004434
0.024223 -0.030708 0.013289
-3.577901 3.372402 -4.520288
0.350735 0.128272 0.166346
0.029245 -0.027239 0.017123
-0.015403 -0.025086 -0.001349
0.322499 -0.040725 0.142165
-1.581458 1.454437 -0.967572
0.199723 -0.185420 0.092491
-1.243229 -0.107428 -0.550122
-0.016463 -0.024821 -0.002105
-0.633779 0.087612 -0.255619
-0.616038 1.165930 0.062190
-1.023797 0.153643 -0.599174
-0.558622 0.115535 -0.239267
0.218213 -0.013705 0.096149
0.169409 0.120290 0.198366
0.847059 -0.278113 0.380106
-0.620647 -0.073514 -0.271543
1.492451 -1.966827 0.583741
1.495468 1.096242 1.475855
1.847617 0.164879 1.293751
0.143901 -0.003691 0.065587
1.535090 -0.583798 0.687712
0.408804 -0.136913 0.164044
-1.806216 0.346634 -0.949185
-0.137756 0.016158 -0.053635
0.490523 -0.295481 0.172572
0.596064 -0.114465 0.264130
0.105136 -0.130804 0.024345
-0.327120 0.093855 -0.118332
1.090135 2.463720 1.358307
0.306895 -0.041562 0.136652
-0.366530 0.040167 -0.142716
-2.824429 -0.496729 -0.120449
0.343890 -0.114767 0.136032
-0.822245 -0.716208 -0.830701
0.690418 -0.369709 0.242659
-1.639994 -0.923835 -1.435310
-1.984075 2.980889 -1.452494
0.026601 -0.025988 0.015993
0.635500 0.050065 0.283016
0.156094 0.127566 0.064501
-0.134398 0.016264 -0.052239
-0.359527 -0.074046 -0.156168
-0.003592 -0.031184 0.003148
-1.026831 0.941374 -0.511112
1.279992 2.026231 1.313853
0.314611 -0.043580 0.138859
-0.056429 -0.953286 -0.515749
0.074172 -0.052096 0.035151
-0.011976 0.019239 -0.000411
0.759409 -0.652208 0.113639
-1.015079 1.156066 -0.409282
1.289038 -0.107782 0.580516
0.458807 -0.075178 0.202582
-0.035274 0.019003 -0.010355
-0.195969 0.194641 -0.051395
-0.144157 0.048012 -0.048821
0.877268 0.282754 0.417514
0.191596 -0.054516 0.087493
0.320940 0.297948 0.281458
0.070739 -0.120123 0.035454
0.023203 -0.026174 0.014166
0.652124 -0.310000 0.293569
0.739199 -0.042368 0.326383
-0.309328 0.024908 -0.129608
-1.016481 3.163101 -0.217624
0.394215 -0.164759 0.178542
-1.149099 -0.135120 -0.501914
-0.286980 0.220896 -0.088095
0.034708 0.019030 0.019551
0.677267 -0.424853 0.162477
0.606010 -0.103718 0.277054
-0.043367 0.589065 0.348129
0.797582 -0.274020 0.314904
2.011614 -3.995426 1.305832
0.520052 -0.050264 0.229219
0.361387 -0.117736 0.062319
2.416483 -0.482010 1.139685
-0.163964 0.322174 0.201760
-0.533529 0.073907 -0.213242
-1.044890 0.309141 -0.466325
0.020574 -0.352551 0.014241
1.478290 -0.625876 0.710063
2.332206 4.484712 3.913035
0.331108 -0.036680 0.145754
1.119815 -0.513938 0.455038
0.212536 -0.014433 0.092756
0.160382 -0.080500 0.073531
0.236596 -0.038305 0.106981
0.443550 -0.079204 0.196007
0.628933 -3.401829 4.278647
-1.241193 -0.057659 -0.541818
0.048983 0.018773 0.025659
-0.099765 0.164698 -0.012238
0.022207 -0.002582 0.014931
-0.391584 -0.059847 0.414249
-0.115884 0.227470 0.160527
0.242423 -0.032743 0.109460
-0.726537 0.096748 -0.298660
0.529047 0.102064 0.260464
-0.165380 0.152654 -0.067118
-2.214521 2.450552 -1.870091
-0.869675 -0.055964 -0.380038
-0.088777 -0.198547 -0.060120
0.190942 0.049076 0.099166
-0.411585 -0.034166 -0.174359
1.023956 -2.453380 4.508598
-1.262138 0.109626 -0.692105
-0.285827 -0.052517 -0.117460
0.159941 0.478536 0.294032
0.195329 -0.113841 0.089137
0.331457 -0.036480 0.145899
-3.973176 -2.232543 -4.520288
0.583051 -0.400339 0.205810
-1.249395 -0.025298 -0.545266
-0.597311 -0.089921 -0.261152
0.203102 -0.058336 0.093739
0.647683 -0.098820 0.286572
0.217589 -0.019304 0.136256
0.174054 0.128804 0.076435
0.233080 -0.073414 0.104827
0.541496 -0.081789 0.308224
-1.433971 -0.526259 -1.720783
-1.140840 2.998264 -0.604883
-0.233782 0.016575 -0.092256
1.314418 -0.809214 0.672537
0.331501 -0.017742 0.146622
-0.002991 0.019272 0.003429
-0.024003 -0.000119 0.001866
2.317653 -1.531753 1.788442
0.788486 -0.408188 0.276428
-0.398683 0.176412 -0.131099
-3.069532 -2.009412 -3.200268
1.063853 -0.507920 0.432578
0.078976 0.017921 0.038495
-0.700812 0.506013 -0.350996
-0.410307 -0.036652 -0.173940
0.238524 -0.036848 0.107809
-0.803297 0.049560 -0.346864
-0.868638 0.306117 -0.400467
0.071910 -0.091271 0.034344
0.105340 -1.153493 -0.470856
-0.411511 -0.152872 -0.178410
-0.745949 0.071813 -0.321484
-3.878256 -2.492683 -4.520288
0.244104 -0.026397 0.110035
-0.540756 0.662466 0.469085
1.898442 -0.813030 0.836031
0.022548 -0.027021 0.013577
-0.026516 -0.019538 -0.007096
-0.977215 -3.664292 -2.316766
0.332458 -0.035878 0.146315
-1.261907 0.534036 -0.419841
1.198835 -0.907569 0.196954
0.022524 -0.027633 0.013378
-0.056274 3.784279 1.237696
0.109697 -0.118726 0.052242
2.383328 0.166301 1.795730
-3.635862 1.409594 -4.520288
0.304827 -0.010327 0.137395
-0.499641 2.607254 -0.054618
1.762635 -0.388833 0.892544
0.423119 -0.445484 0.164152
-0.298611 -0.049549 -0.122769
0.030549 -0.080267 0.001080
0.286458 0.000936 0.131262
0.098882 0.113671 0.025063
-1.155222 0.077571 -0.503301
-0.367999 0.164196 -0.118858
0.501998 0.121085 0.258697
-3.332118 -1.238167 -3.717662
0.097267 -0.126051 0.021630
-0.338863 -0.028184 -0.140617
0.075083 -0.003072 0.035997
0.016602 0.154750 0.012600
0.804601 -0.476851 0.273962
-0.276961 -0.323732 -0.143870
-1.449975 3.828561 -1.818132
-0.589755 -0.094279 -0.257786
0.047860 -0.040003 0.022706
-3.489076 2.089467 -3.371767
0.028209 -0.026495 0.016709
1.788723 -1.929880 0.949635
-1.241421 0.004571 -0.541614
1.801307 0.057785 4.508598
0.079165 -0.114683 0.015572
0.262086 -0.057302 0.117613
-2.169755 -0.027401 -2.243531
0.311037 0.103739 0.154042
0.032225 -0.034126 0.017491
-0.554613 -0.111102 -0.242130
-0.324825 0.021308 -0.136322
-0.633646 -0.317496 -0.275753
-0.982871 0.227204 -0.528678
-0.174225 0.070421 -0.045620
-0.036826 -0.022425 -0.011339
-0.696484 0.311960 -0.271333
0.040836 -0.042905 0.018610
0.641243 -0.311452 0.288748
1.318915 -0.581787 0.523133
-0.532424 -0.684508 -0.558544
3.359441 -0.617258 3.551750
0.434738 -0.284935 0.157058
-0.374108 3.834888 0.609512
0.044949 -0.090930 0.023480
1.545143 -0.595124 0.775924
-0.817928 0.457519 -0.438232
2.594032 -0.204678 1.426526
0.360207 -0.028829 0.158825
1.511202 1.110211 1.497236
0.217756 -0.047261 0.098823
-1.791814 0.364944 -0.927547
0.054339 -0.042739 0.024968
0.202412 -0.021224 0.085431
0.002565 0.154892 0.006449
-1.384455 5.681944 -0.746327
0.434209 -0.439764 0.175809
0.298402 -1.357310 -0.390234
0.731222 -0.002277 0.323155
0.155480 -0.088928 0.054345
-3.857177 -0.136658 -4.434773
0.374390 0.122693 0.175978
2.421038 0.322099 1.576540
-0.841124 0.366717 -0.317232
-0.240772 -0.062991 -0.100041
-0.233993 0.801144 -1.353324
2.398980 -0.492067 1.121232
-1.397731 -0.089404 -0.935651
-0.581111 -2.311420 -1.079559
-0.254726 0.072350 -0.091774
0.498120 -0.443923 0.203528
-1.893043 -0.138372 -1.274359
0.144358 0.173691 0.081667
0.036449 0.115986 0.042207
0.096819 -0.002711 0.045270
-0.148534 -0.098618 -0.071179
1.762533 1.758184 1.652584
0.316866 -0.021286 0.141400
0.747383 -0.295897 0.335814
-0.134015 -0.105764 -0.066900
0.238149 -0.068833 0.094655
0.326316 -0.039101 0.143760
-0.024974 -0.019213 -0.006418
0.022636 0.064939 -0.015757
-0.247484 -0.061257 -0.102488
-1.026013 0.165850 -0.451672
-0.367685 0.263490 -0.131545
-0.711206 1.221935 -0.016888
-0.092078 -0.904779 -0.522242
-1.401195 -0.022904 -0.905847
0.502027 -0.060129 0.221293
-0.980592 -0.237472 -0.434006
0.262287 0.013891 0.123242
0.219254 -0.046727 0.099472
1.969066 -0.538358 0.816958
-0.009675 -0.030577 0.000481
0.641347 -0.074402 0.296193
0.245229 -0.071788 0.110077
-0.835306 0.056065 -0.393676
-0.927588 1.326842 0.104491
0.655491 0.042356 0.291349
0.630641 -0.104474 0.279163
0.150802 -0.085861 0.052093
0.241610 -0.021595 0.108688
-1.733695 4.517726 -0.367566
0.220710 -0.046188 0.100103
0.102530 -0.002686 0.047726
-0.022099 0.007670 0.000405
-0.283869 -0.052952 -0.116659
0.249311 0.378321 0.289740
-1.024880 -0.304763 -0.699094
-0.802968 0.322475 -0.322309
0.071875 0.188244 0.051553
-4.214631 1.588825 -4.520288
0.012652 -0.176797 -0.015330
0.003887 -0.027719 0.007848
0.227742 -0.074080 0.102522
-0.008311 -0.044849 -0.006747
-0.321563 0.716871 0.107480
1.157363 -2.261046 0.672779
0.652839 -0.000537 0.305599
-0.852913 -0.047521 -0.470973
0.023549 -0.029833 0.013218
0.132354 -0.061803 0.059833
-1.893712 0.106764 -1.148997
0.731169 -0.385570 0.256599
0.170485 -0.418915 0.062387
0.424523 0.110569 0.196386
0.476089 0.402448 0.248511
-0.377292 -0.063996 -0.162353
0.119434 0.081652 0.073653
-0.009552 -0.030593 0.000532
0.450173 -0.154946 0.203561
0.049880 -0.040856 0.023401
0.358768 -0.032719 0.159053
0.188225 -0.060376 0.084083
0.535343 -0.031331 0.236359
0.022525 -0.027143 0.013528
1.680084 -1.654249 3.472192
0.203403 -0.051634 0.092603
-0.314967 -0.342557 -0.148183
-0.329961 -0.038586 -0.136421
-0.550119 0.293709 -0.191316
0.028779 -0.026795 0.016945
0.772962 -3.961508 -0.258558
-0.869076 -0.840776 -0.695129
1.990494 1.204029 1.593528
0.000348 -0.033610 0.004982
0.132168 -0.219545 0.038044
-1.760982 3.383066 -1.135950
-0.038290 -0.022832 -0.011814
-0.284114 -0.370741 -0.131554
0.503608 0.090342 0.228646
0.131877 -0.003168 0.060395
-1.472885 1.199407 -0.992973
-0.169299 0.015362 -0.066631
-1.422173 0.507652 -1.192248
0.003027 -0.029675 0.006830
-0.055682 -0.091510 -0.018594
1.106140 -0.209857 0.496066
1.399851 -0.461162 0.557275
-0.139431 0.016107 -0.054331
1.181370 -0.396454 0.451010
-2.258703 1.542283 -1.497794
-0.414230 1.291191 0.193243
-0.377185 0.042734 -0.146948
0.257766 -0.207118 0.082429
-4.267637 1.349256 -4.520288
-0.031266 -0.020729 -0.009149
0.722545 -0.061519 0.319121
-0.446531 0.058497 -0.175678
0.474151 -0.149931 0.214388
0.085528 -0.403644 0.020016
1.204881 -0.167407 0.541011
0.317338 -0.032913 0.141130
0.211846 0.159472 0.109525
-1.225166 0.027241 -0.534349
0.193261 -0.101036 0.087917
0.307428 -0.041257 0.136878
0.224696 0.038091 0.111469
1.253790 -0.828238 0.585406
0.301718 -0.225287 0.099912
-0.321056 0.022223 -0.134689
0.028315 0.905805 0.424804
0.029138 -0.027734 0.017055
1.386428 -1.065897 0.255544
-0.504898 5.609865 0.527312
1.651705 -3.149571 0.903996
-0.014178 -0.017607 -0.001638
-0.148929 -0.090136 -0.058714
1.460596 2.232940 1.876215
0.027821 -0.026339 0.016542
-0.642681 1.034454 0.234947
-0.721757 0.096567 -0.296090
0.336495 -0.021965 0.148304
-0.012534 -0.030194 -0.000690
-0.240208 0.207582 -0.069308
-0.006291 -0.030991 0.001924
-0.466445 0.194710 -0.164322
-0.107256 0.167140 -0.015284
3.707777 -1.094866 4.508598
-0.014732 -0.025457 -0.000918
