-8.062594736439923082e+00 -9.258540603967755800e+00 2.476644494961792731e+01
-6.358128842933673752e+00 -2.244664392182478263e+00 2.964650791489579262e+01
-5.065717092198105398e+00 -5.016180274000634043e+00 2.306653983806613795e+01
8.093531705531869846e+00 8.124522826986648738e+00 2.648088676330285551e+01
-4.560168658949612208e+00 -6.750994845242964004e+00 1.723244550244564621e+01
1.047246650358614950e+01 4.263200248678454152e+00 3.556749846444327545e+01
-1.495212993152175684e+01 -1.549074712911905216e+01 3.523474132110049339e+01
-1.035207785432834626e+01 -1.043450283110303367e+01 2.925408809246114217e+01
-9.717379612856087423e-01 -1.739579195362185526e+00 1.167147279318824005e+01
-7.769831641075326090e+00 -3.800663442121743785e+00 3.078167835762816296e+01
4.316096835369937601e+00 8.255247676931563916e+00 8.592441171909371178e+00
1.103537935012743354e+01 1.114866567527444197e+01 3.011699844278626514e+01
-2.770246130022103959e+00 -6.067291764972810419e+00 2.513285249664686205e+01
6.692269519300805491e+00 1.421810219358389915e+00 3.108254659149876176e+01
-3.579229893083152980e+00 -7.806334880443984936e+00 2.725584799173508443e+01
5.651068720601363893e+00 1.015813986100958388e+01 1.204123678000925679e+01
-1.599528339078096195e+01 -8.232694311266719467e+00 4.361202217231448941e+01
-1.302922319872171109e+01 -1.077694124908145312e+01 3.520118413063399032e+01
-6.032262442211310471e+00 -1.012720673717490882e+01 1.478945930395038388e+01
-1.158417601724289980e+01 -1.585774462904815074e+01 2.542236802846008459e+01
-1.231121168649914921e+01 -1.854643652630788964e+01 2.363136731558375558e+01
6.111746920936055538e+00 9.734333868524966960e+00 3.024966168225558416e+00
7.677724677999657743e+00 1.247009323340945031e+01 1.698764174080596234e+01
1.174211038427342579e+01 1.156948688451251250e+01 3.138443235098713302e+01
7.472112735382558490e+00 3.785343737182467194e-01 3.336322266106148504e+01
1.924566138504041390e+01 2.191960785606629258e+01 4.011185686285462992e+01
-1.468550663571837944e+01 -1.874276460660819765e+01 3.092223687362340456e+01
1.356217897488012269e+01 2.056061573030824619e+01 2.485704534741301330e+01
7.151961421777658146e+00 1.363583066036276925e+01 1.006506587079125481e+01
7.348171038192741200e+00 -4.839725316491072515e-01 3.386194370680282617e+01
5.896125410958516611e+00 1.173553536638695860e+01 7.119064874227103878e+00
-7.161595886519183551e+00 4.716994029878865291e+00 3.664128534997777109e+01
1.549292942610138368e+01 1.060491686675145218e+01 4.080422160119032782e+01
7.821509623149725421e+00 -6.822441326407349127e-01 3.478813798413216318e+01
-1.568170953980359172e+01 -1.902857647054438317e+01 3.342324594977394980e+01
-1.294157984998985889e+01 -2.181931788257162808e+01 2.035176116616151987e+01
-7.258245770409081921e+00 -1.373853070254161857e+01 1.048980724048020541e+01
3.940014867617529948e+00 8.250099975053272416e+00 3.350333066842881902e+00
1.804091189900362124e+01 1.331508845611315905e+01 4.446422375447914277e+01
-1.524775268309082854e+01 -2.247885356137228285e+01 2.782125331206870555e+01
1.325618513294182321e+01 2.282362654592039775e+01 1.982603878182594315e+01
3.011102210385717459e+00 -1.409614497327454252e+01 3.739792417328095553e+01
1.204683472665055888e+01 1.573297641233295074e+00 4.041387549669212831e+01
-7.454274376061917451e+00 -1.538271031701588498e+01 5.432926123535053442e+00
1.671610960589816841e+01 2.801261891903481427e+01 2.405390716228120240e+01
-1.562368025859554699e+01 -2.371569361290576339e+01 2.737180001694473575e+01
5.692102339823042811e+00 -4.346898411254972672e+00 -5.774565753031563275e+00
-1.644602263774837070e+01 -8.795287053732735671e+00 4.417342414053998567e+01
1.500812980299348887e+01 3.858102613932644864e+00 4.447893153557753720e+01
1.410208125328789741e+01 2.823123130718970941e+01 1.299679435996560883e+01
1.167690658577202889e+00 1.330248570263662522e+01 3.394612760449410160e+01
-1.658437948354786329e+01 -1.116591381597948640e+01 4.277651201614055054e+01
-1.632772396674666382e+01 -1.611919660774778151e+01 3.806873249210255494e+01
1.660017650088790475e+01 7.112684377065867203e+00 4.561320185220002088e+01
-1.609188246039049375e+01 -1.955933150520346331e+01 3.398199541040757055e+01
4.438504757950164858e+00 8.306932090404086644e-01 -7.220506999579987983e+00
8.295310957765691384e+00 1.769339676500432290e+01 -1.155139786338009067e+00
-2.011090830280804198e+01 -3.682667133543459315e+00 5.467775855273019658e+01
1.435593386109790792e+01 2.633300966317984937e+00 4.398457976600548847e+01
1.790652892150717079e+01 2.959487957316628481e+01 2.766645154004596208e+01
9.546832632127872031e+00 -5.933324649794526451e+00 4.078152369082987150e+01
5.595101969851327794e+00 -2.682232506572730379e+00 -7.524223038026613963e+00
-2.146483527513851541e+01 -3.257643649150643483e+01 3.559954192669296447e+01
-1.759211911641222770e+01 -3.177551141644694965e+01 2.292585642386238476e+01
2.248991604589584270e+01 2.359954866620438096e+01 4.752881955635503175e+01
-1.203112039060457938e+01 -2.458145257043673126e+01 5.955977196963327280e+00
-2.090829160209001003e+01 -2.551419739107490159e+01 4.104657776268983582e+01
1.919300407515699192e+00 2.790045702054908539e+00 -5.750972382882730827e+00
1.364018481986727949e+01 9.489218025540013812e-01 4.372392962355701940e+01
1.713735676194256641e+01 8.450259443026965300e+00 4.588876018480840457e+01
-1.780842805510127747e+01 6.934943515897629140e-02 5.189812909529972274e+01
1.152945211845727336e+01 -8.230224711709151819e+00 4.489235067100767651e+01
1.555930458098242219e+01 2.928052361687195315e+01 1.711840444024405272e+01
-1.946863219984813043e+00 3.951672464523587891e+00 7.497711513968269514e+00
1.502281028646476102e+01 -4.259861503814409645e+00 4.884660277286571528e+01
1.213445117717588673e+00 9.322940458840912825e+00 6.017678149305589308e+00
2.017396295077983481e+01 8.894304126697301527e+00 5.214127240756869242e+01
5.575354802888291772e+00 9.759474918673243238e+00 -5.266272221609015425e+00
-2.999764683918181518e+00 1.130995656255474602e+00 1.330686017236083263e+00
-2.204027561786706357e+01 -1.790100343069250499e+01 5.051882383734377413e+01
2.048717586548014680e+01 3.160076257310977965e+01 3.374279636510384250e+01
1.094649618357514065e+01 -1.086817978661629169e+01 4.523658766901522910e+01
-1.409071378845291633e+01 -2.813556159101054632e+01 1.119104634695441547e+01
1.854456764971108385e+01 3.125666144127968593e+01 2.727284333596016452e+01
-2.163448047880276803e+01 -2.815040173885527963e+01 4.086267728201254101e+01
-1.145905524513909235e+01 -2.356073153460813430e+01 4.992260724571437436e+00
7.948528580631812446e+00 -2.835924865735273137e+00 -4.448169986357257244e+00
-8.046448279069387866e+00 2.528736772584540660e+00 -8.847512295763369394e+00
-6.372672362720141592e+00 -7.281639835299068331e+00 -7.297961155207190131e+00
1.900286711535484940e+01 3.303247699024883843e+01 2.629496216365922834e+01
-7.683468679846298777e+00 -1.425959189531626592e+01 -2.088440478760911212e+00
2.088946226631714964e+01 1.293287533999154171e+01 5.127498545687314646e+01
1.488833144077434412e+01 2.976385286535456842e+01 1.351002780769198353e+01
1.203705610443868324e+01 2.547109076438935205e+01 6.571253111910767331e+00
1.602551774997813538e+01 3.127720673747521118e+01 1.603689151037564287e+01
-8.225348809785279158e+00 -1.627240949964587813e+01 -3.344703465270096654e+00
-6.645309492972283572e+00 -2.770957394825509290e+00 -8.366344124648197322e+00
-1.296185972167261369e+01 8.277333266744310691e+00 4.711466275731871889e+01
-1.621880864409049394e+01 5.556187759183504937e+00 5.144917130979823128e+01
6.675502512048632653e+00 1.347641744930811747e+01 -3.611222819879936097e+00
1.249125048386692427e+01 -8.958109778158117820e+00 4.675524044779045596e+01
1.725058385471485067e+01 -1.741701898252472347e-01 5.099567798329085377e+01
1.043337414245121231e+01 2.239250633177336169e+01 2.561772948669428285e+00
2.140057063662267467e+01 3.072681783443011128e+01 3.766846544197318281e+01
2.173620436915939180e+01 1.310862977077377955e+01 5.307995833941575370e+01
1.914935732485780662e+01 2.406434655054189520e+00 5.340745359940255810e+01
5.073953367825306593e+00 2.982836934835366716e+00 -7.261235884994226453e+00
-9.660803896756949172e+00 1.106900538960567815e+01 4.346218583613777042e+01
5.669123561755746721e+00 -6.911626135447930253e+00 -6.966531863524661361e+00
-8.583096343973659614e+00 3.562510944176388250e+00 -6.284405671869938814e+00
-1.467378011807226379e+01 -2.929339924324226629e+01 1.396829521161369847e+01
1.665003504887245001e+01 -2.910301815571026296e+00 5.113872594795419957e+01
-2.194557974712969184e+01 -2.682241619170170210e+01 4.301728339511191024e+01
-1.877117417557501966e+01 -3.392746365838267764e+01 2.359510646500361020e+01
