8.604007541684595139e+00
-6.478548902508050844e+01
-3.610022274995770886e+01
-4.859614942940424953e+00
-1.516751289651437062e+01
-5.020044076948347112e+01
1.376603536213343659e+02
3.000788409889177899e+01
-2.943351230770586469e+01
-5.255396055066597683e+01
-2.170579435553927539e+01
-6.089495130063633610e+01
-2.962197147908129580e+01
1.271727191517436140e+01
-3.433483739971580917e+01
4.271775912696806188e+01
2.407283429433121569e+00
-5.175577487871387916e+01
-5.021304845942739092e+01
-7.337165371742082698e+01
-4.474159415179074983e+01
2.529438168135379783e+01
1.538555278554284200e+01
4.654534858543570408e+01
-2.907020620233617336e+01
5.341595472259598409e+00
-5.743636124494578610e+01
2.165141070130186307e+01
1.159059236101550994e+02
3.341295407788989280e+01
4.312004182413872400e+00
-1.659868202770670820e+01
-2.303204625613358303e+01
-5.836901808466375741e+01
1.653121265973730374e+02
5.142720859971954184e+01
-3.800796716130603414e+01
5.044156457962172624e+01
1.258634198370385775e+02
-4.425239438538797287e+01
2.843748723707290083e+01
-2.014323679934479117e+01
5.215837248471721921e+01
6.456093465553848887e+01
-8.614014224819044330e+01
3.148923988564445153e+02
9.939050861052841412e+01
-2.026498005659385626e+01
1.194862640616579910e+02
2.701862088840194076e+01
-7.193647923162031077e+01
-6.379288419512747055e+00
-5.272983913377855458e+01
-6.925699918847716674e+01
-5.180028250565062109e+01
1.927876956723898445e+02
-1.236481666376329969e+01
-2.572689398124149207e+01
-9.689898560692711271e-02
3.650594012633021634e+00
-1.460981170628328130e+01
3.576821380616070201e+01
-2.923985413518052567e+01
-3.918623719135749894e+01
-5.882183535027851917e+01
9.546528322881454187e+01
2.125612961084079870e+02
-3.250713203835604759e+01
5.128633336432731937e+01
-4.578600949240751561e+01
7.068275918136414759e+01
-2.601257204525488120e+01
-6.426536820157716079e+01
-7.564465554343156839e+01
-1.282555950601889094e+01
-3.939318025576044136e+01
-9.385482949181898960e+01
1.015188381522225143e+02
5.021001528701756911e+01
6.162610282954261720e-01
-1.314912993077234091e+02
9.622790474321377019e+00
2.713659710475435816e+01
-3.947685332154283344e+01
-6.028002866138406546e+01
5.548997098307825127e+01
-1.824282791380598212e+01
-9.810454700647271409e+01
2.092719533009541237e+02
3.406643132134330187e+01
2.076388120743013133e+01
6.848204212002944757e+01
9.142842004399885525e+01
2.281050815398483280e+02
-7.455997379973997852e+01
7.174481305541081610e+01
3.777750676782162031e+00
2.357129504945988785e+01
-4.608581496431286695e+01
-5.283576615643980290e+01
-5.518360296616345551e+01
-3.685986503701527539e+01
6.978684623279318089e+01
-2.679356485754085782e+01
1.216450744188999238e+02
2.685619908710368691e+02
2.064658148953026995e+01
-6.986521954429559855e+01
-2.689656629262219667e+01
-2.591981919474975982e+01
-1.194327948848903134e+02
8.059372895956323646e+01
2.422830033340582645e+01
1.292003747297244445e+02
2.064179834734162569e+02
-9.528828356827088442e+01
2.496847821463105106e+02
8.908320434346813954e+01
-1.421727310823603716e+02
-2.616940841396620243e+01
-2.727640928835527845e+01
-5.883269295634227802e+01
6.213359583771220684e+01
2.213641529380655015e+01
2.645176889634424811e+01
-4.242496668964603401e+01
-4.606651219022991484e+01
3.259941544451436357e+00
-7.110416074127078900e+01
-1.363375829725488053e+01
1.206153281989391104e+02
1.650731626079218017e+01
-1.925899364719743190e+01
-4.146639438756984219e+01
-7.496865333460277725e+00
-8.885792608228324241e+01
-8.881707799807898596e+01
-9.548970703956612738e+00
1.001791403544213352e+02
-2.162836632254301605e+01
-8.373843221479985743e+01
-1.153957268378466949e+01
-2.679285654631215863e+01
4.907540230611806464e+01
5.335951709756777461e+01
-2.683116206958094807e+01
-1.944338354840362015e+01
4.041182557660927728e+02
-6.887782912697133497e+01
2.975349474070036422e+02
4.701202460545395923e+01
3.163170284128740661e+01
-9.344148609593327492e+00
-2.957312315739125808e+01
3.354547071004482461e+00
8.916711011778446050e+00
-3.818824014065130967e+01
-3.128197580696485502e+01
-4.471816390186553747e+00
7.741821310700416348e+01
-8.395917730505138366e+01
-3.893368389660034268e+01
2.520452467261756624e+01
-9.096246843830525108e+01
1.238834616439535949e+02
2.925763637262733141e+01
-1.667161811127549242e+01
-6.863545053375656835e+01
5.359827467643964383e+01
-5.927522760340195873e+01
-1.519918852035505807e+01
1.585815538174626909e+02
-8.458363259547678581e+01
1.265697272568589256e+02
-3.154590729473041577e+01
5.636224184674706805e+01
-3.877076300766046302e+01
1.982957735816579543e+02
9.122630782179305697e+01
-8.079627733818702495e+01
2.685169228307711364e+01
-3.992959846702308369e+01
-3.112757232109323979e+01
-6.793502769658400098e+01
-2.037139524621295550e+01
-2.378584792651902191e+01
-2.988728141666221916e+01
-5.625899005084608007e+01
2.922279805332435387e+01
-7.051242317845911600e+01
-4.420489994676779588e+01
2.747193089990845749e+01
2.838010050782310145e+02
-4.999312863284302466e+00
-1.428981410968781240e+01
-2.042520712806815908e+01
-3.412584809998178059e+01
-2.970867551989658750e+01
1.860717000554362528e+02
1.568387755759588913e+02
1.382626453157061519e+01
3.998475394579294573e+01
-4.791754452569587386e+01
-1.746472582781900940e+01
4.868748958209739897e+01
-1.424256589392060057e+01
5.204376676360541865e+01
-5.481649260385378142e+01
1.408939260547016374e+02
-4.232944907072648988e+01
-3.079057143912351791e+01
3.039167032708531480e+01
1.425590369169100882e+02
-1.134508262574119613e+02
-1.024526959728139275e+01
-3.200633876461336769e+01
-4.827395229312213587e+01
-7.697589332653819838e+01
4.000395640382132001e+01
-1.135478111391113032e+02
-5.407041215351561902e+01
-8.218149433028750650e+01
6.488507595049476606e+00
-1.026867789522956897e+01
-1.512077036249053918e+01
-3.610775860398181436e+00
8.797166374748499607e+00
-6.070757927170382118e+01
8.634019643343776806e+01
1.979668725172211907e+02
4.593442952964622350e+01
-1.056714333465971123e+01
-1.193108271258186903e+01
-6.311970673225512485e+01
3.634609994811127649e+02
-1.191140215875627888e+02
-3.233052310036035948e+01
6.440087832911363819e+01
1.125535650360902764e+02
6.168316800116527077e+01
-2.284454122682190302e+01
8.171289917781317058e+01
-7.498981865449201223e+01
1.748791760044493628e+02
1.612648142324075593e+02
1.928952344361480868e+02
1.552055573708286715e+02
-3.829616836879641539e+01
-4.756438806007544429e+01
-5.106663751063212686e+01
-7.384773242992585551e+01
7.110905329508568684e+01
-8.591078865872479753e+01
2.830926392716551163e+02
-4.180287486822152232e+01
-2.014921771214779511e+01
7.815358172458066122e+01
9.133280908681649635e+01
1.616731727980848632e+02
-3.563388884798712297e+00
-1.470330279965509135e+00
1.121788592919966021e+02
1.599549372705220662e+01
-3.713933526320143130e+01
1.306362334569028860e+02
1.055225261062811342e+02
-9.060746673346477564e+01
-7.309789883323631443e+01
-1.172854246101957045e+02
1.124758418353678877e+02
1.310975140294821983e+01
5.534890008402713590e+01
-1.542301313497686266e+01
-1.161074032610632969e+02
-3.151092999248466242e+01
-2.958441813044180435e+01
1.632419234578611622e+02
-4.241241504314435673e+01
8.947010933751232642e+01
-3.998480710011307337e+01
-8.843578962202548155e+01
-2.385063009349975616e+01
8.284139542294484215e+01
1.481623160417161955e+01
5.223080232020274138e+01
-4.677115372045592778e+01
-1.332566056916569330e+01
-5.476541065246173901e+01
-6.645020657453110857e+01
-4.688219417745082751e+01
2.241278091577932798e+02
-4.484514927492391934e+01
-7.876470845012318023e+01
2.294172109293604223e+01
-4.370812101869741895e+01
-2.885906104716868015e+01
-2.721580503145557373e+01
-1.531815330651576801e+01
1.321844004823400098e+02
9.626471557302217263e+01
-4.799043915345462352e+01
-4.182795872110995106e+01
1.788619006016884327e+02
1.534060755925853528e+02
2.818460566386093902e+01
2.948399400674499304e+01
-3.351359862583828431e+01
-7.223927070678644213e+01
5.980387561364908322e+01
1.498526008284044053e+02
1.428689497370271795e+02
-7.174557510815640171e+01
-6.114590559859585994e+01
-4.639594915474059178e+01
1.076750843763518617e+01
1.175405726652772387e+01
-2.057585603439688526e+01
-7.948871820052175963e+01
1.115400573115934861e+02
-6.426339166997613006e+01
8.184218483296135105e+00
1.009602267160224187e+02
-6.159391904264550988e+01
-8.746784760630943367e+01
2.035486652218271217e+02
-4.137800085489571700e+01
1.822778586663112605e+02
-3.311155702874636120e+00
-2.611529383616919375e+01
-6.060318190476536415e+01
1.045629114973679492e+02
-2.111330135404514863e+00
1.444907030028595329e+00
4.161085164064168396e+01
-1.797183625221901337e+01
-1.028573628456769598e+02
6.660915718547860820e+01
5.942116415043485489e+01
-9.198871949708573936e+01
-3.983888110250084225e+01
1.549473135309007432e+01
1.725703077766064553e+01
4.561643628986346357e+02
2.231579141419719861e+02
-3.134269942691658173e+01
-4.463604462457246314e+01
3.380571707001444679e+02
-1.653951872258800506e+02
-4.895636675273978256e+01
4.053825628649919111e+01
5.057230386946619305e+00
4.469675731763257431e+01
3.009522611312229969e+02
-4.329433579821911593e+01
1.545476403362420115e+02
-5.897208762936103454e+01
8.018172957861273176e+01
-5.353429819415900681e+01
6.043157313366823473e+02
-4.671913665067642540e+01
-5.208282559703358316e+01
8.056717379500643972e+01
8.545605504761297766e+01
2.238914664228445872e+01
-1.031205878592225247e+02
1.334602084443993135e+02
1.182813935116811024e+02
-1.628566844558916387e+02
6.204004650922671260e+01
3.052281980611363679e+02
-7.697019072366310866e+01
-1.453732539279150870e+01
-3.707610000671813566e+01
-3.981534544419371002e+01
1.212982049318449356e+02
4.978629646927516887e+02
-3.860956210060066951e-01
8.472253017698708533e+00
-2.749450000265569827e+01
-4.013613151235516341e+01
-4.047773671587966504e+01
-3.853329147851273717e+01
-1.098424379611059578e+02
4.040083494070229904e+02
1.270970972617653558e+02
-1.378319293368359411e+02
-3.622218940734997972e+01
1.372830081737343448e+02
1.424044079631772206e+02
1.489642047469084218e+02
2.798598093922918224e+02
-1.289200062700119531e+01
4.240007383453719285e+02
-4.436229531051736075e+01
-6.007111487590055532e+01
-5.054159855319340267e+01
-5.691163355547508473e+01
2.458504195046096470e+02
7.849990065287667562e+01
3.013467230637065342e+01
-2.722560076703413046e+00
-4.079012748889068973e+01
4.813223933832341572e+01
1.076323466610927682e+01
-9.457979301313848453e+01
-9.331618869657836512e+01
-6.580529407305478173e+01
1.084355416052412124e+01
-1.505096519399213761e+01
-5.302733103745488563e+01
-7.638810321748509580e+01
1.700654594557957466e+02
2.069086220729536052e+01
-1.221275635944336102e+01
-2.904621279535729172e+01
5.366595023442723686e+02
-1.357470784124694063e+01
8.044320900989576728e+01
1.038004936124434323e+02
8.001822874445707612e-02
1.275540487146057274e+02
2.793184283567787816e+02
2.368295247017184408e+02
1.536324067572553531e+02
1.725250799533537815e+01
2.253205515400236436e+01
8.039302081270594158e+01
-1.133512304906821555e+01
1.497124262648143826e+02
1.564676500402562169e+02
1.340369369046745618e+01
2.354282770351481702e+01
-7.133237670346811399e+01
1.075277977768371329e+01
2.444028992878701274e+02
-6.399649566195265038e+00
-6.790936915421860931e+01
-9.871462222311785695e+01
1.046922881162838053e+02
2.234751993868479474e+02
-1.328903657372457303e+01
-1.036536768963805315e+02
-3.723618796018429578e+01
-4.661714805875219270e+01
2.244508364663812472e+01
9.581677053919068499e+01
-3.340627333650755304e+01
-1.213074981032569326e+02
-1.396300153474898025e+02
1.015262506883748301e+02
4.912452897884041647e+01
-4.983918509946884967e+01
-1.483081684440789729e+02
-1.022811202756960682e+02
-1.244717578472418040e+01
2.241867478092430588e+00
-5.701272397112722956e+01
-1.015389950234353904e+02
3.758079708390866358e+00
8.439845287757520964e+00
-2.355759867794863993e+01
-1.255494648176224786e+02
1.822589053537930113e+02
1.168680516481810372e+02
1.492188173083977887e+00
2.445450493423122111e+02
4.891636506724164946e+01
-5.197517293512781578e+01
-1.042983635276350185e+01
-2.146029168604816277e+02
-4.425723509409259293e+01
-5.113037342275361397e+01
-1.488853808604342888e+01
-3.228684693615781498e+01
-1.098555021618728063e+02
7.722237708490334285e+01
-1.238431285047744979e+02
-6.849649076932868752e+01
2.726536069968801712e+02
-9.501466795040089153e+01
2.996210527779275594e+02
-2.675522423250220072e+01
6.304079726169180020e+01
2.857199244202504929e+01
-1.806899926666091005e+00
8.271338114593551438e+01
4.099355067382422817e+02
2.056645780015363698e+02
-2.263923522807436584e+01
4.972252851935755302e+01
-2.768726314918976428e+01
-1.007830454081119029e+02
7.912129503863162938e+00
-4.867052668263989545e+01
-8.829710542334564138e+01
-5.710910960635349198e+01
3.758067362787263477e+01
2.643427023565910758e+02
8.340116218765585643e+01
1.501628199133364205e+00
-3.312197829073379296e+01
8.764572581106439486e+01
-3.974868362815768563e+01
2.991658454256416277e+01
1.923478521930423142e+02
-4.346156754021097157e+01
5.628212761953296450e+01
6.137130605077437906e+00
-3.549736765428477270e+00
2.973262560970098889e+01
2.350607960323570467e+01
7.257332893459391698e-01
1.093953016988092628e+02
2.522596687104991418e+02
-1.200675233057563851e+01
-1.708574107751061533e+01
-4.013067252070285917e+01
-6.907728422918372857e+00
-1.109119521002244113e+01
-2.180329538914986287e+01
-1.906620145551315204e+00
-2.790571976288575939e+01
-6.556242003241430893e+01
-9.765327792885960889e+01
-3.694525347025302864e+01
8.245082677202468346e+01
-1.102026176919775793e+02
-1.371644129011393147e+02
1.859432422385117434e+02
-1.032392861218228930e+00
1.628228109734888847e+02
-5.084786147658521571e+01
7.126146930260031809e+01
-1.529104095436298394e+02
4.398626642851110091e+01
-5.992502181290674201e+01
1.103391741287729744e+01
-1.483861915659177200e+01
4.350133866185082354e+01
-1.942526986127269311e+02
1.312885358092898969e+00
-7.860414905636116600e+01
-1.834541686014768658e+01
3.547664433041296661e+02
2.986254221927033115e+01
1.988763542875458370e+02
-1.100619980249878154e+02
-4.734265148929289069e+00
1.002103696665035812e+02
4.038996883810969507e+01
6.845592795245005391e+01
-3.070128914993867753e+00
9.884309902607235188e+00
8.237800186920463830e+01
-3.512359838374935350e+01
1.164708168701699975e+02
-4.823707220347390034e+01
-6.941216873262929354e+00
2.566239735847042311e+02
-9.232337041463345884e+01
-7.277052155835345104e+01
1.321435069877141757e+02
1.965787451805733781e+02
2.228290990649237813e+01
-4.352243284601427575e+01
-7.323195249518889227e+00
2.902307964085877074e+02
-1.469655637049938832e+02
-3.226253982988879443e+00
2.598261858825966328e+02
2.619164212378122443e+02
2.405021282538488379e+02
-2.154820439794309905e+01
-1.162313600390739765e+02
-2.366321159634934190e+01
1.313601157351463371e+02
-9.923134417569052346e+01
-6.628673249573327553e+01
-7.903386288303389406e+00
5.574295900116393341e+02
3.304897602201977236e+01
-7.847440242543933664e+01
3.121103125392978654e+02
1.897894147398747933e+01
3.337324907041436290e+02
-6.859427928875743419e+01
2.021700865409644337e+02
2.950270614937105051e+01
-1.689185233795194030e+00
-2.395993890073110038e+02
3.666073553977734605e+02
-4.110852828917014534e+01
1.126240580503841215e+02
-5.139241516714815816e+01
-4.654468968804801676e+01
-5.524208119818454321e+01
5.069136903726999890e+02
1.739239212795685603e+02
-8.048387233438010924e+01
-4.618744698716074026e+01
-4.937800575352139276e+01
4.620916744462558512e+01
-3.094895195131064014e+01
2.418078272859816593e+02
-3.854679962638683577e+01
5.000521774710199452e+02
-1.642200679572163224e+01
2.977661212720319384e+01
2.566710290054415395e+02
9.680721197783942955e+01
2.141479097992541654e+02
1.267619342459585319e+01
1.300680784463438044e+02
-8.126066303522223677e+01
1.454895866362036543e+02
-1.158929912228228716e+02
-1.009896557712771781e+01
-4.700682606521483820e+01
3.276288408246238646e+02
-1.067964321753523294e+01
2.809409867906416380e+01
-1.330061478203495824e+02
1.488224003310040757e+02
-1.029997705965290322e+02
-2.024326715788832587e+01
-1.031964185956334177e+02
-1.321909536939403438e+02
-6.568905582025502099e+01
1.826525938143421968e+02
1.754599044510806038e+02
-6.354632709432910076e+01
2.551989899387930905e+01
-2.114417547855552471e+00
3.195004089894545629e+01
-9.275248153057466993e+01
4.614475282928639217e+02
3.246016470053294967e+00
2.078110666196707257e+00
6.586473468091159589e+01
-1.967438513110208831e+01
-8.054383128204707987e+01
3.363793010608715690e+02
-5.046965858265168947e+01
-1.156265021976635268e+02
-8.876108368891355838e+01
3.502556318136840332e+02
1.970216097697798432e+02
1.219141423303445038e+02
-5.052206065242038413e+00
3.347850865346405271e+02
1.859381608674203221e+02
-1.099827534938472127e+02
1.458736616733902167e+02
-2.444199167804956829e+00
2.773722530819209737e+02
-2.481416773888625471e+01
7.170585449487602148e+01
5.096622979369271889e+01
-1.381614961296236856e+02
-1.237487004508037103e+01
5.575918716336241232e+02
3.659658609296897680e+00
-1.677895610795411301e+02
8.520680258348559732e+01
-1.211587513970648899e+01
1.326012211858928822e+02
1.131000735321285902e+02
-6.126197962914265105e+01
1.760161175948836956e+02
3.446047617427408341e+02
1.865630941407154353e+01
2.176906631118902169e+02
1.766738766295937779e+01
-7.071985010188035403e+01
1.447066848962550978e+02
1.234509583409532354e+02
1.133939654370908379e+01
3.375516015138481976e+02
5.912138314557520147e+01
5.434630282403513490e+01
8.739964653005553430e+01
2.663339463084673753e+01
1.151323023250817386e+02
8.018847847894280179e+00
2.668316298298677225e+01
2.064967635258796008e+01
2.585031609967412436e+01
1.788945706332739292e+02
-2.911345374169085076e+01
1.334275168580751654e+02
2.988338249462702834e+02
4.071073655933279838e+02
1.398580036315208019e+02
-1.035876566090215078e+01
1.132092621181453751e+01
8.515034254607959951e+01
-1.381610816873525494e+01
-9.445583572868078193e+01
5.217590026483427437e+02
1.490366193278395599e+02
1.318243778129341237e+01
-6.649149453294475620e+01
-3.253235019992800403e+00
-8.110943920953363317e+01
2.275568203219809860e+01
2.890736069404425734e+02
5.545422606471681775e+02
4.584683877134763179e+02
1.149459018958080065e+02
1.427654533509711428e+02
2.184305487719312850e+02
-2.411555776181540978e+01
-9.219440401107149796e+01
-6.254854675420097543e+00
-8.824781094304020712e+01
-6.513977566732053859e+00
-4.691848528793432394e+01
3.459677107234037408e+02
1.800244320050570934e+01
-3.729968697359118579e+01
-1.217509494146366791e+02
-4.391856986879155755e+01
-1.358707002981631433e+02
1.860831667121805140e+02
1.426144094119896621e+00
-1.490301578302630219e+02
4.920459516364750243e+02
-2.345051709200372869e+01
8.478035377923679050e+01
1.875121813606452292e+01
-1.043558328138126114e+02
-1.100799575980699530e+01
1.535605734214585709e+02
-2.256744159358189705e+01
4.072412047951756620e+01
2.282865238517618138e+02
-1.144116996387443095e+02
-1.181506756317613593e+01
2.380172331401079475e+02
-6.784284629653005538e+01
1.123173093044992754e+02
2.266429671435634248e+02
-1.706614859347557456e+01
6.682567414839837738e+00
1.355930909416599661e+02
1.882044676627506163e+01
2.358386490570496790e+02
2.955513623828035179e+02
8.138609083700737301e+01
2.928556751725507468e+01
-1.079877991447008014e+02
-1.816412190408657423e+01
-5.728498482192691199e+00
-1.864033150835081187e+02
3.187609222340301329e+01
-1.724304121300653776e+02
1.460581434260987805e+02
-3.859717490939504358e+01
-5.475599851152419717e+01
7.614058522275780660e+01
3.893473573527597864e+02
-9.137645824195371347e+01
-1.274282684072580309e+02
-8.511385404208937189e+00
-1.125254785440301646e+02
2.883014348479538285e+02
3.519811814023776719e+01
-2.329287333592571372e+02
-2.273125362162971328e+02
9.959178605595218414e+01
-5.145845389355110200e+01
-2.365786342950584924e+02
3.177538529519288204e+02
2.498442211572207157e+02
2.757388511149171677e+02
3.226235872856537981e+02
2.315893767908883660e+01
3.852178736173955897e+00
3.016423796982348193e+01
-2.131339641890040753e+02
-1.699808314196221204e+02
8.044568707684544506e+01
1.097348546974376120e+02
-9.396896473036061082e+01
8.522989742739213170e-01
2.945078365838259629e+02
8.740336158007210088e+00
-2.098655495634312018e+01
1.399589596335568054e+01
1.968507507032732065e+02
-1.389930120866809489e+02
-2.196507224501931432e+01
1.588322302653591578e+02
7.564651219798537340e+01
2.538769868005812214e+02
-1.257867293486986853e+02
-3.582799684543817875e+01
7.278699794607616980e+01
3.349078860292821673e+02
2.267980020168141095e+02
2.103694285439204066e+02
-2.876095725333971842e+01
1.537398401993314963e+02
5.886090484629006880e+01
2.548374584311150954e+02
-1.786938151232642440e+02
-3.957290102867956705e+01
-8.707157430880121396e+00
1.420335313440405116e+02
-6.377268103368858476e+01
-1.206907229514348643e+02
2.551782914356341792e+01
-1.982947744094486211e+02
5.263776541822879551e+01
-2.043832249865367956e+01
1.433853001254105379e+02
-1.398909865695433155e+02
4.476311117165143116e+01
4.554835837160595702e+00
-1.898891319450282253e+02
-5.359982132211015937e+00
-9.633819917651985065e+01
6.657145238402991083e+01
2.389882687999501059e+02
2.104909048809863847e+00
-1.853387657367071739e+01
2.993449671250525626e+02
2.273080118640674527e+02
3.449807120449955988e+01
-1.339112756359554623e+01
3.551619636715519732e+02
4.606375023220751075e+01
-1.128332382170072634e+02
-2.228346526308269233e+02
-5.889209883342189045e+01
-2.060544427178225035e+01
7.377165529919719233e+01
1.740610844040556913e+02
1.382590034346537600e+01
1.144105371669237030e+02
2.300316485275004936e+02
7.989566559782598176e+01
-1.164280264978424384e+01
-1.440909723501805502e+02
1.622516703049095383e+02
2.646416617773099915e+02
2.284535497546337979e+01
-2.358243251525711415e+01
2.591027539405863536e+02
1.486724464860517401e+02
2.457026527166332528e+02
-2.258771068896543852e+02
3.148780505569946087e+01
4.677704214805366973e+02
2.248817698749391809e+02
5.234285258142391228e+01
6.058204210027327008e+01
5.399733551061065384e+01
1.262890975262103694e+02
1.515639325284320194e+02
1.065693228750725865e+02
-4.068336679813017298e+01
-5.145098559155643869e+01
6.428596797840586419e+01
4.973566738034160153e+02
-1.295932319859018556e+01
1.682567388607724865e+02
2.197657168305157143e+02
4.948593328508002998e+01
-1.146765382104398867e+02
-8.043780843628722721e+01
3.588743989445115972e+02
8.096601124084098444e+01
3.045085344228267559e+02
2.333034165396607023e+02
2.851771748894220337e+01
4.734307508297877831e+00
-9.141447410262119888e+01
-1.381895953534000654e+01
2.465251277880418286e+02
-3.502671528882899565e+00
2.214636033285151129e+01
5.272496155609310620e+01
-2.187433751296064486e+02
3.925961121752715712e+02
-1.848265630932659178e+02
4.739207178253939219e+02
1.930637365079244461e+01
5.739380457603165269e+02
1.747625227831979089e+02
6.890752902084727793e+00
6.442726015795578576e+01
3.109465391955391169e+02
2.109225890457669550e+02
1.114875761250555684e+02
-1.283714986309750827e+02
