-8.062594736439923082e+00 -9.258540603967755800e+00 2.476644494961792731e+01
-6.358128842933673752e+00 -2.244664392182478263e+00 2.964650791489579262e+01
-5.065717092198105398e+00 -5.016180274000634043e+00 2.306653983806613795e+01
8.093531705531869846e+00 8.124522826986648738e+00 2.648088676330285551e+01
-4.560168658949612208e+00 -6.750994845242964004e+00 1.723244550244564621e+01
1.047246650358614950e+01 4.263200248678454152e+00 3.556749846444327545e+01
-1.495212993152175684e+01 -1.549074712911905216e+01 3.523474132110049339e+01
-1.035207785432834626e+01 -1.043450283110303367e+01 2.925408809246114217e+01
-9.717379612856087423e-01 -1.739579195362185526e+00 1.167147279318824005e+01
-7.769831641075326090e+00 -3.800663442121743785e+00 3.078167835762816296e+01
7.596716701033533248e+00 6.676025655294000494e+00 2.715812623036483231e+01
7.274522134294878484e+00 2.893201825586844134e+00 3.072810450744382038e+01
-7.522029497899682227e+00 -5.949625223900951276e+00 2.789071046801709741e+01
4.316096835369937601e+00 8.255247676931563916e+00 8.592441171909371178e+00
-1.929378014640351413e+00 -2.918553444458090507e+00 1.498718634375229719e+01
1.103537935012743354e+01 1.114866567527444197e+01 3.011699844278626514e+01
-9.522814936293917398e+00 -8.512801251141169701e+00 2.949695530298833646e+01
-6.867554303177658248e+00 -3.741163933672825515e+00 2.904315800636315714e+01
-2.770246130022103959e+00 -6.067291764972810419e+00 2.513285249664686205e+01
-3.579229893083152980e+00 -7.806334880443984936e+00 2.725584799173508443e+01
5.651068720601363893e+00 1.015813986100958388e+01 1.204123678000925679e+01
-1.599528339078096195e+01 -8.232694311266719467e+00 4.361202217231448941e+01
-1.302922319872171109e+01 -1.077694124908145312e+01 3.520118413063399032e+01
-2.894789790753165004e+00 -4.382282596789027096e+00 1.565849742139361922e+01
-3.239483336748590681e+00 -1.770826212735106431e+00 2.368984622001704210e+01
-6.032262442211310471e+00 -1.012720673717490882e+01 1.478945930395038388e+01
-1.158417601724289980e+01 -1.585774462904815074e+01 2.542236802846008459e+01
-1.005282621565261891e+01 -1.077139059825903544e+01 2.807623639024600593e+01
-5.130702744294299400e+00 -4.478040160566228778e+00 2.413733578863664775e+01
-6.569154731055450114e+00 -7.141287019713297823e+00 2.381658803965544990e+01
-1.290110094707804400e+01 -6.224883780646768727e+00 3.875246261028238592e+01
-2.558624772418832904e+00 -1.161923306261197997e+00 2.300322893989292083e+01
-1.231121168649914921e+01 -1.854643652630788964e+01 2.363136731558375558e+01
6.111746920936055538e+00 9.734333868524966960e+00 3.024966168225558416e+00
7.677724677999657743e+00 1.247009323340945031e+01 1.698764174080596234e+01
-1.241062948106626962e+01 -1.608749049928794506e+01 2.767217401117421716e+01
7.044305905242186583e+00 4.518642524064957477e+00 2.853116047550145495e+01
-9.273012421319938525e+00 -1.060307141430582156e+01 2.620684713447275627e+01
2.722706578085852147e+00 4.690950333960487661e+00 1.234324429915989008e+01
-8.914554799787310913e+00 -8.947580218734296764e+00 2.748669506224693393e+01
-6.385089039387597865e+00 -8.056595911244501806e+00 2.162514730195293566e+01
1.174211038427342579e+01 1.156948688451251250e+01 3.138443235098713302e+01
8.603383573978772958e+00 1.342194333739483092e+01 1.909244706910426359e+01
7.472112735382558490e+00 3.785343737182467194e-01 3.336322266106148504e+01
-6.322267157654860803e+00 -4.556425977450702547e+00 2.690445847396581769e+01
1.924566138504041390e+01 2.191960785606629258e+01 4.011185686285462992e+01
-1.272561480590659677e+01 -1.426960455873812705e+01 3.082461841371816647e+01
6.781851093553591170e+00 6.810319659858775410e+00 2.491933270847123083e+01
-1.287614442865890219e+01 -1.545355180113523019e+01 2.981096282457042790e+01
-3.270045189895081528e+00 -5.917433706944026817e+00 2.376847591729878317e+01
8.251710096192681476e+00 1.070540000247811641e+01 2.299471364843545729e+01
-7.421545349798933655e-01 3.174660615342736580e+00 2.609264642209561913e+01
6.626531367923625737e+00 8.058983677851520255e+00 2.241839870789263500e+01
2.711605480673524138e+00 -2.928785860304918276e-01 2.567356050353436459e+01
-5.278810989872406267e+00 -7.029861683184915222e+00 1.974943610733303956e+01
4.758554111634310857e+00 3.204512640866007622e+00 2.514342349073538330e+01
-1.468550663571837944e+01 -1.874276460660819765e+01 3.092223687362340456e+01
-3.991122309362510112e+00 -6.539653500975758149e+00 1.442451511762811123e+01
4.459319480993972462e+00 5.811840184502401030e+00 1.936640480115624641e+01
-1.016047142653014390e+01 -8.204158733658147185e+00 3.129563226662184761e+01
8.237437552157324205e+00 8.182093935322193090e+00 3.075348732914438443e+01
8.751833167974956140e+00 1.128485586011028019e+01 2.362311075231337654e+01
-1.169247261193951282e+01 -1.056996685286497950e+01 3.233368844829639244e+01
9.770204119403411269e+00 4.126100693949434017e+00 3.434192393070890859e+01
-1.274070034173696353e+00 -2.235618129370243956e+00 1.576296422169134459e+01
2.027462959232192663e+00 6.679267796722082373e+00 2.713642627609686286e+01
-1.033440836529402596e+01 -1.506073403883715756e+01 2.256693472860474614e+01
1.356217897488012269e+01 2.056061573030824619e+01 2.485704534741301330e+01
8.954708779964834164e+00 1.239327219260575852e+01 2.238442873173505987e+01
6.408984929757746585e+00 4.276677314542492780e+00 2.744818873153019823e+01
-5.194968109884022134e+00 -7.410217797905337633e+00 2.294029172787070081e+01
7.151961421777658146e+00 1.363583066036276925e+01 1.006506587079125481e+01
6.581084302881364811e-01 1.212639212687946833e+00 1.005398255025854581e+01
-8.445248447377309731e+00 -1.749270147571445166e+00 3.390662870296979747e+01
1.037927725744702379e+01 1.111851097542462874e+01 2.848748610162499517e+01
-3.489809841661976608e-01 -3.736440725816209119e-01 1.482134059947669336e+01
7.348171038192741200e+00 -4.839725316491072515e-01 3.386194370680282617e+01
5.896125410958516611e+00 1.173553536638695860e+01 7.119064874227103878e+00
1.173866044132527087e+01 7.986750042578782960e+00 3.492655715672889727e+01
-7.161595886519183551e+00 4.716994029878865291e+00 3.664128534997777109e+01
8.313470528183827923e+00 8.135829237249305734e+00 2.702499123822370208e+01
-1.116137794416003004e+01 -8.740349772357539848e+00 3.297433376216783074e+01
1.061750348359807194e+00 -5.866260591931415913e-01 2.237144183950455556e+01
1.549292942610138368e+01 1.060491686675145218e+01 4.080422160119032782e+01
7.821509623149725421e+00 -6.822441326407349127e-01 3.478813798413216318e+01
-1.568170953980359172e+01 -1.902857647054438317e+01 3.342324594977394980e+01
-1.176386385841480653e+01 -7.429439869830829046e+00 3.547077442952962656e+01
-1.310884882839955701e+01 -1.048848341867219602e+01 3.564636443478944727e+01
-7.977628303071409022e+00 -1.025331116478225013e+01 2.288745905285055926e+01
-4.744947298633094057e+00 -6.537607968226567756e+00 1.872991414023917045e+01
8.171116528599748463e+00 1.369372509575064001e+01 1.627911800548491783e+01
-1.214653163256619806e+01 -1.402023202337107577e+01 2.957578939642332116e+01
-1.294157984998985889e+01 -2.181931788257162808e+01 2.035176116616151987e+01
-4.395444252291273557e+00 -1.778806157324970827e-01 2.825318929865828466e+01
-7.258245770409081921e+00 -1.373853070254161857e+01 1.048980724048020541e+01
8.637048343050052424e+00 8.792254318577493066e+00 2.706051559393584682e+01
3.940014867617529948e+00 8.250099975053272416e+00 3.350333066842881902e+00
-3.773648533112030190e+00 -3.440722148640689149e+00 2.215120914501633109e+01
2.594253641089637075e+00 1.605164188440445283e+00 2.225542725246441478e+01
1.804091189900362124e+01 1.331508845611315905e+01 4.446422375447914277e+01
-1.524775268309082854e+01 -2.247885356137228285e+01 2.782125331206870555e+01
-7.241529220246262888e+00 -1.029242237475659216e+01 2.020736095664475940e+01
-5.373686136041234462e+00 -1.295456529561938908e+00 2.880997362639250881e+01
1.025228701897627381e+01 6.816117599063772126e+00 3.287995453559258863e+01
-3.548185587334332869e+00 -5.216596771931421017e+00 1.666097725344436498e+01
-4.825723635395970490e+00 5.828704599816215470e+00 3.423940400018099695e+01
-1.093012779958471015e+01 -1.699400855380307007e+01 2.120486647146707782e+01
1.230839327053523036e+01 1.068375680624547996e+01 3.364693418826436755e+01
7.735035173181457502e+00 2.524055122129346351e+00 3.194480962920168565e+01
1.559362879808528568e+01 1.892993191138885578e+01 3.328813047217899168e+01
-3.163736502318503341e+00 4.198774221663774675e+00 3.075167561182471587e+01
1.325618513294182321e+01 2.282362654592039775e+01 1.982603878182594315e+01
-9.024702196104756879e+00 -1.498439392688501570e+01 1.730493316342119314e+01
3.011102210385717459e+00 -1.409614497327454252e+01 3.739792417328095553e+01
-2.261843979594585274e+00 -3.897221859579742542e+00 1.311911858032539691e+01
2.094492025849651995e+00 3.616130458201082476e+00 1.306888713655856016e+01
-9.738554355502763826e+00 -1.299435338742795309e+01 2.415473285263739456e+01
1.007256654511520999e+01 9.921049216342449739e+00 2.917275492568720807e+01
-4.279317912643583188e-01 -1.128504181059414524e+00 1.745603812720499448e+01
1.288299695144872992e+01 7.980239631553413204e+00 3.733104798775557498e+01
1.831239413569854202e+00 3.531192608248827192e+00 7.537581516895000888e+00
1.199200961064548565e+01 1.596227459664828174e+01 2.655165831443602187e+01
-5.549434490812130250e+00 -9.543843208965853364e+00 1.367085615672976928e+01
-9.663038114049010474e+00 -1.494459573530039442e+01 2.016496757096462744e+01
1.024484921498056700e+00 1.284977088043889992e+00 1.604356276452798369e+01
-5.628887289518671011e+00 -7.817081643338370078e+00 1.931187631379150815e+01
6.171680848908357220e+00 6.735005166657650477e+00 2.333630340628126731e+01
-7.400001599257057805e+00 -6.486316251411317069e-02 3.350171759573270691e+01
1.204683472665055888e+01 1.573297641233295074e+00 4.041387549669212831e+01
7.939586177331804606e+00 6.924222929942764004e+00 2.766147157049007177e+01
-2.193853735577512065e+00 -2.475182414391061680e+00 1.862649079803924934e+01
-7.454274376061917451e+00 -1.538271031701588498e+01 5.432926123535053442e+00
1.362342799207299748e+01 6.272530251588445793e+00 4.015564894993414669e+01
-4.911294931149115861e+00 7.170342675766365748e-01 3.008132454412143986e+01
9.360198055312331178e+00 7.413679536527708613e+00 3.034990554911256311e+01
-4.608421717912850823e+00 -6.787990968322112906e+00 2.177804307964652608e+01
4.880693764539991264e+00 5.108314760714026903e+00 2.235388471039617286e+01
9.417092054588470873e+00 1.211334375694956123e+01 2.437390160323144173e+01
-9.836159104382041107e+00 -6.129187643245301409e+00 3.266956009093279789e+01
3.819418748382920281e+00 -3.375589551882606787e-01 2.780935198220762672e+01
2.658256932363697173e-02 5.018036266839943915e-02 7.291769051764852350e+00
1.671610960589816841e+01 2.801261891903481427e+01 2.405390716228120240e+01
-1.562368025859554699e+01 -2.371569361290576339e+01 2.737180001694473575e+01
-6.286224796029622475e+00 -1.182774853184857555e+01 1.025244806124581842e+01
5.692102339823042811e+00 -4.346898411254972672e+00 -5.774565753031563275e+00
-3.513630618682637152e+00 -5.660222407371922060e+00 2.177856408740506566e+01
-7.372246086013617195e+00 -2.343656992461793820e+00 3.144602292422284506e+01
4.789631291159683002e+00 7.679640894151058106e+00 1.547042427063074754e+01
3.585498580060435536e+00 -1.815348055477830735e+00 2.904384353618255687e+01
-1.493475818704987290e+01 -8.980803240360010875e+00 4.084560001786242367e+01
-6.574931854986674651e+00 -1.115113241537521116e+00 3.116453884930087881e+01
7.899710975008817915e-01 -7.460335462827862862e-01 2.193206584177657703e+01
-4.948207044005656030e+00 1.658277731659773657e+00 3.103386258209573967e+01
-6.460854807317098825e+00 -1.082835420240086499e+01 1.526354547423247965e+01
4.193338146420912516e+00 6.649972000782422121e+00 1.670894976554528455e+01
4.291245684325312171e-01 -2.979249097766757171e+00 2.525886808140915463e+01
6.441317861856784788e+00 7.184368409052954707e-02 3.189240022540151998e+01
1.165730679934538117e+01 1.650538146208592138e+01 2.468946310758918372e+01
-7.810129042445824510e+00 -1.287831369822330885e+01 1.658214374455300799e+01
1.766288202389964201e+00 2.437710322161009469e+00 1.615367324645163549e+01
1.209581886947309393e+01 2.059872093240963764e+01 1.907348390984735431e+01
-3.677903896505801296e+00 -1.351366511968774331e+00 2.536153104251617663e+01
-8.799229245693220847e+00 -1.514140951228233511e+01 1.575240959238720073e+01
-1.483353932577273770e-01 -8.353536932449459940e+00 3.076327594655807474e+01
-1.644602263774837070e+01 -8.795287053732735671e+00 4.417342414053998567e+01
-4.393632249104847176e+00 -5.069543919700080892e+00 2.084059642256706368e+01
-5.144052757697740397e+00 -1.427718671115544291e+00 2.822973294898218199e+01
1.173762802533116911e+01 6.491675091284667687e+00 3.621309852338255553e+01
-2.656171204855829693e+00 -4.423690622442054021e+00 1.332597284139013816e+01
-4.146780498370651102e+00 -6.491028921285526110e+00 1.733787507410385231e+01
-1.137158852280014898e+00 -5.887295686196564182e-02 2.112222673308808751e+01
-1.032144817337492526e+01 -2.618510174681750069e+00 3.657721508920939613e+01
6.635143563943456613e+00 1.072807555798676127e+01 1.639139647206243922e+01
1.545595432964721816e+01 2.312755875548690199e+01 2.762155755105267829e+01
1.780142547219170313e+00 1.873308311394497938e+00 1.854280070280249859e+01
-2.091314242396583367e+00 -3.959949184194824223e+00 8.464242089160443072e+00
1.211777257561468035e+00 2.283096087892742432e+00 8.696929141576553945e+00
-7.184184050072079941e+00 -6.585955539990617780e+00 2.627177997270063159e+01
2.302088920916273374e+00 3.806494678825692368e+00 1.608327649786243541e+01
1.372132756338594817e+01 1.895252404057248796e+01 2.774328392182720648e+01
1.398124341941797688e+01 1.710841343771440393e+01 3.088429395628789109e+01
-1.030661643315449894e+01 -6.348818838012711296e+00 3.343091117178481397e+01
-8.478361538264950426e+00 -1.010578040875267369e+01 2.467272045909977862e+01
-9.110937019163763750e+00 -7.770918943159704106e+00 2.938737839640114302e+01
3.552134511299229747e+00 3.114519538703238943e+00 2.211777632446477782e+01
8.349561946894541009e+00 7.027693105756815051e+00 2.849532792776245671e+01
-2.460236155230189348e-01 9.059959021867878270e-01 2.047259858113078224e+01
1.242949342430941861e+01 4.919482783215356037e+00 3.880354799088943452e+01
4.615260452141531466e+00 6.980497639720909753e+00 2.362776979949802580e+01
-3.770899810389797047e+00 -5.005087685462706659e+00 1.850408949777437329e+01
-1.012732714967513736e+01 -1.809043420233886579e+01 1.524326569869300307e+01
1.396801999133143291e+01 6.967983140204887960e+00 4.034032402459637012e+01
3.283449784024346840e+00 4.518519870048205433e+00 1.756600194601232445e+01
1.569405855327415722e+00 -2.944242311192323047e+00 2.713319332644384474e+01
-3.802948700438772978e+00 -4.260773932667826891e+00 2.052789991475489728e+01
6.106858906188067593e+00 2.616163588675717300e-01 3.115260981721776901e+01
1.855043887287080473e+00 4.447623180423342149e+00 2.337035563024359774e+01
-9.018488519680783355e+00 -1.314271736530139068e+00 3.526283958672205898e+01
-3.669142021337209680e+00 -6.346463747818924972e+00 1.258303301971696087e+01
3.784851546011918977e+00 6.175682506754043288e+00 1.443555444219650497e+01
-2.835546082879553342e+00 -5.523519740609099671e+00 7.227363984221326199e+00
1.500812980299348887e+01 3.858102613932644864e+00 4.447893153557753720e+01
9.795170898391724279e+00 1.461897800503920486e+01 2.132069680715661519e+01
-3.460036975521803448e+00 6.697686204398518861e-02 2.682301276343879337e+01
1.185740212156576234e+01 2.069957751650875366e+01 1.780362819095424953e+01
-2.844531614850930090e+00 3.286918612512328863e+00 2.943266332425635312e+01
9.027440590254666164e-01 1.818896833028175175e+00 5.089905383466859057e+00
1.410208125328789741e+01 2.823123130718970941e+01 1.299679435996560883e+01
-1.361580025985471032e+01 -1.466916565727220778e+01 3.269207419951816718e+01
9.107012244045193938e+00 8.948908390951386238e+00 2.796807958356199819e+01
-7.708489769321166030e+00 -1.446788933075724515e+01 1.117975414199996465e+01
2.449095011083215034e+00 3.716124831332832112e+00 1.531345668025402240e+01
-1.432905718723465061e+00 -8.137793152714786871e+00 2.945113399422748302e+01
6.642468899244347469e+00 2.616209256358557944e+00 2.980145161062048587e+01
1.167690658577202889e+00 1.330248570263662522e+01 3.394612760449410160e+01
-1.325391054829015580e+01 -1.777954035789590748e+01 2.789385872282233336e+01
-7.732424101019439000e+00 -1.206453644224911415e+01 1.847129131150748194e+01
-1.284391645837816398e+01 -1.987158506839558569e+01 2.337515402920490359e+01
-5.487755540703061818e+00 -4.312528992692805652e+00 2.528489702545288509e+01
1.159456913274597945e+01 1.830232390294246514e+01 2.137575090440510905e+01
-1.954139540705272182e+00 -4.116506750786175672e+00 2.216657479572134193e+01
-2.941333144469163052e+00 -8.873055163401285528e-01 2.441128163619448443e+01
-1.677453218036174309e+00 2.177104118842446923e+00 2.632340329491517039e+01
-1.658437948354786329e+01 -1.116591381597948640e+01 4.277651201614055054e+01
-1.720544600915288713e+00 4.618835033907582321e+00 2.923645386698127169e+01
1.654153305628636872e+01 2.229829329938872107e+01 3.215824366460711303e+01
5.220559040296601339e+00 6.604504462083392369e+00 2.048565869563368480e+01
8.458531331478916115e+00 1.432643963843686130e+01 1.613514630962962926e+01
8.712089086129722659e+00 1.515560307524720329e+01 1.526405814703451647e+01
-1.632772396674666382e+01 -1.611919660774778151e+01 3.806873249210255494e+01
1.660017650088790475e+01 7.112684377065867203e+00 4.561320185220002088e+01
8.512216556642165699e+00 1.641407819023937265e+01 1.032799831536677537e+01
-4.880830917848778761e+00 -9.008709029185215655e+00 1.049043443718692004e+01
-2.881758152048102595e+00 -4.627921107176860005e+00 1.815653640778984013e+01
-2.966817681799717832e+00 -4.900367018163374944e+00 2.066041500518002394e+01
-3.756918026255631204e-01 -6.110949072040176233e+00 2.827264961469904136e+01
8.898000171115404200e+00 -1.963732258140595821e+00 3.742955049046344129e+01
1.013274568337668313e+01 1.622707142602141062e+01 1.948085479143587762e+01
7.149636685783102408e+00 1.270554494236372278e+01 1.330917380578593523e+01
5.041885344163321570e+00 7.423094412990248969e+00 1.981852652406488957e+01
4.286297987125325726e+00 3.087622304581997490e+00 2.417201990598264771e+01
1.006495252427757237e+01 -1.245105000852730903e+00 3.884080520240249257e+01
3.323569059052855934e+00 5.258054542756481098e+00 1.764747206983483352e+01
1.212911646968698953e+01 1.852031723681150055e+01 2.302243551111639519e+01
-1.227717141797631406e+01 -5.081589767202455477e+00 3.838963340545949166e+01
5.025834603875176221e+00 -1.260235148667040672e+00 3.078827107606308289e+01
-6.154231741121266586e-01 -1.150334785164193185e+00 9.209464791853910981e+00
1.352639965745910722e+01 1.534122580163237082e+01 3.170979450299190461e+01
7.158215326481185414e+00 1.433516509411783524e+01 7.414801148027835076e+00
3.026567388037674444e+00 4.990914196852827445e+00 2.082377740512777820e+01
1.476835764958956432e+01 8.394551120049918325e+00 4.093406311668309172e+01
8.857259979786451964e+00 8.524818397486826349e-01 3.534193521008693750e+01
-3.012892221359587008e+00 -2.903392314906953153e+00 2.081953569059785991e+01
2.628677615273388390e+00 2.234901722592732121e+00 2.102330087151684879e+01
-3.975278604877723332e-01 2.066989361142590020e+00 2.363963846399836299e+01
6.427550544818146916e-01 4.675181246378685707e+00 2.604570110672235117e+01
-1.609188246039049375e+01 -1.955933150520346331e+01 3.398199541040757055e+01
-2.224519646860015687e+00 2.407525317363929052e+00 2.752842040550033431e+01
4.438504757950164858e+00 8.306932090404086644e-01 -7.220506999579987983e+00
1.454413695096672399e+01 1.328746900060702529e+01 3.637126998882425966e+01
1.458650123132085828e-02 7.207172360269306979e-03 1.059170500138983684e+01
1.459472854164063449e+01 1.801660403023652890e+01 3.153207917319087983e+01
-8.406087779981147534e+00 -8.072829101163122800e+00 3.163937763687697569e+01
-1.101280631643553320e+01 -1.089865914463844376e+01 3.034821311830976498e+01
-5.230305121397751833e+00 -1.005743720880165526e+01 8.669801750469980917e+00
1.031089738586908844e+01 1.260621104624110878e+01 2.631655234078214889e+01
8.295310957765691384e+00 1.769339676500432290e+01 -1.155139786338009067e+00
-3.990243297189883798e+00 2.042780367780929307e+00 2.990926237834476709e+01
-2.011090830280804198e+01 -3.682667133543459315e+00 5.467775855273019658e+01
1.097620541695726892e+01 1.340622433719339757e+00 3.866830740322052407e+01
1.215339175430774299e+00 2.279084535807601952e+00 1.763699933846869072e+01
-1.236819040520427393e+01 -3.601250581996950917e+00 3.963257193509507204e+01
1.596056880569677894e+01 7.978323194908948146e+00 4.371415045079836403e+01
1.435593386109790792e+01 2.633300966317984937e+00 4.398457976600548847e+01
-1.016837906742391517e+01 -1.615577024053080635e+01 1.977672698262382056e+01
1.581061104640689940e+01 1.305393062461442177e+01 3.953639738120087799e+01
8.941410830303029300e+00 1.472002200652187476e+01 1.750916484407879281e+01
1.667476645904673305e+01 1.702403156071328283e+01 3.809770942500884416e+01
-6.051146744414824141e+00 -8.597766454880012787e+00 2.075156332333530429e+01
-1.678037073672190971e+01 -1.288947949860656728e+01 4.189774990973501190e+01
-1.448852678840332153e+01 -7.414156025383983106e+00 4.107432312096834437e+01
1.831857961630455556e+00 -1.489402119770268651e-01 2.352655285042043687e+01
-6.539534889274102980e+00 -1.258372877567213166e+01 9.255474873634510047e+00
-2.862791441361939526e+00 6.105334043783286369e+00 3.201714929942943400e+01
-9.108016287911404163e+00 -1.298057131688038979e+01 2.205228406129024421e+01
-9.899198754134763689e+00 -7.334237766317071028e-01 3.721838521236418273e+01
7.450132139483668148e+00 1.022234662344728839e+01 2.113577341905051554e+01
7.829683211565356515e+00 1.210941420770462429e+01 1.859045840833293184e+01
1.164874361981157946e+01 4.277595678468612661e+00 3.778748104072342073e+01
1.790652892150717079e+01 2.959487957316628481e+01 2.766645154004596208e+01
-1.331633438248346124e+01 -5.655397481977585628e+00 3.999444876104440993e+01
1.478244535363145040e+00 6.346361659363098262e+00 2.726219546624626489e+01
-6.407407955390238996e+00 4.116661404828865223e+00 3.516055021545039949e+01
9.546832632127872031e+00 -5.933324649794526451e+00 4.078152369082987150e+01
5.595101969851327794e+00 -2.682232506572730379e+00 -7.524223038026613963e+00
1.738321852222224706e+01 2.258187500124005709e+01 3.434752749631525859e+01
-9.562817235374973635e+00 -2.367553358476269132e+00 3.540100258183250048e+01
-2.579074333863129009e+00 -4.622936158957040576e+00 1.120984006725994853e+01
-7.545246079284496865e+00 6.346913523951316360e-01 3.430207913774290773e+01
9.882291440422434903e+00 1.783943485645060179e+01 8.155070267862532418e+00
-1.232662825501199499e+01 -1.086501188173962618e+01 3.350936842041235764e+01
-6.117635815749398631e+00 -9.668303209686600397e+00 1.671146539350672455e+01
-7.867329010706347603e-02 -1.224190893080167486e+00 2.011147849478877347e+01
-2.146483527513851541e+01 -3.257643649150643483e+01 3.559954192669296447e+01
7.529056438076633384e+00 1.132662108667370404e+01 1.766848357225786925e+00
7.884998237646230201e+00 1.053322678836641657e+01 2.274949800776729703e+01
1.218831550454190271e+01 5.757512611779493916e-01 4.130175970597397850e+01
1.115974238759241643e+01 1.620920574383849910e+01 2.347843758638995482e+01
-1.416763489652219121e+01 -1.515334394495403991e+01 3.358772614385083699e+01
1.050398970126353682e+01 -4.936823798957172826e+00 4.162512679300978391e+01
1.369882311116898954e+01 7.919605668515441010e+00 3.907172693188386603e+01
1.292071629353299755e+01 1.512019751016545399e+01 3.035820714833979039e+01
-9.146853360459537896e+00 -1.697011866507149946e+01 1.272186825268554244e+01
4.432078527933796863e+00 -3.456143167035105712e+00 3.185368389647556597e+01
-8.925835590105984707e+00 -4.608671103982537431e+00 3.227313291472340495e+01
3.625454512709142207e+00 6.068449948070465894e+00 1.436641942965659879e+01
1.866508933288932681e+01 2.300612690420913609e+01 3.760907887706848385e+01
-1.759211911641222770e+01 -3.177551141644694965e+01 2.292585642386238476e+01
-4.099698718382434492e+00 -7.794145103787901263e+00 8.805522628195229018e+00
-4.960774721954162025e+00 -1.121691410900507435e+01 3.117715648985214827e+01
-8.836495378521998845e+00 -1.254679138078010681e+01 2.168348462532695820e+01
2.765966360457228657e+00 -7.733051602033770067e+00 3.316990401232525443e+01
1.413257453562852994e+01 1.423479814192726423e+01 3.445596422730845632e+01
2.248991604589584270e+01 2.359954866620438096e+01 4.752881955635503175e+01
-1.431589724229260341e+01 -7.044800308377705100e+00 4.098946747087144615e+01
1.536462892877511877e+01 7.740718248279576663e+00 4.264259417994522039e+01
-7.051025549200083731e+00 5.563737251824579566e+00 3.697570343444422036e+01
5.227001224609212571e+00 9.020103232687485928e+00 1.355367754713082107e+01
1.034990239816864310e+01 1.770876413505262903e+01 1.725036458109364901e+01
1.245007115535834075e+01 1.748754613389369794e+01 2.578387085725491090e+01
-1.203112039060457938e+01 -2.458145257043673126e+01 5.955977196963327280e+00
6.227693980827115006e+00 1.151223485763051713e+01 3.172000363340057660e+01
-2.090829160209001003e+01 -2.551419739107490159e+01 4.104657776268983582e+01
-1.084044138340891550e+01 -1.354610399797352116e+01 2.652826526056471224e+01
-1.564208848482839365e+01 -1.434223456734774693e+01 3.801761457240460373e+01
-1.667024217763757576e+01 -2.031197599973179990e+01 3.478317731898059861e+01
-8.147164825381388198e+00 -1.280501573674901827e+01 1.837570941802246693e+01
-7.614803761936163040e-01 -9.433935424686603621e-01 1.556568868444063369e+01
1.095786240600490835e+01 1.234979380513033398e+01 2.846173425885158181e+01
2.215114671872257190e+00 3.795734304526214409e+00 1.912750621319419153e+01
1.482873214469592504e+01 1.035792908791903599e+01 3.954851875506845005e+01
1.324049094224264422e+00 2.368561459422630300e+00 1.061303443269047619e+01
-1.093210027125402384e+01 -9.435453978521852747e-01 3.886167059864202855e+01
-1.469922965702019368e+01 -3.522234538436208595e+00 4.409228567228142737e+01
-7.835684032876128136e+00 -9.691455404560503695e+00 2.441086057812062649e+01
-4.902961682268732746e-01 -9.748457627578643869e-01 5.823348126031696381e+00
-9.211413973233543828e+00 -1.289282425203708904e+01 2.238221888452832786e+01
3.684502338721871162e+00 2.596977680042131365e+00 2.343412674591419886e+01
5.586125794588400417e+00 6.065356292149277628e-01 2.991610782794231937e+01
-1.724612229318137224e+01 -1.610021557707179340e+01 4.035031024986304260e+01
-5.497787049150514527e+00 2.231593815476574427e+00 3.238046091618488020e+01
1.919300407515699192e+00 2.790045702054908539e+00 -5.750972382882730827e+00
-7.135927452559728046e+00 -9.038660953185580382e+00 2.876699444612251355e+01
-2.015448622509639165e+01 -3.105159911689757379e+01 3.343857162167068253e+01
1.409738010229444072e+01 1.252192881821153314e+01 3.603119293286506775e+01
1.423338928612785814e+01 2.377591162787199863e+01 2.216001655323648123e+01
-1.201432771116356690e+01 -2.299365463103796259e+01 1.478391649233204319e+01
-4.689400803153244368e+00 -7.101525173693084447e+00 2.397714094018389375e+01
-4.368343456286146065e+00 -1.110232982283900105e+00 2.710457000471848943e+01
1.120223439178982616e+01 6.641875382743199552e+00 3.500523584148725575e+01
-9.187791200589904506e+00 -1.858927998772471568e+01 7.905748811889283800e+00
7.594330358074779852e+00 8.280414828657395532e+00 2.492778385730236934e+01
9.956103774832158138e+00 1.726383936184853596e+01 1.636888632994869397e+01
-1.424956752027679663e+01 -2.187904781133925880e+01 2.526152616718983523e+01
-1.067039461060068639e+01 -4.333904117659859168e-01 3.875215085141687155e+01
1.924820779189771258e+01 1.766326378337977232e+01 4.369161457453023445e+01
1.364018481986727949e+01 9.489218025540013812e-01 4.372392962355701940e+01
-2.176102313053985826e-01 -3.047755541782207089e+00 2.411389456441760970e+01
1.713735676194256641e+01 8.450259443026965300e+00 4.588876018480840457e+01
1.464338529450085691e+00 2.526684858601803363e+00 1.391482324752611710e+01
-9.868297964980058623e+00 -1.322887419093695449e+01 2.401717907126595719e+01
5.084287572676098321e+00 -5.753958963991149034e+00 3.451976851835568993e+01
-1.780842805510127747e+01 6.934943515897629140e-02 5.189812909529972274e+01
5.530374966040606743e+00 1.129524696857621002e+01 5.003408284282315321e+00
-1.024941465268269347e+00 -2.330555983647766283e+00 1.958545071158944850e+01
-8.892592672342665594e+00 4.901585038423460716e+00 3.927013846819877330e+01
1.799514758268767523e+01 2.587939146499856236e+01 3.216997448095203538e+01
3.283387962639057189e+00 5.819345841296584609e+00 1.183287970142664136e+01
-1.339582084332118761e+01 -1.002537249340015357e+01 3.669866224962694190e+01
1.880030783176559472e+00 3.023382889264333961e+00 1.377959135014178571e+01
-2.443937406515676258e+00 -9.325296203402686501e+00 2.992618657104812740e+01
-3.090717531085183101e-01 5.220958643999537685e+00 2.806859618723473559e+01
7.296074139838810702e-01 -1.250877449011063192e+01 3.465468765584933664e+01
2.675701435647840132e+00 4.770740107877087688e+00 1.113751519326567951e+01
8.333670314483921260e+00 1.663776079820964071e+01 8.169585605753610480e+00
2.968329152406332661e+00 5.959818856171529511e+00 6.074443455281601345e+00
-7.357268032721185236e+00 -1.029956076305598778e+01 2.135937245849680366e+01
9.595345035278283419e+00 1.286947185299229135e+00 3.628899658978203036e+01
-8.161888416436161364e+00 -1.068895671755248955e+01 2.333049518802760147e+01
-6.322235229255930733e+00 -8.350154885430093543e+00 2.370805490218993583e+01
1.152945211845727336e+01 -8.230224711709151819e+00 4.489235067100767651e+01
-1.548527883831510898e+01 -8.607775331415393083e+00 4.227956981137634074e+01
5.775878850005243592e+00 -2.102777872921111513e+00 3.269521228155639392e+01
1.193880823297045701e+00 3.289814622790714793e+00 2.221187385368702039e+01
6.804277557559897716e+00 1.379848589183005636e+01 6.249881548943546861e+00
-1.000753972339280118e+01 1.947145280144991997e+00 3.913387303744001144e+01
1.853652774421656346e+01 2.043413232320014217e+01 3.979659515291689331e+01
-8.758877100293819495e+00 -4.681775591632875155e-02 3.578427709521884026e+01
3.024033779691673196e+00 -1.996335172821158022e+00 2.834159145546157532e+01
8.033208668187464596e+00 -5.712673505017376030e+00 3.850307536062634028e+01
9.681891104978766760e-02 -1.102525468648120344e-02 1.457992261567803283e+01
-6.817132970972527239e+00 -1.031977459415246123e+01 1.836990693532902341e+01
-1.068435080260546322e+01 -1.535043983774673748e+01 2.323305552998332146e+01
2.191229154830454995e+00 -3.277702135541837425e+00 2.847014107114747361e+01
1.555930458098242219e+01 2.928052361687195315e+01 1.711840444024405272e+01
-1.946863219984813043e+00 3.951672464523587891e+00 7.497711513968269514e+00
-1.178791637409429605e+00 5.340274010926816750e+00 2.928618555800192880e+01
-1.063437655320842268e+01 -2.581854566972289433e+00 3.717193667023632742e+01
-3.598709825863134260e+00 -6.674871715003918737e+00 9.854829776601762958e+00
1.769333683181412553e+01 1.362616161865975073e+01 4.342709028582315511e+01
1.531211534283642095e+01 2.220993633911757570e+01 2.840190173438673682e+01
-1.149584721304831447e+01 -1.390868653381509823e+01 2.791980179693458197e+01
1.282756380547011688e+01 1.230364802655216039e+01 3.324932076733341546e+01
-1.444350227850075363e+01 -1.257762869840375330e+01 3.678689085095206224e+01
1.045457556425502332e+01 1.606200706478300599e+00 3.756195050983906469e+01
-1.479936560051796945e+01 -1.076421937021564901e+01 3.915516697101737265e+01
6.098867925975921089e+00 1.511271523272793260e+01 1.696773148585391411e+00
-3.273237047894495877e+00 -8.701240625044214028e+00 -5.382605122592929447e-01
-1.220784580216683857e+01 -2.019590252930089491e+01 2.032522939509534510e+01
-6.249742640379436776e-02 2.395646147232840528e-01 1.629247326312500732e+01
7.710481788907160849e-01 1.380610338435165563e+00 1.246161778222739258e+01
6.177163885889263462e+00 9.513856049727355213e+00 1.744919169618472310e+01
-1.356659326249266506e+01 -4.790623914605875555e+00 4.109000548293957422e+01
3.515449595690034457e+00 -4.510797719456818733e+00 3.149873323861603325e+01
-1.262303589188484843e+00 -2.431795614996323351e+00 7.558277028934985431e+00
-6.155033394383552015e+00 -8.197909549931612361e+00 2.430935897387177747e+01
3.654657908627997109e+00 6.874892180317467627e+00 9.199461595174254214e+00
-2.784228067993867128e+00 -7.965163256070691311e+00 2.813956245251326749e+01
1.521437469459604230e+01 1.388374666780515732e+01 3.741263402924708004e+01
6.366180715510061816e+00 -4.456526746807327299e+00 3.534095623672586584e+01
5.947211131577075705e+00 8.158835484597032561e+00 2.235506715927148491e+01
-9.459046902907697341e-01 3.292085437324983044e+00 7.008486124929833139e+00
1.396091395367258237e+01 4.753067073447409641e+00 4.187877169774253616e+01
-1.350231060054144017e+01 -4.303652119181461622e+00 4.129764048015431399e+01
7.904337269545196776e+00 9.292222713318031069e+00 3.083501003516356320e+01
-1.651039283303136074e+01 -1.325027689344485538e+01 4.098943979218931588e+01
-1.630363454170690929e+01 -1.186466199222887141e+01 4.161985736630814614e+01
-1.582473317418484093e+01 -1.615555617862996129e+01 3.677669456181014596e+01
5.948209275914104310e+00 9.248917152852346391e+00 1.766342307669983924e+01
1.255403797707422164e+00 5.747750793755510568e-01 2.019129569474870323e+01
1.572964450334030140e+01 2.187765970893424949e+01 3.017401117901052032e+01
-6.376773095250454659e+00 -9.808023704449968960e+00 1.818542588417901840e+01
2.125067625137433414e+00 4.381815175181511535e+00 3.879017410999639370e+00
-1.036113274105417936e+01 -1.873734372954919536e+01 1.174398548367355843e+01
1.897473320695406418e+00 -7.359848845884689794e+00 3.194992304382215309e+01
1.587940552246867654e+01 9.693895500109048768e+00 4.232848316715704584e+01
-1.406059248622585045e+01 -1.031684420680703163e+01 3.790300339023095688e+01
-1.495980537780238251e+01 -7.016256548730129161e+00 4.231764405450690703e+01
-9.207911272463224606e+00 1.916036284562374625e+00 3.789082188498318970e+01
5.792880826584112519e+00 3.967936706701513216e+00 2.647163483062177747e+01
8.844672685364221465e+00 3.681254571976962708e+00 3.296946477209925064e+01
7.062483323076687469e+00 9.896643158922721284e+00 2.035420038967749079e+01
1.502281028646476102e+01 -4.259861503814409645e+00 4.884660277286571528e+01
5.916482753101522718e+00 9.765771255281004315e+00 1.527936506006456341e+01
-7.735025465674318923e-01 -1.123966341875877006e+01 3.273677149999945613e+01
-1.802209444746526401e+01 -2.472957300541765235e+01 3.409209639187300667e+01
7.951118292387651110e+00 1.203750409044556946e+01 1.953479674110634789e+01
-1.094182960410946315e+01 -6.930619124953791399e+00 3.420903088475908760e+01
5.806962495310943773e+00 -3.432545842006774706e+00 3.379849989638211127e+01
1.213445117717588673e+00 9.322940458840912825e+00 6.017678149305589308e+00
-1.359399868466457484e+01 -3.644750023033333619e+00 4.191013220630689062e+01
1.602869564489150278e+01 2.268316141338752345e+01 3.009162366862635807e+01
-8.275442180567681660e+00 -6.735104597824213890e+00 2.867060717587725094e+01
2.017396295077983481e+01 8.894304126697301527e+00 5.214127240756869242e+01
5.575354802888291772e+00 9.759474918673243238e+00 -5.266272221609015425e+00
5.975485291198465276e+00 2.180185307300855246e+00 2.898600971913642610e+01
-2.045201290927668225e+00 -4.182591016725726085e+00 4.359138548183921991e+00
-7.130331995701771675e+00 -1.429574306704334496e+01 7.333272121524866627e+00
1.331077040253753019e+01 5.407182682243016458e+00 4.016151209687370027e+01
4.635216781440121281e+00 8.275266215853791962e+00 1.180433294559181689e+01
4.681683441822369396e+00 2.189207436631359915e-01 2.872049718615491187e+01
8.364980394635978200e+00 1.590759766277532172e+01 6.223472139263504843e+00
-2.999764683918181518e+00 1.130995656255474602e+00 1.330686017236083263e+00
-1.558052428064183914e+01 -2.161300375681366503e+01 3.004423358472541139e+01
-1.171455175660631554e+01 -1.234382345072803311e+00 4.004385235628620876e+01
9.750747530061101287e+00 1.754696883467808277e+01 1.460720851390585118e+01
6.832553070684864061e+00 1.246032087786568709e+01 4.245119555732937755e+00
-1.801385887415654086e+00 -2.124009187233978135e+00 1.775572238273953474e+01
6.808062387301745844e+00 8.605975095537873543e+00 2.471745397631469032e+01
-1.343491187584835345e+01 -2.489156400387585677e+01 1.656943966332129037e+01
3.127075002461006670e-01 -2.011827505752639134e-01 1.822350030212316341e+01
-2.204027561786706357e+01 -1.790100343069250499e+01 5.051882383734377413e+01
-1.823006576645368071e+01 -2.007586273537983601e+01 3.902545377992208131e+01
1.413670064379163627e+01 2.174167584585721613e+01 2.507003800252123327e+01
-3.390688939226611076e+00 1.667431708663281498e+00 2.857262229072163606e+01
8.914551537347696453e+00 1.798995375017936382e+01 1.087959529699839578e+01
2.048717586548014680e+01 3.160076257310977965e+01 3.374279636510384250e+01
-1.377899435056835387e+01 -1.840820390077540836e+01 2.865869818160339122e+01
1.602460623707859000e+01 2.415790572095743372e+01 2.812898030681742156e+01
-2.233866846385120120e+00 -7.278634680719438421e+00 -1.019790290167267965e+00
3.758512013684802699e-01 1.738052750253089362e+00 4.543675200088144628e+00
-5.426109096365880013e+00 -8.744842266832915101e+00 1.570771910658934445e+01
-8.279861749408153671e+00 5.420191853406937099e-01 3.542967760658001453e+01
1.305651747491178405e+01 2.721908272459895883e+01 8.120226952744534543e+00
1.302171204433512486e+01 1.058719470804509477e+01 3.536030814655174481e+01
-4.686948847113816541e+00 -7.871998815721818588e+00 1.443036775607206756e+01
1.094649618357514065e+01 -1.086817978661629169e+01 4.523658766901522910e+01
-1.409071378845291633e+01 -2.813556159101054632e+01 1.119104634695441547e+01
1.257944160952288293e+01 1.540818412147532968e+01 2.905952780099326915e+01
1.805250625828892552e+01 4.565621436685994183e+00 5.017999677221255439e+01
5.637844196208925851e+00 2.818923217513258361e+00 2.758119549701162043e+01
1.422444795327215949e+01 1.854314734581358692e+01 2.982023374999228693e+01
2.339025131506874966e-01 1.301119036630988157e+00 1.964492162728057778e+01
4.513022850634408556e+00 -4.032683156947340919e+00 3.244775749353300398e+01
1.356794202045262843e+01 9.889648591824421686e+00 3.718883429967769416e+01
1.854456764971108385e+01 3.125666144127968593e+01 2.727284333596016452e+01
1.029782499214896063e+01 1.988720261321276794e+01 1.157662905551399568e+01
1.627858814369367124e+01 4.588182712118185513e+00 4.652517841954078648e+01
-5.815256994435559434e+00 -1.145565974850644686e+01 7.653164262656413364e+00
1.542725302514412888e+01 2.436451813895816798e+01 2.575662821128796409e+01
1.477003297528701786e+01 1.530255905969710639e+01 3.496572251511391016e+01
1.206247497532842772e+00 6.251713525843719310e+00 4.249764867144582681e+00
-1.365816266797221878e+01 -2.213125364294179320e+01 2.267416313080128631e+01
1.564156421275581366e+01 1.743929490620812928e+01 3.502324089028189746e+01
-2.163448047880276803e+01 -2.815040173885527963e+01 4.086267728201254101e+01
-3.784196320742122754e+00 -6.241123427887266928e+00 1.501486616581128608e+01
4.166792322347529165e+00 1.129507904318605149e+01 6.482863691344847190e+00
5.209834769647934571e+00 9.661664877862699896e+00 1.041629471384451655e+01
-6.398474527256303723e+00 1.299298001684144221e+00 3.299807708229347725e+01
1.032165819317770072e+00 9.632731843313653286e-01 -4.380725913398862303e+00
-1.097389440719228304e+01 8.206718005238853308e-01 4.008263457784251926e+01
2.904789275920180991e-01 5.975100130641057827e-01 3.852198616855527114e+00
1.838131981857478792e+01 4.791473672795822480e+00 5.065516351768351200e+01
2.137789811522114114e+00 3.989727906149209247e+00 9.135050092658701715e+00
2.073421366419201206e+01 2.155704778320714254e+01 4.475234770559617203e+01
7.948528580631812446e+00 -2.835924865735273137e+00 -4.448169986357257244e+00
1.213170389703406471e+01 -7.583118646016853148e-01 4.201469372454571527e+01
1.013178929444435283e+01 1.846302913051954775e+01 1.434042020872804102e+01
-1.254812314322998335e+00 -6.788248945747537455e+00 2.803787504365363503e+01
8.623151948880144246e+00 7.763623620729964259e+00 3.269631499250919404e+01
5.683085961575107703e+00 -6.504747975228387880e+00 3.570896692212591716e+01
1.918390407495903816e+01 1.579987276579198152e+01 4.516899364543835560e+01
8.269365287332172798e+00 -1.483638756524450431e+00 3.609945747268184846e+01
-1.136867375050221085e+01 -1.961594797087179387e+01 1.783027812621999786e+01
-1.134357216402290724e+01 -2.257341181932109198e+00 3.868775660502227254e+01
-2.246514581614989847e+00 -6.676640622250332946e+00 2.681389013797445742e+01
-1.664503671514918182e+01 -7.187699013121560121e+00 4.565772431951454990e+01
-6.458669193079226822e+00 -6.999830724128486281e+00 4.972331308407245132e+00
2.796271690107286823e+00 -4.260862651964774983e+00 3.031423197054379415e+01
2.130015454392267671e+01 2.685391187767046262e+01 4.145435430389915155e+01
-1.167438759391036918e+01 -8.923742229416991023e+00 3.393626092114029547e+01
-8.046448279069387866e+00 2.528736772584540660e+00 -8.847512295763369394e+00
7.733267385696204421e+00 5.179432184900245595e+00 2.925156160036310737e+01
-8.332067598043391143e+00 -1.242960324377474635e+01 1.999535382032653175e+01
-6.372672362720141592e+00 -7.281639835299068331e+00 -7.297961155207190131e+00
-1.014372481043459562e-01 5.719730848823711966e+00 2.838452719689237824e+01
7.164898487882896738e+00 1.093154487585818657e+01 1.882009775947052077e+01
-1.326253427250628469e+01 -2.391478835883577680e+00 4.209783798934742549e+01
1.171941419589628985e+01 -5.023245195265246821e-01 4.115233240971659967e+01
-1.580928866501350427e+01 -2.249732717434429929e+01 2.963076450189136679e+01
1.234156290843922088e+00 -6.354697777492335220e+00 3.034439754390356114e+01
-1.910913528642954518e+01 -2.366100353374057619e+01 3.820713214696957039e+01
8.006500492888060094e+00 3.628899224525702127e+00 3.141229238640061183e+01
-1.194341828609639045e+01 -2.036017259709418425e+01 1.730566797541255397e+01
8.653750310930522716e+00 -7.777366164796628567e-01 -6.292996580403364959e-01
4.117666735231384934e+00 7.344780338381254658e+00 2.589605845611423618e+01
-1.650210966001540314e+01 -1.757229559041406830e+01 3.713372523825665183e+01
1.484166581750702107e+01 2.205335286496528013e+01 2.705391420605840835e+01
-1.611593843446357965e+01 -2.231287303464369387e+01 3.083273814014974690e+01
4.984809243828066450e+00 1.218630374666374649e+01 3.208521273875711444e+01
-1.562210205544868380e+01 -1.148548073818410664e+01 4.039556165734731508e+01
1.444635560971948429e+01 1.241828484182073389e+01 3.694022470523527346e+01
3.946722995667049094e+00 8.847147043288694945e+00 -1.778934492012143487e+00
1.706314824246876682e+01 9.970517909067559970e+00 4.468582325359379581e+01
7.549399766506367015e+00 -5.080425389406332037e+00 3.742775020540743469e+01
1.900286711535484940e+01 3.303247699024883843e+01 2.629496216365922834e+01
1.682026225068855751e+01 1.184944476526012735e+01 4.278898720996442506e+01
7.046111129202651924e+00 9.257925117024734973e+00 2.900559162753721765e+01
-1.636363007935027269e+01 -1.454989575571162064e+01 3.955795899513024949e+01
-1.015365137815907026e+01 -1.891707043490263374e+01 1.329770524468261961e+01
1.104272062303985713e+01 -3.636772937682786200e-01 3.991027401819184917e+01
-3.939596540028125204e-01 -5.136113953540820454e+00 -6.237332901755843650e+00
-3.836892667312650218e+00 -7.858259083141233781e+00 4.681465871620594577e+00
-1.256508740212493969e+01 -1.728094976659446402e+01 2.644415520522933605e+01
-1.268219890864011656e+00 2.121813305903886171e+00 2.551084659848742220e+01
4.386587862908553070e+00 7.244382508663723463e+00 1.502284828179338838e+01
1.695499385195978093e+01 1.634421008027089783e+01 3.941955236927407213e+01
1.435279827342086278e+01 1.670349914427593063e+00 4.455329978641722732e+01
-8.687132120635006061e+00 -1.708744153389114828e+01 9.371213950344476018e+00
-1.221019576313608912e+00 -6.405240358238482479e+00 -1.319427253239713993e+00
-1.410864073022812981e+01 -2.694470251670183814e+01 1.597557220393940014e+01
-1.260919952526281129e+01 -6.508557851740016886e+00 3.795257445668000429e+01
5.054330959670007672e+00 1.127164478067590103e+01 -8.065349865758050241e-01
4.389710902625451716e+00 1.256173957335023772e+01 2.985383763907479837e-01
7.187506866162182817e+00 1.539181064450886893e+01 8.710911810007548439e+00
-1.096165393195963178e+00 -8.392991817183672598e-01 1.861089033127812797e+01
-7.683468679846298777e+00 -1.425959189531626592e+01 -2.088440478760911212e+00
-4.845367275554967712e+00 -9.532449523024283167e+00 7.314395996907995467e+00
-1.004933713763331227e+01 -1.877510239841369710e+01 3.668536185739921685e+00
-3.127035625212277736e+00 -3.553050729251089557e+00 1.966295989853269433e+01
2.088946226631714964e+01 1.293287533999154171e+01 5.127498545687314646e+01
-2.817134981544592964e+00 -4.797862855551769279e+00 1.359452333303132576e+01
-1.451825963863073277e+01 -2.460576120639622033e+01 2.189962682037667463e+01
1.488833144077434412e+01 2.976385286535456842e+01 1.351002780769198353e+01
-7.005747404398680267e+00 -1.067593709785892031e+01 -3.884033974961582203e+00
1.654316434176857697e+01 1.251964440943424606e+01 4.164800728627093918e+01
-1.392905366026067293e+00 -2.495897672783493171e+00 1.057715069712319611e+01
-6.482860594262150222e+00 -1.051639227156834622e+01 3.074715495745826743e+01
-1.504336077856531340e+01 -1.841007557340902601e+00 4.580654122868446620e+01
1.955198431015162797e+01 3.096855805409626328e+01 3.140165945001270842e+01
1.240914070473576158e+00 2.310089235690732323e+00 -3.868430829253212799e+00
8.178761230033693153e-03 7.801812246669539874e+00 3.043996813839776650e+01
7.612025551268253309e+00 1.408327469165021206e+01 1.181090012482885854e+01
1.203705610443868324e+01 2.547109076438935205e+01 6.571253111910767331e+00
-2.026597369619922873e+01 -3.163795973712155529e+01 3.248692469503032498e+01
1.602551774997813538e+01 3.127720673747521118e+01 1.603689151037564287e+01
-8.225348809785279158e+00 -1.627240949964587813e+01 -3.344703465270096654e+00
1.862505895934216937e+01 1.778822476124858554e+01 4.232856982063272255e+01
1.051337052614542422e+01 2.003060598541879500e+01 1.245801345796400916e+01
1.390440241427034529e+01 1.521437159760635716e+01 3.285088757336931309e+01
-9.481418259036455964e-02 -1.405516449068131379e+01 3.507263735378571567e+01
1.296267262895635142e+01 1.975139238882377057e+01 2.400301881657641445e+01
-1.475530158848481266e+00 5.657391067927456163e+00 2.996255992571746418e+01
1.301998837785592400e+01 -2.276381952305605694e+00 4.434882270038951191e+01
1.231646810628565092e+01 -1.826637296145636746e+00 4.296214711259342778e+01
3.211437587273335836e+00 1.243692410763765821e+01 3.257208406397542433e+01
1.645673417804302829e+01 9.772500603338825087e+00 4.351280796126553696e+01
-1.771526701700471307e+01 -1.919817717390881029e+01 3.873888147410342242e+01
1.859609542733757337e+01 2.278448607529883674e+01 3.756577533131272872e+01
-3.328283629251771014e+00 -5.859025704420601777e+00 1.214022346210153458e+01
-3.853460633329948148e+00 7.755137778750894384e+00 3.445006172931384469e+01
3.558735389509797287e+00 1.079893644274490683e+01 3.088092268374558813e+01
6.223785772432473884e+00 -6.255051874124045064e+00 3.635272403931106311e+01
1.081220086062957186e+01 2.067280814782742837e+01 1.403827025077097090e+01
-7.019866639554270371e+00 -1.281275366841726360e+01 1.207225363755567571e+01
-3.570499617804970605e+00 4.693153986816533063e+00 3.172737170185488509e+01
-4.083987400566198467e+00 -7.625167684238396859e+00 2.642014033624765901e+01
1.823245527423780032e+01 3.082231700934545060e+01 2.622021175679810767e+01
1.297478325815494671e+01 -3.980225474090553384e+00 4.509167605570798543e+01
-8.253557422058628745e+00 -1.474034818321822371e+01 1.382998363953465315e+01
8.740461315524852282e+00 1.594100714675817976e+01 1.323307217866054941e+01
1.618575884062274284e+01 1.456170091820805368e+00 4.797189403160686538e+01
1.286989421685344803e+00 4.406310057300406591e+00 2.450687824734115594e+01
1.735604493354183830e+01 1.514161277204771494e+01 4.142728841426132647e+01
-6.645309492972283572e+00 -2.770957394825509290e+00 -8.366344124648197322e+00
1.177360925901603750e+01 2.225654600840989517e+01 1.265750711496352210e+01
-1.127032153783099844e+01 5.840319231895549912e-01 4.043605202851507840e+01
-4.008996953763221072e+00 -6.944151923331220999e+00 1.298781051035830281e+01
-1.645957154433851599e+00 -1.221005823926273415e+01 3.297752962931195952e+01
-7.418090135369046934e+00 -1.629760742842461951e+01 3.217429346405511925e+00
-2.037720283749383654e+01 -1.728700072294348189e+01 4.710665738990945073e+01
-7.293616179157258461e-01 -2.163243900386246921e+00 6.991475874227855769e+00
8.276281986402446833e+00 1.229643864499145423e+01 2.005214341216784035e+01
-5.826435601196012115e+00 1.285181173433527668e+00 3.208183938231444898e+01
5.611824536650882322e+00 4.149092247258515442e+00 1.673824091894333677e+00
7.724589862167102083e+00 -6.365791508728805503e+00 3.844241121433319819e+01
-2.169957102762195689e+01 -1.707504781936054172e+01 5.050596146220219396e+01
1.271567736554017003e+01 2.560945490445449479e+01 1.128382638359634171e+01
1.899779656344519552e+01 1.782435409278787830e+01 4.323240752581078539e+01
1.874588452054277354e+01 2.734498154218187693e+01 3.247385629985786437e+01
-2.203020635471790722e+00 8.702066567021880417e+00 3.330636259736341742e+01
-1.724261005484985887e+01 -1.888938119070310151e+01 3.755155620310149800e+01
-1.989525338734820892e+01 -6.782467071228829525e+00 5.275027479586341173e+01
4.733004424050757386e+00 9.262308025539253364e+00 7.555203213409601659e+00
7.783712499420071040e+00 -1.005385743532774612e+01 4.055511723628504939e+01
-4.729026278627789459e+00 -9.654621944924205224e+00 5.167825749135035451e+00
-3.773470575133128335e+00 -5.823751934755581949e+00 1.886019522382210667e+01
5.626327913964903615e+00 -1.215145666336310804e+01 3.902337461611901404e+01
8.310334323556027414e+00 1.803719867822670864e+01 1.438877943888021482e+00
2.623178815365186267e+00 8.226049696382089493e+00 2.862539917845559501e+01
-1.853255122217586859e+01 -1.090903762828192569e+01 4.726189252800784857e+01
1.537213652966467770e+01 2.864596221085066929e+01 1.912585679101939817e+01
-1.264177091296396682e+01 -2.178625786060352709e+01 1.913566162584681507e+01
1.632441839929068905e+01 1.769591715415452882e+01 3.655173312720331324e+01
7.488852038507328723e-01 1.382407010673160297e+00 1.489048230368194936e+01
-1.690663340906508338e+01 -2.016722353668405887e+01 3.559574736116972815e+01
-2.270475607042712785e+00 1.342246279160764288e+01 3.635733526967791818e+01
1.320712561198862467e+01 3.248051304689660412e+00 4.144183556037334171e+01
-8.171763784765790462e+00 -9.233659899301645879e+00 3.148750236381234657e+01
1.370086352356963033e+01 2.433090563957760111e+01 1.689486852178108478e+01
-1.902811951246795985e+01 -8.816208395549622878e+00 4.970915582141395106e+01
-1.296185972167261369e+01 8.277333266744310691e+00 4.711466275731871889e+01
-1.621880864409049394e+01 5.556187759183504937e+00 5.144917130979823128e+01
1.262471342924524897e+01 8.512106882478901682e+00 3.634589036510379856e+01
6.675502512048632653e+00 1.347641744930811747e+01 -3.611222819879936097e+00
-1.374044277827969474e+01 -7.294947405389219597e+00 3.963477671910820987e+01
-2.654091586655310309e+00 -4.890099887633965636e+00 1.440802534915825772e+00
-1.262198218111184111e+01 -2.194011906912812115e+00 4.104919412646292898e+01
2.833037959385701132e+00 1.283116413530242461e+01 3.292861085698923063e+01
1.249125048386692427e+01 -8.958109778158117820e+00 4.675524044779045596e+01
1.529853521359789248e+00 -7.033679120545649255e+00 3.119978280750644828e+01
1.498916234683826332e+01 1.696252389210652112e+01 3.379936768002935565e+01
1.328415993814259366e+01 2.422092625083482176e+01 1.725592764417340419e+01
7.154012458882959891e+00 1.009979537350053391e+01 2.105368963529998538e+01
1.659163498951296134e+01 2.428902107439422409e+01 3.013911923748118227e+01
2.196839576213523770e+00 4.090097770348737782e+00 -5.315118384976514676e+00
-7.164473760566299809e+00 -1.913528793057342803e+00 -6.170554178203519591e+00
8.265434607334295691e+00 -1.217878965668360891e+01 4.217661550695240891e+01
-1.704313525467157575e+01 1.943987041773890923e+00 5.131844900000280774e+01
-5.602301668679183777e+00 -1.320306593176998433e+01 -2.429298290853444175e+00
-4.239956626636431025e+00 -1.163775530495030708e+01 3.164986942631201572e+01
7.004585117783435066e-02 1.501167521985492748e+01 3.563267636202770916e+01
-7.298503965384039560e+00 -1.076517264378274774e+01 3.173937199503190243e+01
7.461812566801977020e+00 1.196698160303815506e+01 3.316615302673659471e+01
1.272152655532922871e+01 2.572370669860382719e+01 1.227636798148611064e+01
-1.528188122954531991e+00 1.314408467699213290e+01 3.567161972603557984e+01
3.654672940860367536e+00 6.385149925333169385e+00 2.417531933308305625e+01
6.613576810361880831e-01 -5.317211928448939418e+00 -6.567178092724736516e+00
1.145833153044608643e+01 2.013719790062855353e+01 1.270797710112438317e+01
1.725058385471485067e+01 -1.741701898252472347e-01 5.099567798329085377e+01
2.342631187099549539e+00 -1.266320342616723593e+01 3.604556777774004672e+01
-1.439993422611422069e+01 -1.710865670987958609e+00 4.461701499811450589e+01
1.310008469585824065e+00 3.590806634131699315e+00 5.743911000610856021e+00
-5.792820371380417832e+00 -1.320610881830807593e+01 1.392606841232032933e+00
-1.641224921013141369e+01 -2.500384865863081885e+01 2.829806601321633863e+01
1.043337414245121231e+01 2.239250633177336169e+01 2.561772948669428285e+00
1.177170275206839456e+01 2.144784351799665956e+01 1.579057875855493087e+01
2.015376160575641507e-01 1.702439917299278349e+00 8.155856715579048455e+00
-4.527973450644454445e+00 -1.297332416274465317e+01 3.281393423581938862e+01
-1.809746733691343579e+01 -1.486667926660043548e+01 4.324102583862677562e+01
2.044332868730593944e+01 1.376362934250961167e+01 4.972079961458055664e+01
4.915052538673798210e+00 9.318848727144208866e+00 -4.896852657158563105e+00
1.859104729193525429e+01 1.792844499657593360e+01 4.174079221759158287e+01
1.783650270227247958e+01 2.001113553376629284e+01 3.828420547216808245e+01
-1.593146306242401700e+01 -1.815610086032641846e+01 3.504704586544559675e+01
5.860726178915242279e+00 9.078865791584652456e+00 2.830488792801417119e+01
2.140057063662267467e+01 3.072681783443011128e+01 3.766846544197318281e+01
1.188340021509073097e+01 1.364356384880487383e+01 2.937003227310754383e+01
9.407080143263367944e+00 -1.042551442567309294e+01 4.290286727470962092e+01
-5.705969333298625656e+00 1.289732588746136166e+01 3.941327592294422288e+01
-5.954588955438662623e+00 5.713661816109546265e+00 2.081397556260768056e+00
-1.561056732567736560e+01 -6.948076940431453075e+00 4.368991176056189829e+01
1.911664398477690430e+00 1.120325325721661081e+01 3.194607803723955541e+01
4.563089852484839781e+00 7.597339588007688604e+00 3.431067763633432577e+00
6.733949305487476167e+00 -1.328863332588129609e+01 4.080367172015720456e+01
-1.088665857978043938e-01 -1.885494933704141562e+00 7.741346210484416623e+00
2.173620436915939180e+01 1.310862977077377955e+01 5.307995833941575370e+01
-1.169748721907838096e+01 2.338739765783374835e+00 4.220010301895322158e+01
-1.097029961070878024e+01 -3.834943390048977996e+00 3.684559268618623662e+01
-1.383923782475905861e+00 -2.257636343698728787e+00 1.314747071668689138e+01
1.914935732485780662e+01 2.406434655054189520e+00 5.340745359940255810e+01
-6.056543553454222462e+00 -9.689545374048515569e+00 2.937868032159057918e+01
7.986210123259273708e+00 1.010962418550009190e+01 5.312298985709139387e+00
4.428169374865477792e+00 -1.117064997850859775e+01 3.719172550225035678e+01
-1.305904837798041118e+00 -2.287572884686344121e+00 1.282569099424754100e+01
-2.108747084721478426e+00 -2.559215142305807156e+00 1.234435658138463898e+00
7.158248179340201744e+00 -1.972286238583230045e+00 1.655910823947966293e+00
1.483266084541393681e+01 2.446935136416879075e+01 2.385023353759875064e+01
5.073953367825306593e+00 2.982836934835366716e+00 -7.261235884994226453e+00
-8.376457658117956839e+00 3.241338902708815528e+00 3.746467366365601492e+01
-1.634198975512588703e+01 -2.612050373528497360e+01 2.688714028845095783e+01
-1.642677659343344843e+01 -1.055224040181754752e+00 4.881268791790994754e+01
-9.660803896756949172e+00 1.106900538960567815e+01 4.346218583613777042e+01
5.669123561755746721e+00 -6.911626135447930253e+00 -6.966531863524661361e+00
-6.217359441461876912e+00 -1.445448584862213437e+01 6.036404536204022619e+00
1.134505158387867141e+00 9.845705774662476983e+00 -9.959611328030941735e-01
1.134572170558480053e+01 1.323712133765551080e+01 2.843979275159905740e+01
1.817420674040697648e+01 1.118715462327247323e+01 4.628324826091037636e+01
-9.686703886605677383e+00 3.912458683279761207e+00 3.982205385625138661e+01
9.803808918022252072e+00 1.893625043261208774e+01 8.773391460088340921e+00
6.442661457862458363e+00 1.771490390334384379e+00 -4.287090793005869926e+00
1.330425658245682108e+01 2.293538308598161279e+01 1.726330029459500537e+01
-1.032773313644400304e+01 -1.797278259003101297e+01 1.385462093366828817e+01
-1.386849027018791780e+01 7.046498181083676648e+00 4.805730578489946936e+01
2.786578258919048423e+00 1.077648689576378871e+01 -5.468553616642726212e-01
6.857536721630173915e+00 8.744441269801928485e+00 2.760349341441092719e+01
4.056878760291823482e+00 -7.364066845827135666e+00 3.438045555889821259e+01
-6.362300866086259887e+00 -6.012690045298998420e+00 -5.283116062016198988e+00
-2.291378618270363265e-01 8.636519094255348250e+00 3.137787403543897469e+01
-1.226494903184836005e+01 -9.557050639975720685e+00 3.462948949809744192e+01
-4.232413961742581776e+00 -1.039392182223053673e+01 -3.752233377352963473e+00
1.780355125761714064e+01 2.197450982184713908e+01 3.640437715606073965e+01
-1.495270761306776919e+01 -3.304751574878064702e+00 4.461211594527487279e+01
-8.076403464748752370e+00 -1.504280436238703800e+01 -1.799002595358767831e+00
3.402890292595126986e+00 7.363016139792555315e+00 2.674486799695709038e+01
2.534634490509788396e-01 -6.495853390103492941e+00 2.941911053583325852e+01
9.898819921993863957e+00 1.867227073291773465e+01 1.247606737178888636e+01
8.501848651696379378e+00 1.428137563544881772e+01 5.568289243326549176e+00
-3.637308821246215018e+00 -1.287714613712189937e+01 3.282057151318510790e+01
5.123151447976639794e+00 9.322557079987873863e+00 2.881463360446852207e+01
2.737525796367675568e+00 1.452298004636078765e+01 3.420300679072579442e+01
2.090651504401535021e+01 1.400591157865955871e+01 5.049771475968582024e+01
-7.801258748106107532e+00 -5.456615283499679947e+00 -2.594049588610747747e+00
3.323037810179679141e+00 1.280258358525733442e+01 3.276642108236472950e+01
-1.571046832345860800e+01 -2.676286801194408937e+01 2.309354670076488247e+01
-7.800813910567987897e+00 -9.936567548615052203e+00 -1.294761331614838307e+00
1.852984868603186186e+01 3.316142367665364077e+00 5.173033404692196768e+01
5.532629877918713746e+00 1.245851548735220327e+01 -2.093607172305575137e+00
7.129279376493735221e+00 1.296659707217941992e+01 -9.803730738101665843e-01
-5.135838134285148016e+00 -9.228597056613384808e+00 1.182861261459901492e+01
-1.944281615086096693e+01 -1.805505360841428342e+01 4.415162676100393213e+01
-2.159661345308793390e+00 -6.640792720992982012e+00 -5.315945305202121496e+00
-1.567569453915875100e+00 -9.757687398080323149e+00 3.960579449172267008e+00
1.527173990504731727e+01 1.515620018940040303e+01 3.636051723028031546e+01
-8.583096343973659614e+00 3.562510944176388250e+00 -6.284405671869938814e+00
1.282953522820349690e+01 2.303224163253944923e+01 1.836293535791934062e+01
-6.645502427471017270e+00 -6.436029421417868157e+00 -5.290970954690502381e+00
2.002510888998770611e+01 1.675993627999887892e+01 4.634024736132239042e+01
-7.765371785191215181e+00 -1.059161226643837139e+01 3.215642946838823235e+01
1.832778880791558151e+01 1.079798802484108577e+01 4.667425779551879117e+01
-1.467378011807226379e+01 -2.929339924324226629e+01 1.396829521161369847e+01
1.665003504887245001e+01 -2.910301815571026296e+00 5.113872594795419957e+01
-2.194557974712969184e+01 -2.682241619170170210e+01 4.301728339511191024e+01
-1.877117417557501966e+01 -3.392746365838267764e+01 2.359510646500361020e+01
-1.531056689160963824e+00 -1.341576646443381549e+01 3.390747663531352885e+01
-1.807611708173833165e+01 -1.341521986708985992e+01 4.447093948451628620e+01
-2.029969977738489106e+01 -7.319997640108729442e+00 5.313862558623314669e+01
-6.540708809163360726e+00 -7.590198062020432346e+00 7.561335840617072535e+00
6.240669637282274529e+00 9.232611969816700181e+00 -2.553592111916929586e+00
-5.796623769740032017e+00 -8.520577275202491307e+00 1.956814766467512356e+01
1.334905690862829886e+01 1.238234499950651113e+01 3.440295701027210384e+01
2.012571295466544541e+01 1.323015730366635090e+01 4.943342241889256883e+01
1.106618864803230551e+01 -1.075307281857915687e+00 4.039629153269855522e+01
2.661971018590718607e+00 5.180761709757378597e+00 7.225212758675788827e+00
1.091041789714836874e+01 7.427380030622905416e+00 3.369684677758824165e+01
