-1.195945867527832718e+01
4.113464450751195045e+01
4.953681819747135506e-01
3.099112145477889158e-01
-2.190826186293351796e+01
-6.209266254907695526e+01
-5.386171975972953163e+00
-8.242497677468740847e-01
-7.678412340765767397e+00
3.969168198953582305e+01
3.939150841561626493e+01
1.132863251470084265e+00
-3.297045634950706727e+01
-5.270459299942415754e+01
-4.227104987360831956e+01
4.507071140408220344e+01
7.762589079514242485e+01
2.252281949640257963e+01
-4.094944294963597997e+01
-4.273568611805251294e+01
-6.235224839808740427e+01
3.622586947588911244e+01
4.792368555409792918e+01
-1.726234997609132904e+00
-7.093578361664312126e+01
2.673946471025878679e+01
-4.057257970889818210e+01
6.998436755428123490e+01
6.483869238585111816e+01
-7.832143569841848318e+01
5.839409955428442345e+01
1.187858991639804884e+02
-4.888012559349931507e+01
-8.503753755790461355e+01
-3.346866930740791446e+01
-8.877738032581768834e+01
-6.480284932132536824e+01
4.310085107435742913e+01
-4.725823442890462189e+01
-7.231100878281453959e+01
9.567441412978574533e+01
-1.710724718366026025e+02
-1.047353708541726292e+02
-7.928435940953967531e+01
1.129650931313664586e+02
-8.092013354310216755e+01
-1.003900075107801513e+02
7.650735584015635027e+01
-1.115002718906084311e+02
1.412915005390181307e+02
1.213479504405942322e+02
5.418465667568376887e+01
2.085273589988823062e+00
-9.487492123822036660e+01
-3.467449044812969561e+01
-3.607811548909756283e+01
9.398085807238631162e+01
1.642824116926458089e+02
-1.172263289477992316e+02
1.168835065165911402e+02
-1.548015728192239919e+02
-8.277334476424059062e+01
-1.111160121636791871e+02
-1.418339230003472267e+02
1.109632620308538264e+01
-1.255033217983215224e+02
-4.605905788984891558e+01
8.707452945392093469e+00
-1.269126301731327828e+02
-8.687097318915601818e+01
1.787777749026025447e+02
-1.975967683016642695e+02
1.372121903588952989e+02
5.898535684508401289e+01
-1.928267179027916995e+02
8.109495341123323442e+01
-1.127965882408253293e+02
4.184120115784951111e+01
4.130760340173655720e+01
4.139272187174558582e+01
1.111358670762963357e+02
-2.181467597019143057e+02
-1.404484780255762928e+02
1.271209379156860280e+02
-6.515921260052510888e+01
-1.210167628946904159e+02
-1.078445344636708398e+02
1.057518505165392924e+02
-9.089674725789267384e+00
1.402960987489398974e+02
-6.576123215469966965e+01
-7.956586926325607578e+01
1.487552142458022502e+02
1.343403465995066881e+02
1.525168898749707580e+02
-8.047060689860599325e+01
3.874352098146773926e+01
2.123919298841692580e+02
2.177499640327399959e+02
6.800914937259484816e+01
-2.144936026202504138e+02
-1.742475404454009720e+02
1.195913218932214903e+02
9.326247197807435896e+01
-8.627574598385612603e+01
-1.674292266980361887e+02
-2.091116432989939966e+01
2.072980928636262661e+02
-1.258074969720367733e+02
1.214560728815004751e+02
-1.461961912517000144e+02
-1.956033686444347950e+02
-4.876836444572010265e+01
-1.515628948280765940e+02
