-8.062594736439923082e+00 -9.258540603967755800e+00 2.476644494961792731e+01
-6.358128842933673752e+00 -2.244664392182478263e+00 2.964650791489579262e+01
-5.065717092198105398e+00 -5.016180274000634043e+00 2.306653983806613795e+01
8.093531705531869846e+00 8.124522826986648738e+00 2.648088676330285551e+01
-4.560168658949612208e+00 -6.750994845242964004e+00 1.723244550244564621e+01
1.047246650358614950e+01 4.263200248678454152e+00 3.556749846444327545e+01
-1.495212993152175684e+01 -1.549074712911905216e+01 3.523474132110049339e+01
-1.035207785432834626e+01 -1.043450283110303367e+01 2.925408809246114217e+01
-9.717379612856087423e-01 -1.739579195362185526e+00 1.167147279318824005e+01
-7.769831641075326090e+00 -3.800663442121743785e+00 3.078167835762816296e+01
7.596716701033533248e+00 6.676025655294000494e+00 2.715812623036483231e+01
7.274522134294878484e+00 2.893201825586844134e+00 3.072810450744382038e+01
-7.522029497899682227e+00 -5.949625223900951276e+00 2.789071046801709741e+01
4.316096835369937601e+00 8.255247676931563916e+00 8.592441171909371178e+00
-1.929378014640351413e+00 -2.918553444458090507e+00 1.498718634375229719e+01
1.103537935012743354e+01 1.114866567527444197e+01 3.011699844278626514e+01
-9.522814936293917398e+00 -8.512801251141169701e+00 2.949695530298833646e+01
-6.867554303177658248e+00 -3.741163933672825515e+00 2.904315800636315714e+01
-2.770246130022103959e+00 -6.067291764972810419e+00 2.513285249664686205e+01
6.692269519300805491e+00 1.421810219358389915e+00 3.108254659149876176e+01
-3.579229893083152980e+00 -7.806334880443984936e+00 2.725584799173508443e+01
5.651068720601363893e+00 1.015813986100958388e+01 1.204123678000925679e+01
-1.599528339078096195e+01 -8.232694311266719467e+00 4.361202217231448941e+01
-1.302922319872171109e+01 -1.077694124908145312e+01 3.520118413063399032e+01
-2.894789790753165004e+00 -4.382282596789027096e+00 1.565849742139361922e+01
1.015316615341917839e+01 8.624022482015824664e+00 3.083232663692607289e+01
-3.239483336748590681e+00 -1.770826212735106431e+00 2.368984622001704210e+01
-6.032262442211310471e+00 -1.012720673717490882e+01 1.478945930395038388e+01
-1.158417601724289980e+01 -1.585774462904815074e+01 2.542236802846008459e+01
-1.005282621565261891e+01 -1.077139059825903544e+01 2.807623639024600593e+01
-5.388771455713868619e+00 -8.638073537628637055e+00 1.583872497356874298e+01
-6.569154731055450114e+00 -7.141287019713297823e+00 2.381658803965544990e+01
-1.290110094707804400e+01 -6.224883780646768727e+00 3.875246261028238592e+01
-2.558624772418832904e+00 -1.161923306261197997e+00 2.300322893989292083e+01
-1.231121168649914921e+01 -1.854643652630788964e+01 2.363136731558375558e+01
6.111746920936055538e+00 9.734333868524966960e+00 3.024966168225558416e+00
-8.056690142994020754e-01 -1.135740632412712170e+00 1.459612432392066239e+01
7.677724677999657743e+00 1.247009323340945031e+01 1.698764174080596234e+01
-1.241062948106626962e+01 -1.608749049928794506e+01 2.767217401117421716e+01
7.044305905242186583e+00 4.518642524064957477e+00 2.853116047550145495e+01
-9.273012421319938525e+00 -1.060307141430582156e+01 2.620684713447275627e+01
2.722706578085852147e+00 4.690950333960487661e+00 1.234324429915989008e+01
1.174211038427342579e+01 1.156948688451251250e+01 3.138443235098713302e+01
8.603383573978772958e+00 1.342194333739483092e+01 1.909244706910426359e+01
7.472112735382558490e+00 3.785343737182467194e-01 3.336322266106148504e+01
1.924566138504041390e+01 2.191960785606629258e+01 4.011185686285462992e+01
-1.272561480590659677e+01 -1.426960455873812705e+01 3.082461841371816647e+01
6.781851093553591170e+00 6.810319659858775410e+00 2.491933270847123083e+01
-1.287614442865890219e+01 -1.545355180113523019e+01 2.981096282457042790e+01
8.251710096192681476e+00 1.070540000247811641e+01 2.299471364843545729e+01
-7.421545349798933655e-01 3.174660615342736580e+00 2.609264642209561913e+01
6.626531367923625737e+00 8.058983677851520255e+00 2.241839870789263500e+01
-3.289113024892985848e+00 -2.392823134763818249e+00 2.272503932722331044e+01
2.711605480673524138e+00 -2.928785860304918276e-01 2.567356050353436459e+01
4.758554111634310857e+00 3.204512640866007622e+00 2.514342349073538330e+01
-1.468550663571837944e+01 -1.874276460660819765e+01 3.092223687362340456e+01
-3.991122309362510112e+00 -6.539653500975758149e+00 1.442451511762811123e+01
4.459319480993972462e+00 5.811840184502401030e+00 1.936640480115624641e+01
-1.016047142653014390e+01 -8.204158733658147185e+00 3.129563226662184761e+01
-8.947511519974465699e+00 -8.713398505396048321e+00 2.786723980969740566e+01
8.237437552157324205e+00 8.182093935322193090e+00 3.075348732914438443e+01
8.751833167974956140e+00 1.128485586011028019e+01 2.362311075231337654e+01
4.152610201871610229e+00 6.265810167910773387e+00 2.072224551053912833e+01
-1.274070034173696353e+00 -2.235618129370243956e+00 1.576296422169134459e+01
2.027462959232192663e+00 6.679267796722082373e+00 2.713642627609686286e+01
-1.033440836529402596e+01 -1.506073403883715756e+01 2.256693472860474614e+01
1.356217897488012269e+01 2.056061573030824619e+01 2.485704534741301330e+01
-4.008212669923783444e+00 -4.960520367633226790e+00 1.964623223449444822e+01
8.954708779964834164e+00 1.239327219260575852e+01 2.238442873173505987e+01
6.408984929757746585e+00 4.276677314542492780e+00 2.744818873153019823e+01
7.151961421777658146e+00 1.363583066036276925e+01 1.006506587079125481e+01
6.581084302881364811e-01 1.212639212687946833e+00 1.005398255025854581e+01
2.706030686135329599e+00 4.529465982944557156e-01 2.455914584840346393e+01
-8.445248447377309731e+00 -1.749270147571445166e+00 3.390662870296979747e+01
5.646703759569505543e+00 7.366680145485940301e+00 2.040863249215514230e+01
-3.489809841661976608e-01 -3.736440725816209119e-01 1.482134059947669336e+01
7.348171038192741200e+00 -4.839725316491072515e-01 3.386194370680282617e+01
-1.139159007955702130e+01 -1.501497368627505935e+01 2.607209517643431695e+01
5.896125410958516611e+00 1.173553536638695860e+01 7.119064874227103878e+00
1.173866044132527087e+01 7.986750042578782960e+00 3.492655715672889727e+01
-7.161595886519183551e+00 4.716994029878865291e+00 3.664128534997777109e+01
-1.116137794416003004e+01 -8.740349772357539848e+00 3.297433376216783074e+01
-8.849685405504914115e+00 -1.060095611174356556e+01 2.500444855565280022e+01
1.621140694412265715e+00 2.786446189717107558e+00 1.649777798718121602e+01
1.061750348359807194e+00 -5.866260591931415913e-01 2.237144183950455556e+01
1.549292942610138368e+01 1.060491686675145218e+01 4.080422160119032782e+01
-8.756408035159042313e+00 -6.915722454283003806e+00 2.954989334303231274e+01
7.821509623149725421e+00 -6.822441326407349127e-01 3.478813798413216318e+01
-1.568170953980359172e+01 -1.902857647054438317e+01 3.342324594977394980e+01
-9.275299509627968675e+00 -1.103204604039205172e+01 2.559716246523684902e+01
-7.977628303071409022e+00 -1.025331116478225013e+01 2.288745905285055926e+01
8.171116528599748463e+00 1.369372509575064001e+01 1.627911800548491783e+01
-1.214653163256619806e+01 -1.402023202337107577e+01 2.957578939642332116e+01
-1.294157984998985889e+01 -2.181931788257162808e+01 2.035176116616151987e+01
-4.395444252291273557e+00 -1.778806157324970827e-01 2.825318929865828466e+01
-7.258245770409081921e+00 -1.373853070254161857e+01 1.048980724048020541e+01
8.637048343050052424e+00 8.792254318577493066e+00 2.706051559393584682e+01
3.940014867617529948e+00 8.250099975053272416e+00 3.350333066842881902e+00
-3.773648533112030190e+00 -3.440722148640689149e+00 2.215120914501633109e+01
-6.123613128643598635e+00 -3.478921735150086736e+00 2.780225136274816933e+01
2.594253641089637075e+00 1.605164188440445283e+00 2.225542725246441478e+01
-8.401966420424678006e+00 -5.301852092308630304e+00 3.052719310599401581e+01
-1.107570245548237153e+01 -1.302177760497094638e+01 2.791443298549833685e+01
-5.816382949537297620e+00 -6.105434597278613928e+00 2.336441645575024140e+01
1.804091189900362124e+01 1.331508845611315905e+01 4.446422375447914277e+01
-1.524775268309082854e+01 -2.247885356137228285e+01 2.782125331206870555e+01
-7.241529220246262888e+00 -1.029242237475659216e+01 2.020736095664475940e+01
-5.373686136041234462e+00 -1.295456529561938908e+00 2.880997362639250881e+01
-5.372027183417392493e+00 -6.011189426645980660e+00 2.219581473646335823e+01
-3.548185587334332869e+00 -5.216596771931421017e+00 1.666097725344436498e+01
-4.825723635395970490e+00 5.828704599816215470e+00 3.423940400018099695e+01
-1.078572250213252914e+01 -1.387389562012171851e+01 2.589234720848307703e+01
-1.146188402434377629e+01 -9.719479955045484232e+00 3.269071938309734549e+01
-1.093012779958471015e+01 -1.699400855380307007e+01 2.120486647146707782e+01
1.559362879808528568e+01 1.892993191138885578e+01 3.328813047217899168e+01
-3.163736502318503341e+00 4.198774221663774675e+00 3.075167561182471587e+01
1.325618513294182321e+01 2.282362654592039775e+01 1.982603878182594315e+01
-9.024702196104756879e+00 -1.498439392688501570e+01 1.730493316342119314e+01
3.011102210385717459e+00 -1.409614497327454252e+01 3.739792417328095553e+01
-2.261843979594585274e+00 -3.897221859579742542e+00 1.311911858032539691e+01
2.094492025849651995e+00 3.616130458201082476e+00 1.306888713655856016e+01
-7.282109770505205137e-01 -3.031531074301453188e+00 2.289010768571938215e+01
-9.738554355502763826e+00 -1.299435338742795309e+01 2.415473285263739456e+01
1.007256654511520999e+01 9.921049216342449739e+00 2.917275492568720807e+01
6.066154771241487609e+00 1.047538865680885678e+01 1.391008499428715872e+01
-4.718846836654008392e+00 -4.242944532326977658e+00 2.341753952779335535e+01
-4.279317912643583188e-01 -1.128504181059414524e+00 1.745603812720499448e+01
1.288299695144872992e+01 7.980239631553413204e+00 3.733104798775557498e+01
9.030369526941042224e+00 2.310846027265780478e+00 3.448948285775417588e+01
1.831239413569854202e+00 3.531192608248827192e+00 7.537581516895000888e+00
1.199200961064548565e+01 1.596227459664828174e+01 2.655165831443602187e+01
-5.549434490812130250e+00 -9.543843208965853364e+00 1.367085615672976928e+01
3.241618314387503919e+00 5.369315720839901829e+00 1.374909968385030190e+01
1.024484921498056700e+00 1.284977088043889992e+00 1.604356276452798369e+01
-5.628887289518671011e+00 -7.817081643338370078e+00 1.931187631379150815e+01
-7.400001599257057805e+00 -6.486316251411317069e-02 3.350171759573270691e+01
1.204683472665055888e+01 1.573297641233295074e+00 4.041387549669212831e+01
-5.903735159892244511e+00 -7.704229723598967183e+00 2.063726347614553092e+01
-7.454274376061917451e+00 -1.538271031701588498e+01 5.432926123535053442e+00
1.362342799207299748e+01 6.272530251588445793e+00 4.015564894993414669e+01
-4.911294931149115861e+00 7.170342675766365748e-01 3.008132454412143986e+01
9.360198055312331178e+00 7.413679536527708613e+00 3.034990554911256311e+01
-4.608421717912850823e+00 -6.787990968322112906e+00 2.177804307964652608e+01
9.417092054588470873e+00 1.211334375694956123e+01 2.437390160323144173e+01
-9.934716507481452297e+00 -1.227005849785436276e+01 2.570251335331088782e+01
-9.836159104382041107e+00 -6.129187643245301409e+00 3.266956009093279789e+01
2.658256932363697173e-02 5.018036266839943915e-02 7.291769051764852350e+00
1.671610960589816841e+01 2.801261891903481427e+01 2.405390716228120240e+01
-2.238159829058323336e+00 6.716699562185119987e-01 2.526544665471663720e+01
-1.562368025859554699e+01 -2.371569361290576339e+01 2.737180001694473575e+01
-6.286224796029622475e+00 -1.182774853184857555e+01 1.025244806124581842e+01
8.421680643470704553e+00 1.113056067398750848e+01 2.328987170167853549e+01
5.692102339823042811e+00 -4.346898411254972672e+00 -5.774565753031563275e+00
9.864278092878009829e+00 5.906174170496801601e+00 3.293747536505430418e+01
-4.380613183644353370e+00 -7.852891778684692348e+00 1.164222531916276537e+01
-6.105034866305789620e+00 -9.245597109811740211e+00 1.782299313878935010e+01
-3.513630618682637152e+00 -5.660222407371922060e+00 2.177856408740506566e+01
-3.658702203262408137e+00 -5.659485900378620649e+00 1.949563100250474434e+01
4.789631291159683002e+00 7.679640894151058106e+00 1.547042427063074754e+01
-9.257571463690625890e+00 -1.415986957345790032e+01 2.012542176968282348e+01
3.585498580060435536e+00 -1.815348055477830735e+00 2.904384353618255687e+01
-2.305904820117038234e+00 -3.045736766367341808e+00 1.723382362011543023e+01
-1.493475818704987290e+01 -8.980803240360010875e+00 4.084560001786242367e+01
-4.948207044005656030e+00 1.658277731659773657e+00 3.103386258209573967e+01
1.532266749382043969e+01 1.453648852261745361e+01 3.707036944344404361e+01
-6.460854807317098825e+00 -1.082835420240086499e+01 1.526354547423247965e+01
4.193338146420912516e+00 6.649972000782422121e+00 1.670894976554528455e+01
4.291245684325312171e-01 -2.979249097766757171e+00 2.525886808140915463e+01
-8.361019035679989386e+00 -1.270093800735404699e+01 1.972294116526462915e+01
4.425760685746514156e+00 2.175575319017503784e+00 2.583892624469627464e+01
-5.280007467511344643e+00 -7.061211606174120803e+00 1.968091444898707465e+01
1.794280653710670492e+01 1.519683905802743951e+01 4.278464601610145479e+01
6.441317861856784788e+00 7.184368409052954707e-02 3.189240022540151998e+01
1.165730679934538117e+01 1.650538146208592138e+01 2.468946310758918372e+01
1.877253843506843656e-01 2.855304000904386741e-01 1.184981572456169907e+01
-7.810129042445824510e+00 -1.287831369822330885e+01 1.658214374455300799e+01
1.766288202389964201e+00 2.437710322161009469e+00 1.615367324645163549e+01
1.209581886947309393e+01 2.059872093240963764e+01 1.907348390984735431e+01
-8.799229245693220847e+00 -1.514140951228233511e+01 1.575240959238720073e+01
-1.483353932577273770e-01 -8.353536932449459940e+00 3.076327594655807474e+01
-1.644602263774837070e+01 -8.795287053732735671e+00 4.417342414053998567e+01
5.590742233355300073e+00 4.740950513367611308e+00 2.491313652313307969e+01
6.034587449905978396e+00 5.710948565412924616e+00 2.459654657287223500e+01
-5.144052757697740397e+00 -1.427718671115544291e+00 2.822973294898218199e+01
1.173762802533116911e+01 6.491675091284667687e+00 3.621309852338255553e+01
-2.656171204855829693e+00 -4.423690622442054021e+00 1.332597284139013816e+01
2.450455643031496322e+00 3.831112743026086953e+00 1.472821997133763894e+01
-1.137158852280014898e+00 -5.887295686196564182e-02 2.112222673308808751e+01
8.119388912234640543e+00 1.089554437894953764e+01 2.221588656370461834e+01
-1.032144817337492526e+01 -2.618510174681750069e+00 3.657721508920939613e+01
-2.615882149393183198e+00 -4.564051955100962843e+00 2.105397074438229765e+01
6.635143563943456613e+00 1.072807555798676127e+01 1.639139647206243922e+01
1.545595432964721816e+01 2.312755875548690199e+01 2.762155755105267829e+01
1.406083757398885581e+01 7.286350321563675791e+00 4.029431296573973498e+01
-2.091314242396583367e+00 -3.959949184194824223e+00 8.464242089160443072e+00
1.211777257561468035e+00 2.283096087892742432e+00 8.696929141576553945e+00
2.302088920916273374e+00 3.806494678825692368e+00 1.608327649786243541e+01
9.140052937529775434e+00 5.920138944850942941e+00 3.143214707751220516e+01
1.372132756338594817e+01 1.895252404057248796e+01 2.774328392182720648e+01
1.398124341941797688e+01 1.710841343771440393e+01 3.088429395628789109e+01
6.917471060280099948e+00 9.749716796348037562e+00 2.010641971991015708e+01
-8.615900240854770686e+00 -1.163068589547368248e+01 2.258402829837185166e+01
3.552134511299229747e+00 3.114519538703238943e+00 2.211777632446477782e+01
-2.860259235829947233e+00 -4.999622511889928234e+00 1.191185335991831273e+01
8.017317514323845984e+00 1.238418801786174761e+01 1.897517921781941652e+01
-2.429769812122119621e+00 -4.518985209899461175e+00 9.458497401885244571e+00
1.100111092079147745e+01 1.182922013184943921e+01 2.928404850499869383e+01
-2.460236155230189348e-01 9.059959021867878270e-01 2.047259858113078224e+01
-1.121602434103373902e+01 -1.760007259519267109e+01 2.119084371635257824e+01
1.242949342430941861e+01 4.919482783215356037e+00 3.880354799088943452e+01
4.615260452141531466e+00 6.980497639720909753e+00 2.362776979949802580e+01
-7.379997788935817482e+00 -1.103262787720684734e+01 1.913591212981982892e+01
-1.012732714967513736e+01 -1.809043420233886579e+01 1.524326569869300307e+01
-7.341445792724584862e+00 2.580385704187142970e+00 3.544014918217522592e+01
1.396801999133143291e+01 6.967983140204887960e+00 4.034032402459637012e+01
3.283449784024346840e+00 4.518519870048205433e+00 1.756600194601232445e+01
7.487060407554445574e-01 4.305070631488773225e-01 1.822360332445859754e+01
1.569405855327415722e+00 -2.944242311192323047e+00 2.713319332644384474e+01
1.016966791218216493e+01 1.122392146110394151e+01 2.780234907300757285e+01
-6.208563277322374674e+00 3.500803280137890994e+00 3.442981966984405773e+01
1.855043887287080473e+00 4.447623180423342149e+00 2.337035563024359774e+01
-9.018488519680783355e+00 -1.314271736530139068e+00 3.526283958672205898e+01
-6.417086091882906906e+00 -9.118803389891098732e+00 1.951036455481327536e+01
-3.669142021337209680e+00 -6.346463747818924972e+00 1.258303301971696087e+01
3.784851546011918977e+00 6.175682506754043288e+00 1.443555444219650497e+01
-2.835546082879553342e+00 -5.523519740609099671e+00 7.227363984221326199e+00
-7.114164725106041587e+00 -9.349219143763535911e+00 2.164301949941255643e+01
1.500812980299348887e+01 3.858102613932644864e+00 4.447893153557753720e+01
9.795170898391724279e+00 1.461897800503920486e+01 2.132069680715661519e+01
1.185740212156576234e+01 2.069957751650875366e+01 1.780362819095424953e+01
-1.180379330266445770e+01 -1.112410870088013404e+01 3.201459384446779666e+01
-7.927456653533666575e+00 -7.921410841751098886e+00 2.751141915655244574e+01
9.027440590254666164e-01 1.818896833028175175e+00 5.089905383466859057e+00
-8.849106463927153499e+00 -2.988668145114965036e+00 3.358753100014693160e+01
1.410208125328789741e+01 2.823123130718970941e+01 1.299679435996560883e+01
-7.725808540196984708e+00 2.904938236754265546e+00 3.625163435598821593e+01
1.931111347978320403e+00 3.030292505320808072e+00 1.431838325440463500e+01
-1.347938536958858080e+01 -1.176351322395956167e+01 3.531151864383325290e+01
-1.361580025985471032e+01 -1.466916565727220778e+01 3.269207419951816718e+01
-1.135703483577920281e+01 -1.235903467565195157e+01 2.950455725505640103e+01
8.379283399485490946e+00 6.543305878335696768e+00 2.912728333159351735e+01
-7.708489769321166030e+00 -1.446788933075724515e+01 1.117975414199996465e+01
1.167690658577202889e+00 1.330248570263662522e+01 3.394612760449410160e+01
1.540434387471082900e+01 1.732728122858460651e+01 3.451358342043369021e+01
-1.325391054829015580e+01 -1.777954035789590748e+01 2.789385872282233336e+01
-1.284391645837816398e+01 -1.987158506839558569e+01 2.337515402920490359e+01
1.159456913274597945e+01 1.830232390294246514e+01 2.137575090440510905e+01
8.211805532802120666e+00 5.167056905967301716e+00 3.027263807157079611e+01
8.900552801297056504e+00 4.375789979315547917e+00 3.244175168188501601e+01
-1.954139540705272182e+00 -4.116506750786175672e+00 2.216657479572134193e+01
-1.677453218036174309e+00 2.177104118842446923e+00 2.632340329491517039e+01
-1.658437948354786329e+01 -1.116591381597948640e+01 4.277651201614055054e+01
-1.720544600915288713e+00 4.618835033907582321e+00 2.923645386698127169e+01
1.654153305628636872e+01 2.229829329938872107e+01 3.215824366460711303e+01
-9.413642796709972060e+00 -4.898183951384005752e+00 3.296723585217298336e+01
5.220559040296601339e+00 6.604504462083392369e+00 2.048565869563368480e+01
8.458531331478916115e+00 1.432643963843686130e+01 1.613514630962962926e+01
8.712089086129722659e+00 1.515560307524720329e+01 1.526405814703451647e+01
-1.632772396674666382e+01 -1.611919660774778151e+01 3.806873249210255494e+01
1.660017650088790475e+01 7.112684377065867203e+00 4.561320185220002088e+01
-7.142559663804250114e+00 -8.487506753092915801e+00 2.328482012282742986e+01
8.512216556642165699e+00 1.641407819023937265e+01 1.032799831536677537e+01
-4.880830917848778761e+00 -9.008709029185215655e+00 1.049043443718692004e+01
5.510658190240070198e+00 5.014842123508866045e+00 2.429040603145368138e+01
1.390674773202037251e+01 1.560936784155997437e+01 3.241474026449363777e+01
1.285047002676849637e+01 1.459726932864936622e+01 3.077221720282298634e+01
2.985044281516440634e+00 -3.602407707718318530e+00 2.994529507719354555e+01
-3.756918026255631204e-01 -6.110949072040176233e+00 2.827264961469904136e+01
8.898000171115404200e+00 -1.963732258140595821e+00 3.742955049046344129e+01
1.013274568337668313e+01 1.622707142602141062e+01 1.948085479143587762e+01
6.107567372416355056e+00 9.558227616039115304e+00 1.697541289608796689e+01
7.149636685783102408e+00 1.270554494236372278e+01 1.330917380578593523e+01
5.041885344163321570e+00 7.423094412990248969e+00 1.981852652406488957e+01
1.006495252427757237e+01 -1.245105000852730903e+00 3.884080520240249257e+01
-2.319845815805278377e+00 -3.865088108857102078e+00 1.517900192607583065e+01
3.323569059052855934e+00 5.258054542756481098e+00 1.764747206983483352e+01
1.212911646968698953e+01 1.852031723681150055e+01 2.302243551111639519e+01
-6.849001450662661750e-01 -1.369485722560021879e+00 1.625639100494696265e+01
1.342278159727475639e+01 1.334315635637461028e+01 3.361206159464718013e+01
-1.227717141797631406e+01 -5.081589767202455477e+00 3.838963340545949166e+01
5.025834603875176221e+00 -1.260235148667040672e+00 3.078827107606308289e+01
-6.154231741121266586e-01 -1.150334785164193185e+00 9.209464791853910981e+00
7.158215326481185414e+00 1.433516509411783524e+01 7.414801148027835076e+00
1.476835764958956432e+01 8.394551120049918325e+00 4.093406311668309172e+01
1.257440044594514283e+01 1.129207454162233049e+01 3.366009931185708126e+01
-3.012892221359587008e+00 -2.903392314906953153e+00 2.081953569059785991e+01
2.667165424926202899e+00 4.904686860013974581e+00 9.902726918356812291e+00
5.579201351153389998e-01 2.108041455690877974e+00 2.097807353484357407e+01
6.427550544818146916e-01 4.675181246378685707e+00 2.604570110672235117e+01
1.395983136406189873e+00 1.367137279769927272e+00 1.829651053693570262e+01
-1.609188246039049375e+01 -1.955933150520346331e+01 3.398199541040757055e+01
-1.494397743939529954e+00 -2.749474046224348545e+00 1.835773390748320466e+01
-2.224519646860015687e+00 2.407525317363929052e+00 2.752842040550033431e+01
4.438504757950164858e+00 8.306932090404086644e-01 -7.220506999579987983e+00
1.692308468082517114e+00 1.984002494589783838e+00 1.764962446537070662e+01
-1.120945345993911246e+01 -5.904997512588594510e+00 3.564407094209503413e+01
-2.188705852609574620e+00 -3.634130921831950634e+00 1.318869324345697436e+01
3.478072339786786316e+00 5.938820054538938464e+00 1.349017465094201462e+01
-1.085752792460414540e+01 -1.721295875985030221e+01 2.051466746917282435e+01
1.454413695096672399e+01 1.328746900060702529e+01 3.637126998882425966e+01
2.675852297225164378e+00 5.189535949106433677e+00 2.320382656665136878e+01
8.706838185930427798e-01 1.647303585776388912e+00 1.622333973658340867e+01
1.459472854164063449e+01 1.801660403023652890e+01 3.153207917319087983e+01
-1.434875347842805482e+01 -1.670693955300763633e+01 3.236913053719509037e+01
5.376018018844707314e+00 1.011473565857338386e+01 9.822148309680247991e+00
-5.230305121397751833e+00 -1.005743720880165526e+01 8.669801750469980917e+00
-4.796109630146554892e+00 -5.199235310622511541e+00 2.191863793819235084e+01
-5.990083166987263397e+00 -1.278059520784483594e+00 2.996060757324202228e+01
1.031089738586908844e+01 1.260621104624110878e+01 2.631655234078214889e+01
8.295310957765691384e+00 1.769339676500432290e+01 -1.155139786338009067e+00
1.260512628535630242e+01 1.703104052410247604e+01 2.692855006511449290e+01
-2.011090830280804198e+01 -3.682667133543459315e+00 5.467775855273019658e+01
-1.236819040520427393e+01 -3.601250581996950917e+00 3.963257193509507204e+01
2.601469694049590942e+00 4.772105011637692407e+00 2.205391339475183443e+01
1.596056880569677894e+01 7.978323194908948146e+00 4.371415045079836403e+01
5.384935597819138664e+00 9.139657900564658988e+00 1.404840446779193996e+01
1.730757965839762491e+00 3.191650416943979440e+00 9.787436406636929931e+00
1.435593386109790792e+01 2.633300966317984937e+00 4.398457976600548847e+01
-1.016837906742391517e+01 -1.615577024053080635e+01 1.977672698262382056e+01
-7.188586476610687725e+00 -2.531165823780965329e+00 3.092208603032517900e+01
4.658568997585756044e+00 8.383096134919302500e+00 1.157587997798246349e+01
1.581061104640689940e+01 1.305393062461442177e+01 3.953639738120087799e+01
-7.560645920651296592e-01 1.173644508575959033e+00 2.276496299476482932e+01
8.121868168321718429e+00 5.104238467157757864e-01 3.435504104973848172e+01
-1.423345783868682624e+01 -1.962713745816233057e+01 2.843001310613899335e+01
-1.984800074760861843e+00 -3.390569854660796079e+00 1.804035155846564820e+01
1.667476645904673305e+01 1.702403156071328283e+01 3.809770942500884416e+01
-6.051146744414824141e+00 -8.597766454880012787e+00 2.075156332333530429e+01
5.212597653454338342e+00 7.576560323023114663e+00 2.460332039895552469e+01
3.750429728896898407e+00 1.665140588382604259e+00 2.506806550133563860e+01
-1.678037073672190971e+01 -1.288947949860656728e+01 4.189774990973501190e+01
-1.448852678840332153e+01 -7.414156025383983106e+00 4.107432312096834437e+01
-5.492677265796946706e+00 -8.618547642800738373e+00 1.721024762691408228e+01
1.221277187362103334e+01 1.070451589440035889e+01 3.342035962320761655e+01
-1.824963233667869389e+00 -3.405953692212207784e+00 9.070341193530609303e+00
-2.862791441361939526e+00 6.105334043783286369e+00 3.201714929942943400e+01
-1.218857517653970213e+01 -1.237746253822544951e+01 3.159542829618232673e+01
-9.108016287911404163e+00 -1.298057131688038979e+01 2.205228406129024421e+01
-9.899198754134763689e+00 -7.334237766317071028e-01 3.721838521236418273e+01
2.014367160529590084e+00 3.400022176425448350e+00 1.750791529491172938e+01
-1.058754545983357787e+01 -9.303357982186854613e+00 3.112687282965706359e+01
7.909715610130729324e+00 9.982117623964187558e+00 2.313700530553873591e+01
1.790652892150717079e+01 2.959487957316628481e+01 2.766645154004596208e+01
1.419287814355937272e+01 2.074743070992435889e+01 2.674044064347223326e+01
-1.331633438248346124e+01 -5.655397481977585628e+00 3.999444876104440993e+01
4.380475964700074165e+00 3.877381061881422397e+00 2.310780718954773150e+01
1.544856899963353847e+01 2.592643466566070742e+01 2.342592905505220813e+01
9.546832632127872031e+00 -5.933324649794526451e+00 4.078152369082987150e+01
2.292306674800431487e+00 2.091156422578928087e+00 2.015622696685096926e+01
6.414742864831812774e+00 1.151270214428705607e+01 1.249228786818754422e+01
5.595101969851327794e+00 -2.682232506572730379e+00 -7.524223038026613963e+00
7.177508148938882115e+00 1.202189847791992250e+01 1.559644386500760760e+01
1.738321852222224706e+01 2.258187500124005709e+01 3.434752749631525859e+01
6.343477287968908307e-01 6.232796255291506160e-01 1.638364192990459145e+01
9.882291440422434903e+00 1.783943485645060179e+01 8.155070267862532418e+00
7.612689433232979752e-01 3.119503944082751445e+00 2.300507591271216512e+01
1.093100624473800053e+01 1.378822258432358971e+01 2.645153159792473119e+01
-7.867329010706347603e-02 -1.224190893080167486e+00 2.011147849478877347e+01
-2.146483527513851541e+01 -3.257643649150643483e+01 3.559954192669296447e+01
-1.036323924788771755e+01 -4.533258171408672155e+00 3.513689087003493228e+01
5.925511299414811806e-01 -1.316269298685389666e-01 1.950181121662847161e+01
7.529056438076633384e+00 1.132662108667370404e+01 1.766848357225786925e+00
8.176712382119497136e+00 1.477474735943317619e+01 1.325730173585685456e+01
7.884998237646230201e+00 1.053322678836641657e+01 2.274949800776729703e+01
1.218831550454190271e+01 5.757512611779493916e-01 4.130175970597397850e+01
1.477839297773248184e+01 1.533752823554141642e+01 3.495142917281235384e+01
1.115974238759241643e+01 1.620920574383849910e+01 2.347843758638995482e+01
1.050398970126353682e+01 -4.936823798957172826e+00 4.162512679300978391e+01
-7.868473859172254059e+00 -1.326897885927849430e+01 1.588746254359327637e+01
1.667919055801350581e+01 2.331336607432142927e+01 3.135745396544925967e+01
-3.588866892801787056e+00 7.401297309317572681e-01 2.786773636347894012e+01
-8.353254570441734472e+00 -7.267423340849166635e+00 2.821648598627803040e+01
3.914162435256592687e+00 4.467356725499372239e+00 2.046077245745950535e+01
-2.518359720058142681e+00 -4.167435196067954983e+00 1.886641739172144838e+01
-9.146853360459537896e+00 -1.697011866507149946e+01 1.272186825268554244e+01
-1.759211911641222770e+01 -3.177551141644694965e+01 2.292585642386238476e+01
5.253468601663125348e+00 8.363930906307134094e+00 1.662215400891387773e+01
-4.099698718382434492e+00 -7.794145103787901263e+00 8.805522628195229018e+00
-4.960774721954162025e+00 -1.121691410900507435e+01 3.117715648985214827e+01
2.598035441127643619e+00 3.232087082930214184e+00 1.819995311348202094e+01
7.617777551335371378e+00 5.470814310401085123e+00 3.080744368394151067e+01
3.953610454748406333e-01 8.026371972434991342e-01 1.456898360998197184e+01
2.765966360457228657e+00 -7.733051602033770067e+00 3.316990401232525443e+01
2.248991604589584270e+01 2.359954866620438096e+01 4.752881955635503175e+01
-1.496454690390378595e+01 -1.488433952510990288e+01 3.586511238576404992e+01
-7.051025549200083731e+00 5.563737251824579566e+00 3.697570343444422036e+01
1.213967475735516777e+00 1.826027388335446089e+00 1.441459772497180580e+01
1.034990239816864310e+01 1.770876413505262903e+01 1.725036458109364901e+01
-1.159520190940321882e+01 -1.752108747625455720e+01 2.278355212361642401e+01
1.245007115535834075e+01 1.748754613389369794e+01 2.578387085725491090e+01
-1.203112039060457938e+01 -2.458145257043673126e+01 5.955977196963327280e+00
6.227693980827115006e+00 1.151223485763051713e+01 3.172000363340057660e+01
-2.090829160209001003e+01 -2.551419739107490159e+01 4.104657776268983582e+01
3.087300591584392517e+00 3.214136075082181687e+00 2.035698731870674649e+01
-9.936611462103123182e-02 -2.167405070259639466e+00 2.260743056120331929e+01
-4.621603571882341832e+00 -3.299835339837676074e+00 2.467204850490404766e+01
1.768567281769761079e+00 6.537842463409365701e-01 2.177546061858381421e+01
-1.667024217763757576e+01 -2.031197599973179990e+01 3.478317731898059861e+01
-1.387492064477415887e+01 -1.248927288603786501e+01 3.554541358193559120e+01
-7.144495204833832602e+00 -1.106483656878381439e+01 1.834424981309075520e+01
-3.606780710503235454e+00 -6.664447389474192462e+00 1.003491013770846507e+01
-7.614803761936163040e-01 -9.433935424686603621e-01 1.556568868444063369e+01
1.482873214469592504e+01 1.035792908791903599e+01 3.954851875506845005e+01
-6.203269989663708905e+00 -9.534083713840800556e+00 1.814222276808783008e+01
-4.473300024422362853e+00 2.577366352597566301e+00 3.114392251691940672e+01
-1.093210027125402384e+01 -9.435453978521852747e-01 3.886167059864202855e+01
-1.469922965702019368e+01 -3.522234538436208595e+00 4.409228567228142737e+01
-7.835684032876128136e+00 -9.691455404560503695e+00 2.441086057812062649e+01
-4.902961682268732746e-01 -9.748457627578643869e-01 5.823348126031696381e+00
-1.780280763497275709e+00 -1.148820972297920573e+00 2.065220809317716544e+01
5.586125794588400417e+00 6.065356292149277628e-01 2.991610782794231937e+01
-1.724612229318137224e+01 -1.610021557707179340e+01 4.035031024986304260e+01
1.919300407515699192e+00 2.790045702054908539e+00 -5.750972382882730827e+00
-7.135927452559728046e+00 -9.038660953185580382e+00 2.876699444612251355e+01
1.392411684942075123e+00 2.457489183019183621e+00 1.217551854352948482e+01
-2.015448622509639165e+01 -3.105159911689757379e+01 3.343857162167068253e+01
-4.597917960909060575e+00 -7.159743030960248333e+00 1.743548209454720421e+01
1.409738010229444072e+01 1.252192881821153314e+01 3.603119293286506775e+01
1.080400360599273313e+01 1.542640978437616717e+01 2.357493499705434559e+01
-5.585438797379348230e+00 -8.587214639073669886e+00 1.795625384166056904e+01
1.065422920844584098e+01 1.700281995470686525e+01 2.009920960229173303e+01
1.423338928612785814e+01 2.377591162787199863e+01 2.216001655323648123e+01
-1.201432771116356690e+01 -2.299365463103796259e+01 1.478391649233204319e+01
-1.351209940371255414e+01 -1.718380677185504624e+01 2.945883692933961839e+01
1.373807353357469374e+01 8.731516035846539125e+00 3.851313801176662110e+01
1.652468524677751560e+01 8.546274292630357650e+00 4.450966408662767293e+01
1.254944048061458872e+01 1.313413358765134653e+01 3.166237759123710305e+01
-1.188753793837566697e+01 -7.120164576447581162e+00 3.599113109215025474e+01
-9.187791200589904506e+00 -1.858927998772471568e+01 7.905748811889283800e+00
-1.019495858054831849e+01 -1.889886582398323611e+01 1.357706409547239090e+01
-7.517993538203808335e+00 -9.913527368075380153e+00 2.292230287632369823e+01
-1.218778744847501549e+01 -9.485814391396672818e+00 3.452559820294246151e+01
2.190923564415536706e+00 -1.126680838858792999e+00 2.582396441401384379e+01
1.238855695967139781e+01 8.571485922100499977e+00 3.578833567397994386e+01
-1.424956752027679663e+01 -2.187904781133925880e+01 2.526152616718983523e+01
7.549352337282475567e+00 1.021276293148647873e+01 3.131227322742170216e+01
3.426712158941359831e+00 4.659674488842416862e-01 2.606478955386792506e+01
-1.067039461060068639e+01 -4.333904117659859168e-01 3.875215085141687155e+01
9.584001773226885845e+00 1.587962746159006144e+01 1.781178361266664112e+01
1.924820779189771258e+01 1.766326378337977232e+01 4.369161457453023445e+01
1.096662404194286999e+01 7.085047535067143798e+00 3.412053345378749469e+01
1.364018481986727949e+01 9.489218025540013812e-01 4.372392962355701940e+01
-3.248319001624491609e+00 -4.033409721882085464e+00 1.887674602541656199e+01
9.690297052068966854e-01 2.007198120644920536e+00 1.821081849820971854e+01
1.713735676194256641e+01 8.450259443026965300e+00 4.588876018480840457e+01
-1.166375151883226913e+01 -1.452914899295239870e+01 2.761785491051182007e+01
1.464338529450085691e+00 2.526684858601803363e+00 1.391482324752611710e+01
5.084287572676098321e+00 -5.753958963991149034e+00 3.451976851835568993e+01
-1.780842805510127747e+01 6.934943515897629140e-02 5.189812909529972274e+01
-8.720559810079668850e+00 -1.578702833798162075e+01 1.355455280865619727e+01
5.530374966040606743e+00 1.129524696857621002e+01 5.003408284282315321e+00
-1.024941465268269347e+00 -2.330555983647766283e+00 1.958545071158944850e+01
-8.892592672342665594e+00 4.901585038423460716e+00 3.927013846819877330e+01
6.412810025505948808e+00 -1.987406258048819208e+00 3.357609806224775184e+01
3.283387962639057189e+00 5.819345841296584609e+00 1.183287970142664136e+01
-1.250273270439478424e+01 -7.973567651332913897e+00 3.654356908759946521e+01
-2.443937406515676258e+00 -9.325296203402686501e+00 2.992618657104812740e+01
7.296074139838810702e-01 -1.250877449011063192e+01 3.465468765584933664e+01
-5.094818064934622193e+00 -8.498881117605835200e+00 1.482831500299466043e+01
-5.100383588797687828e+00 -8.775824189616715287e+00 1.362008414517650579e+01
5.936974429770460304e+00 6.433853106153920365e+00 2.315820752028139395e+01
-8.623674661861240764e+00 2.921224134971325270e+00 3.763416684871977935e+01
1.257137646157043243e+01 1.940807024564389138e+01 2.314771953630002699e+01
8.333670314483921260e+00 1.663776079820964071e+01 8.169585605753610480e+00
2.968329152406332661e+00 5.959818856171529511e+00 6.074443455281601345e+00
1.341204628222958029e+01 2.244139937284677089e+01 2.116501413161496359e+01
-7.166681237842377428e+00 -1.230857426093632689e+01 1.473572368245012498e+01
2.920468537203963599e+00 9.946748817343129545e+00 3.038412746386843821e+01
-6.322235229255930733e+00 -8.350154885430093543e+00 2.370805490218993583e+01
1.152945211845727336e+01 -8.230224711709151819e+00 4.489235067100767651e+01
-5.845702289376955463e+00 -4.336159304588958818e+00 2.610192430051179713e+01
1.753727290863640542e+00 3.731602482586235503e+00 2.162796995066985417e+01
4.331641643186121549e+00 6.630029551667218968e+00 1.635279382034991258e+01
6.585309858107092351e-01 1.187760222881369732e+00 1.240088394248948767e+01
4.343413821028350164e+00 -5.024899777992684058e+00 3.301135613132141344e+01
6.804277557559897716e+00 1.379848589183005636e+01 6.249881548943546861e+00
-1.000753972339280118e+01 1.947145280144991997e+00 3.913387303744001144e+01
-5.763333248525750463e-01 -5.134068212427780331e+00 2.679578451458141686e+01
1.853652774421656346e+01 2.043413232320014217e+01 3.979659515291689331e+01
-8.758877100293819495e+00 -4.681775591632875155e-02 3.578427709521884026e+01
1.425272524014880382e+01 2.483568438716353199e+01 2.038317485376287408e+01
2.804550790361531876e-01 5.241229372994139490e-01 1.008833143961518886e+01
9.455002724717722629e+00 1.314372079286323469e+01 2.296241949290964968e+01
1.170895343486953166e+01 9.958453112626658665e+00 3.301165175139451691e+01
3.414613918927078551e+00 6.449263026981988389e+00 8.935741209532714890e+00
1.028330046378075835e+01 1.420920631051914285e+01 2.377655876136842750e+01
1.555930458098242219e+01 2.928052361687195315e+01 1.711840444024405272e+01
1.253612480718605404e+01 2.078407143544258062e+01 2.058267581799090351e+01
3.172610228737109406e+00 5.268627506971175656e+00 1.475795128053630556e+01
1.325244895019084801e+01 1.091163384366098299e+01 3.558125323385038996e+01
-1.946863219984813043e+00 3.951672464523587891e+00 7.497711513968269514e+00
5.285266613003039460e+00 -2.695926076550155148e+00 3.245038399672391449e+01
6.230183256159944172e+00 9.358689849383715398e+00 1.889783373576048575e+01
-3.118959719064628988e-02 6.084684255676486853e-01 1.824433079907870692e+01
-5.586965967982930437e+00 8.560880031388506950e-01 3.131781408157890922e+01
5.194348573456479379e+00 2.738807452575988233e+00 2.675078632148008495e+01
-8.318289844895108587e+00 -1.158073078881134244e+01 2.203170063343532803e+01
1.531211534283642095e+01 2.220993633911757570e+01 2.840190173438673682e+01
9.343010372753081327e+00 1.455625786939597432e+01 1.972428977796727878e+01
7.310854935430866064e+00 8.734498478419066458e+00 2.338313366637377300e+01
-1.443706368441808774e+00 -2.300683223376007280e+00 1.366630849203336240e+01
6.098867925975921089e+00 1.511271523272793260e+01 1.696773148585391411e+00
-3.928835978505450743e+00 -6.888528191825504798e+00 2.505471788518156373e+01
-3.273237047894495877e+00 -8.701240625044214028e+00 -5.382605122592929447e-01
-1.220784580216683857e+01 -2.019590252930089491e+01 2.032522939509534510e+01
-6.249742640379436776e-02 2.395646147232840528e-01 1.629247326312500732e+01
6.457309856715286678e+00 1.246059846106947155e+01 9.067431616388352822e+00
-3.769934046516429049e+00 -7.271485951943775561e+00 7.978459445220499546e+00
-4.573457157885688851e+00 -7.590263226327832236e+00 1.434880516804276063e+01
-6.130337386866981930e+00 -1.069760182775391399e+01 1.344273105929826961e+01
-8.398382597622219947e+00 -1.052768211025325940e+01 2.434103348430526736e+01
5.554290987696723469e+00 8.447600241039243230e+00 1.732301122392112447e+01
-8.538651785422780804e+00 -1.625299299434037792e+01 1.101875473154217921e+01
1.550819830482030248e+01 2.143301674677732294e+01 3.004792697589678596e+01
1.454187768220290833e+00 2.881676214721356821e+00 6.073968987748044057e+00
-1.262303589188484843e+00 -2.431795614996323351e+00 7.558277028934985431e+00
-2.001321338060524369e-01 -5.249197849995715925e-01 1.508839718900694038e+01
2.144890886448794554e+00 4.262229424872050920e+00 6.018654552105120459e+00
5.947211131577075705e+00 8.158835484597032561e+00 2.235506715927148491e+01
-9.459046902907697341e-01 3.292085437324983044e+00 7.008486124929833139e+00
-5.519789341994573384e+00 -8.232705564999506009e+00 1.775603271713062625e+01
-2.957237590857173970e+00 -4.827049445252534099e+00 1.581766943824231042e+01
6.359613998565849968e+00 2.160118880590969237e+00 2.973747836399514100e+01
8.874544590960894652e+00 -1.496183317817851854e-01 3.612205626443886786e+01
-7.445595483341491683e-01 -1.353143356723794266e+00 1.423228097878749665e+01
-1.630363454170690929e+01 -1.186466199222887141e+01 4.161985736630814614e+01
1.568050680526441365e+00 -1.141931312561844436e+01 3.461120849032764824e+01
1.356781279547674934e+01 -1.323994954178297156e+00 4.470026145775964466e+01
1.166439476441942169e+01 2.009587858728081144e+01 1.817363202801560362e+01
2.125067625137433414e+00 4.381815175181511535e+00 3.879017410999639370e+00
-1.036113274105417936e+01 -1.873734372954919536e+01 1.174398548367355843e+01
1.735035822724476873e+00 1.349696281933626008e+00 1.994611232832678738e+01
8.062034938686933216e+00 1.387653382708586669e+01 1.522936171471389244e+01
1.266987195469915228e+01 -2.801770672276320262e+00 4.402962520479656661e+01
-1.406059248622585045e+01 -1.031684420680703163e+01 3.790300339023095688e+01
1.008438995196922860e+01 3.444419460247620357e+00 3.549745905307317173e+01
4.202253297819266820e+00 -1.008312868597318612e+00 -5.726663808815244394e+00
3.309478547599857268e-01 6.597662274406091987e-01 5.646362765327373801e+00
5.602927414251206883e+00 1.113342306850879204e+01 7.079408498682704831e+00
1.502281028646476102e+01 -4.259861503814409645e+00 4.884660277286571528e+01
-1.349493722647842731e+01 -7.759473538720747854e+00 3.877527110904900809e+01
-7.735025465674318923e-01 -1.123966341875877006e+01 3.273677149999945613e+01
6.298703337535902502e-01 1.219909622400559890e+00 7.167675652934379471e+00
-1.802209444746526401e+01 -2.472957300541765235e+01 3.409209639187300667e+01
4.488973559446300499e+00 9.162852063578633022e+00 4.225971908719547088e+00
1.697765326206830494e+01 1.771707904752768670e+01 3.821927647426297625e+01
5.806962495310943773e+00 -3.432545842006774706e+00 3.379849989638211127e+01
1.213445117717588673e+00 9.322940458840912825e+00 6.017678149305589308e+00
-1.582031587108250115e+01 -1.300867230064879365e+01 3.959660069743569721e+01
2.017396295077983481e+01 8.894304126697301527e+00 5.214127240756869242e+01
5.575354802888291772e+00 9.759474918673243238e+00 -5.266272221609015425e+00
-2.045201290927668225e+00 -4.182591016725726085e+00 4.359138548183921991e+00
3.629146419288995062e+00 7.266999202174407202e+00 6.183260336602499407e+00
-7.130331995701771675e+00 -1.429574306704334496e+01 7.333272121524866627e+00
1.331077040253753019e+01 5.407182682243016458e+00 4.016151209687370027e+01
8.364980394635978200e+00 1.590759766277532172e+01 6.223472139263504843e+00
-5.668821617806832913e-01 -1.875890760705571647e-01 1.812877991416620915e+01
-2.999764683918181518e+00 1.130995656255474602e+00 1.330686017236083263e+00
-1.558052428064183914e+01 -2.161300375681366503e+01 3.004423358472541139e+01
-1.171455175660631554e+01 -1.234382345072803311e+00 4.004385235628620876e+01
-6.869471677964272160e+00 -1.549546759689826025e+00 3.128065842664651086e+01
9.750747530061101287e+00 1.754696883467808277e+01 1.460720851390585118e+01
1.104053420479828240e+01 2.096420942913048791e+01 1.307899728686115814e+01
6.705590097157459795e+00 1.044820137432232521e+01 1.791691716085138708e+01
-1.801385887415654086e+00 -2.124009187233978135e+00 1.775572238273953474e+01
6.808062387301745844e+00 8.605975095537873543e+00 2.471745397631469032e+01
-1.343491187584835345e+01 -2.489156400387585677e+01 1.656943966332129037e+01
8.274120011466123970e+00 -5.348550841154155577e+00 3.851662955919612585e+01
-4.427698555515107159e+00 -7.550512427319008957e+00 1.374661760656054632e+01
-2.204027561786706357e+01 -1.790100343069250499e+01 5.051882383734377413e+01
-1.823006576645368071e+01 -2.007586273537983601e+01 3.902545377992208131e+01
1.413670064379163627e+01 2.174167584585721613e+01 2.507003800252123327e+01
-1.930023050502255533e+00 -3.499799949993885217e+00 1.061358711509172714e+01
-5.523436908606368156e+00 4.539520676365278895e+00 3.418410149544609311e+01
-5.355652413599638173e+00 -7.617972795214977388e+00 2.417340974391705544e+01
8.914551537347696453e+00 1.798995375017936382e+01 1.087959529699839578e+01
1.050323383917073272e+01 3.350690955185497977e-01 3.853149496432548204e+01
1.099837177294722323e+01 3.060858816776626412e+00 3.748169839017973715e+01
-2.184315082408523345e+00 -4.303298993969903563e+00 6.488680194354477848e+00
2.048717586548014680e+01 3.160076257310977965e+01 3.374279636510384250e+01
3.627023580125413815e+00 5.899280343579558661e+00 -4.369555166282386161e+00
9.677057245375390693e+00 1.819387049636562059e+00 3.603026814610011996e+01
1.602460623707859000e+01 2.415790572095743372e+01 2.812898030681742156e+01
-2.233866846385120120e+00 -7.278634680719438421e+00 -1.019790290167267965e+00
1.305651747491178405e+01 2.721908272459895883e+01 8.120226952744534543e+00
-1.134416509806652318e+00 -7.300006212829262431e+00 2.882832257185578229e+01
-1.319675094907356971e+01 -2.019591012926552054e+01 2.413136610930932591e+01
7.311433007643688420e+00 1.104175978833261418e+01 1.921064281106880500e+01
1.635589117335480847e+00 3.431331652590996484e+00 2.738037728528174508e+00
1.094649618357514065e+01 -1.086817978661629169e+01 4.523658766901522910e+01
-1.409071378845291633e+01 -2.813556159101054632e+01 1.119104634695441547e+01
-3.891480856617296702e+00 -1.014199722286032745e+01 3.021596862367383807e+01
-9.539933311062334553e+00 -1.639101679375135134e+01 1.640443089843995139e+01
1.805250625828892552e+01 4.565621436685994183e+00 5.017999677221255439e+01
-1.740649053141115399e+00 -3.248939055699384681e+00 1.957498214214912835e+01
-2.004134548921242764e+00 -5.131767021488689906e+00 2.457256229361176025e+01
1.854456764971108385e+01 3.125666144127968593e+01 2.727284333596016452e+01
1.029782499214896063e+01 1.988720261321276794e+01 1.157662905551399568e+01
4.238035355604792720e+00 -7.493156672952830943e-01 2.899059226645278997e+01
6.367979491169223571e+00 4.531453121566933362e+00 2.814136782393515190e+01
1.627858814369367124e+01 4.588182712118185513e+00 4.652517841954078648e+01
-5.815256994435559434e+00 -1.145565974850644686e+01 7.653164262656413364e+00
5.362368740977574433e+00 5.611598482823359824e+00 2.289015459094492755e+01
-1.365816266797221878e+01 -2.213125364294179320e+01 2.267416313080128631e+01
5.435938206016842633e-01 7.096347550083982325e-01 1.459970726028509880e+01
-2.163448047880276803e+01 -2.815040173885527963e+01 4.086267728201254101e+01
-3.784196320742122754e+00 -6.241123427887266928e+00 1.501486616581128608e+01
4.166792322347529165e+00 1.129507904318605149e+01 6.482863691344847190e+00
-1.145905524513909235e+01 -2.356073153460813430e+01 4.992260724571437436e+00
8.606180264528727974e+00 1.549699844737311061e+01 1.371103133226577064e+01
-1.743907736382950446e+01 -1.823186416436183777e+01 3.892461744370600485e+01
1.032165819317770072e+00 9.632731843313653286e-01 -4.380725913398862303e+00
-1.054577446544938724e+01 -1.719726044766771977e+01 1.923388187188242782e+01
1.311423676818763040e+00 -4.306950740392502475e+00 2.835465969726728019e+01
9.331241383315191484e+00 1.820929651547034211e+01 9.159657963753872423e+00
-1.097389440719228304e+01 8.206718005238853308e-01 4.008263457784251926e+01
2.904789275920180991e-01 5.975100130641057827e-01 3.852198616855527114e+00
1.838131981857478792e+01 4.791473672795822480e+00 5.065516351768351200e+01
2.073421366419201206e+01 2.155704778320714254e+01 4.475234770559617203e+01
7.948528580631812446e+00 -2.835924865735273137e+00 -4.448169986357257244e+00
-5.468022100530596674e+00 -1.018425997697213603e+01 1.034762248221326431e+01
5.009757848426648508e+00 -7.567959303286983186e+00 3.565968911405030184e+01
1.013178929444435283e+01 1.846302913051954775e+01 1.434042020872804102e+01
-6.831742782399246039e+00 1.781252474644543504e+00 3.406151694721701517e+01
8.623151948880144246e+00 7.763623620729964259e+00 3.269631499250919404e+01
-2.651809021556803092e+00 6.604342668813012907e+00 3.213111117188345389e+01
5.683085961575107703e+00 -6.504747975228387880e+00 3.570896692212591716e+01
4.410812618401382501e+00 1.358589294978528539e+00 2.688057698466425904e+01
1.918390407495903816e+01 1.579987276579198152e+01 4.516899364543835560e+01
-1.136867375050221085e+01 -1.961594797087179387e+01 1.783027812621999786e+01
-7.924849867274532667e-01 -4.223717290909534405e+00 2.508508486333352394e+01
9.260597390203015422e+00 1.038148037166803483e+01 2.648205414091257026e+01
-1.664503671514918182e+01 -7.187699013121560121e+00 4.565772431951454990e+01
-6.458669193079226822e+00 -6.999830724128486281e+00 4.972331308407245132e+00
2.796271690107286823e+00 -4.260862651964774983e+00 3.031423197054379415e+01
2.130015454392267671e+01 2.685391187767046262e+01 4.145435430389915155e+01
-8.046448279069387866e+00 2.528736772584540660e+00 -8.847512295763369394e+00
4.639801659514096954e+00 8.033245787509951441e+00 1.319795867624122465e+01
-6.372672362720141592e+00 -7.281639835299068331e+00 -7.297961155207190131e+00
-3.004275440119228868e+00 -5.160240929760950834e+00 1.319143883305534892e+01
-1.326253427250628469e+01 -2.391478835883577680e+00 4.209783798934742549e+01
1.608587318003399602e+01 2.535000727930987097e+01 2.677413793014212473e+01
-1.095184922439713837e+01 -4.271677455215254327e+00 3.646965975278460803e+01
1.171941419589628985e+01 -5.023245195265246821e-01 4.115233240971659967e+01
1.234156290843922088e+00 -6.354697777492335220e+00 3.034439754390356114e+01
-1.910913528642954518e+01 -2.366100353374057619e+01 3.820713214696957039e+01
-1.194341828609639045e+01 -2.036017259709418425e+01 1.730566797541255397e+01
1.624345381054488868e+01 1.402652770233239110e+01 3.972191719680750310e+01
8.653750310930522716e+00 -7.777366164796628567e-01 -6.292996580403364959e-01
1.545541201872904047e+01 2.572897639569487893e+01 2.357506668036670305e+01
-1.557665363627686617e+01 -1.783261145956631211e+01 3.443784422570468706e+01
-9.169970446655316465e+00 1.143687927727913500e+00 3.731068837364467328e+01
-1.113502711920425980e+01 -1.794295641241876282e+01 2.022061671659725235e+01
3.972778199229417329e+00 7.119610444031930108e+00 1.152331212257290538e+01
-1.611593843446357965e+01 -2.231287303464369387e+01 3.083273814014974690e+01
4.984809243828066450e+00 1.218630374666374649e+01 3.208521273875711444e+01
-1.562210205544868380e+01 -1.148548073818410664e+01 4.039556165734731508e+01
1.706314824246876682e+01 9.970517909067559970e+00 4.468582325359379581e+01
7.549399766506367015e+00 -5.080425389406332037e+00 3.742775020540743469e+01
1.543368721491245488e+01 6.712134482873814534e+00 4.348794532431862336e+01
1.900286711535484940e+01 3.303247699024883843e+01 2.629496216365922834e+01
-3.228931978393521529e+00 -6.401097859234448961e+00 6.378394111954323265e+00
1.519583168540192553e+01 -2.556233832222774893e+00 4.835454825620772112e+01
1.682026225068855751e+01 1.184944476526012735e+01 4.278898720996442506e+01
7.046111129202651924e+00 9.257925117024734973e+00 2.900559162753721765e+01
-1.636363007935027269e+01 -1.454989575571162064e+01 3.955795899513024949e+01
7.096079250766901048e+00 1.584569867975098134e+01 -2.466524688161906287e-01
-1.339986482181606986e+00 4.093511613403512106e-01 2.276754547743046331e+01
-1.103884949894114698e+01 -1.978258570849186171e+01 1.588532577789824352e+01
1.788809137962587315e+01 2.431814914356820623e+01 3.390019212029173445e+01
-3.939596540028125204e-01 -5.136113953540820454e+00 -6.237332901755843650e+00
1.494718362706969295e+01 1.995229258777925807e+01 3.020246924200047189e+01
-3.836892667312650218e+00 -7.858259083141233781e+00 4.681465871620594577e+00
-1.268219890864011656e+00 2.121813305903886171e+00 2.551084659848742220e+01
9.195534095979414957e+00 1.833428290125524640e+01 8.957564492838711701e+00
-8.687132120635006061e+00 -1.708744153389114828e+01 9.371213950344476018e+00
-1.221019576313608912e+00 -6.405240358238482479e+00 -1.319427253239713993e+00
-1.410864073022812981e+01 -2.694470251670183814e+01 1.597557220393940014e+01
5.054330959670007672e+00 1.127164478067590103e+01 -8.065349865758050241e-01
4.389710902625451716e+00 1.256173957335023772e+01 2.985383763907479837e-01
7.187506866162182817e+00 1.539181064450886893e+01 8.710911810007548439e+00
8.585413520596144821e+00 1.071942345194136159e+01 2.452398315241725868e+01
-7.683468679846298777e+00 -1.425959189531626592e+01 -2.088440478760911212e+00
-3.110544247690447683e+00 -6.376480946493608748e+00 4.430804355273433082e+00
-4.845367275554967712e+00 -9.532449523024283167e+00 7.314395996907995467e+00
2.404991116287761077e+00 5.347454353501142066e+00 -2.920911051623775290e+00
-7.679180822735643730e+00 -1.079696367169460736e+01 2.139807010191619696e+01
-1.004933713763331227e+01 -1.877510239841369710e+01 3.668536185739921685e+00
-1.626340123736360610e+00 -2.840630337225409363e+00 1.264998181343373140e+01
2.088946226631714964e+01 1.293287533999154171e+01 5.127498545687314646e+01
-1.451825963863073277e+01 -2.460576120639622033e+01 2.189962682037667463e+01
1.488833144077434412e+01 2.976385286535456842e+01 1.351002780769198353e+01
-1.715363389127502813e+01 -1.456641861240767888e+01 4.125337813229059236e+01
-7.789780118160905431e+00 -8.743087180142824266e+00 2.942455963054733559e+01
5.917387164283180567e+00 9.451534398740038867e+00 1.672779829577651967e+01
-7.005747404398680267e+00 -1.067593709785892031e+01 -3.884033974961582203e+00
-6.482860594262150222e+00 -1.051639227156834622e+01 3.074715495745826743e+01
-1.504336077856531340e+01 -1.841007557340902601e+00 4.580654122868446620e+01
1.955198431015162797e+01 3.096855805409626328e+01 3.140165945001270842e+01
-1.054978553919424833e+01 -1.835716701794125782e+01 1.673533343197901857e+01
1.240914070473576158e+00 2.310089235690732323e+00 -3.868430829253212799e+00
1.278113278959084198e+01 3.274372564995625456e+00 4.062813190828013177e+01
-7.447359600845714134e+00 -8.338051072755039428e+00 2.450613739838135530e+01
8.178761230033693153e-03 7.801812246669539874e+00 3.043996813839776650e+01
-1.288450132094924871e+00 -5.606868080965904610e+00 -5.824317042239535169e+00
1.203705610443868324e+01 2.547109076438935205e+01 6.571253111910767331e+00
-2.026597369619922873e+01 -3.163795973712155529e+01 3.248692469503032498e+01
1.602551774997813538e+01 3.127720673747521118e+01 1.603689151037564287e+01
9.649426554311016702e+00 1.651238618176127204e+01 1.664593342556906563e+01
-8.225348809785279158e+00 -1.627240949964587813e+01 -3.344703465270096654e+00
1.862505895934216937e+01 1.778822476124858554e+01 4.232856982063272255e+01
-3.649409506100873113e+00 -5.787125746835051210e+00 1.696318105324363756e+01
-9.481418259036455964e-02 -1.405516449068131379e+01 3.507263735378571567e+01
-1.660272162718644084e+00 -3.386738745220204017e+00 4.454161026191202133e+00
-1.475530158848481266e+00 5.657391067927456163e+00 2.996255992571746418e+01
8.490683886852040674e-01 1.771548082395273394e+00 3.006803640948664480e+00
3.211437587273335836e+00 1.243692410763765821e+01 3.257208406397542433e+01
1.627596738477750193e+01 2.566264430669854946e+01 2.689374413233796091e+01
-6.929539504094850422e+00 -1.020407721441076809e+01 1.976516735984544226e+01
-7.109425798435728971e+00 -5.528639897915327950e+00 2.872692828528430908e+01
-3.853460633329948148e+00 7.755137778750894384e+00 3.445006172931384469e+01
3.558735389509797287e+00 1.079893644274490683e+01 3.088092268374558813e+01
6.223785772432473884e+00 -6.255051874124045064e+00 3.635272403931106311e+01
1.081220086062957186e+01 2.067280814782742837e+01 1.403827025077097090e+01
2.536765134031426783e+00 5.191611612141715071e+00 4.403908212372710018e+00
1.086631441365930684e+01 -3.525820757095330826e+00 4.151905534404706799e+01
1.823245527423780032e+01 3.082231700934545060e+01 2.622021175679810767e+01
-1.209005476460232709e+00 -2.209911873517993453e+00 9.795867243593052720e+00
-8.253557422058628745e+00 -1.474034818321822371e+01 1.382998363953465315e+01
1.084157799472705008e+01 9.482668921182714428e+00 3.152095371416703529e+01
1.618575884062274284e+01 1.456170091820805368e+00 4.797189403160686538e+01
2.539563446237768751e+00 4.799689222778462216e+00 8.698916648728705070e+00
1.099077062580243336e+01 1.846931332724363983e+01 1.853677986538209410e+01
-8.275879342358146928e+00 -7.341900935743468359e+00 3.124804795550295822e+01
-6.645309492972283572e+00 -2.770957394825509290e+00 -8.366344124648197322e+00
1.177360925901603750e+01 2.225654600840989517e+01 1.265750711496352210e+01
-1.127032153783099844e+01 5.840319231895549912e-01 4.043605202851507840e+01
-6.410202273897304792e+00 -8.357459641273075945e+00 2.452052788487615942e+01
1.668442681641660386e+01 1.990154845662120664e+01 3.526076085665902582e+01
-1.645957154433851599e+00 -1.221005823926273415e+01 3.297752962931195952e+01
-7.418090135369046934e+00 -1.629760742842461951e+01 3.217429346405511925e+00
-2.037720283749383654e+01 -1.728700072294348189e+01 4.710665738990945073e+01
-7.293616179157258461e-01 -2.163243900386246921e+00 6.991475874227855769e+00
-6.730080761574900095e+00 -9.406859637767738036e+00 2.123488412255109381e+01
-1.225412603620281438e+01 -1.676757653302178852e+01 2.620458945587461130e+01
5.611824536650882322e+00 4.149092247258515442e+00 1.673824091894333677e+00
-2.169957102762195689e+01 -1.707504781936054172e+01 5.050596146220219396e+01
1.271567736554017003e+01 2.560945490445449479e+01 1.128382638359634171e+01
-1.028329791224485668e+01 -1.413773198628585881e+01 2.399865711804125112e+01
5.049926711176733640e+00 9.875187267855745077e+00 7.718776666710765788e+00
-2.203020635471790722e+00 8.702066567021880417e+00 3.330636259736341742e+01
-4.522759431982099620e+00 -6.888938741168846747e+00 1.849542546452057579e+01
-1.989525338734820892e+01 -6.782467071228829525e+00 5.275027479586341173e+01
7.783712499420071040e+00 -1.005385743532774612e+01 4.055511723628504939e+01
-4.729026278627789459e+00 -9.654621944924205224e+00 5.167825749135035451e+00
5.626327913964903615e+00 -1.215145666336310804e+01 3.902337461611901404e+01
8.310334323556027414e+00 1.803719867822670864e+01 1.438877943888021482e+00
4.162822233677177408e+00 9.616578226076534008e+00 2.948598021030085548e+01
2.623178815365186267e+00 8.226049696382089493e+00 2.862539917845559501e+01
-1.853255122217586859e+01 -1.090903762828192569e+01 4.726189252800784857e+01
1.537213652966467770e+01 2.864596221085066929e+01 1.912585679101939817e+01
-1.813147570560600386e-01 1.150968374289874951e+01 3.348359352386923149e+01
-2.270475607042712785e+00 1.342246279160764288e+01 3.635733526967791818e+01
-8.171763784765790462e+00 -9.233659899301645879e+00 3.148750236381234657e+01
3.423038709998190932e+00 -6.962097398658449343e+00 3.326023111711671731e+01
1.370086352356963033e+01 2.433090563957760111e+01 1.689486852178108478e+01
-1.902811951246795985e+01 -8.816208395549622878e+00 4.970915582141395106e+01
-1.296185972167261369e+01 8.277333266744310691e+00 4.711466275731871889e+01
-1.621880864409049394e+01 5.556187759183504937e+00 5.144917130979823128e+01
6.675502512048632653e+00 1.347641744930811747e+01 -3.611222819879936097e+00
2.833037959385701132e+00 1.283116413530242461e+01 3.292861085698923063e+01
1.249125048386692427e+01 -8.958109778158117820e+00 4.675524044779045596e+01
1.301157458796044608e+01 2.655058552025750274e+01 1.039165158709660197e+01
1.648402097579024073e+01 2.064028331585370069e+01 3.389649073783689204e+01
1.328415993814259366e+01 2.422092625083482176e+01 1.725592764417340419e+01
1.659163498951296134e+01 2.428902107439422409e+01 3.013911923748118227e+01
2.196839576213523770e+00 4.090097770348737782e+00 -5.315118384976514676e+00
2.628613071283731895e+00 5.426147887258528257e+00 3.904149197622156731e+00
-7.164473760566299809e+00 -1.913528793057342803e+00 -6.170554178203519591e+00
8.265434607334295691e+00 -1.217878965668360891e+01 4.217661550695240891e+01
-1.704313525467157575e+01 1.943987041773890923e+00 5.131844900000280774e+01
-5.602301668679183777e+00 -1.320306593176998433e+01 -2.429298290853444175e+00
-9.772006294583373887e+00 -1.615561006337349070e+01 1.805170070050599307e+01
7.004585117783435066e-02 1.501167521985492748e+01 3.563267636202770916e+01
7.461812566801977020e+00 1.196698160303815506e+01 3.316615302673659471e+01
1.272152655532922871e+01 2.572370669860382719e+01 1.227636798148611064e+01
7.844202767421535327e+00 9.531931264678123128e+00 2.476127454271979644e+01
-5.960024423642971136e+00 -8.587510701937619118e+00 2.706312317932002287e+01
6.613576810361880831e-01 -5.317211928448939418e+00 -6.567178092724736516e+00
1.145833153044608643e+01 2.013719790062855353e+01 1.270797710112438317e+01
1.725058385471485067e+01 -1.741701898252472347e-01 5.099567798329085377e+01
-1.512840621297748989e+01 -6.169036819780447267e+00 4.323478769905227637e+01
-1.171760032464762169e+01 -1.846348097259349075e+01 2.156829763996031346e+01
1.156389842937864287e+01 1.322600637599336437e+01 2.898663081011858367e+01
1.614236806268487001e+01 2.107999791121547872e+01 3.240153684108273779e+01
2.342631187099549539e+00 -1.266320342616723593e+01 3.604556777774004672e+01
2.617493446410783964e+00 3.608688734325734337e+00 1.697764348412708202e+01
-5.792820371380417832e+00 -1.320610881830807593e+01 1.392606841232032933e+00
-1.641224921013141369e+01 -2.500384865863081885e+01 2.829806601321633863e+01
1.043337414245121231e+01 2.239250633177336169e+01 2.561772948669428285e+00
1.177170275206839456e+01 2.144784351799665956e+01 1.579057875855493087e+01
-4.527973450644454445e+00 -1.297332416274465317e+01 3.281393423581938862e+01
-1.809746733691343579e+01 -1.486667926660043548e+01 4.324102583862677562e+01
4.915052538673798210e+00 9.318848727144208866e+00 -4.896852657158563105e+00
1.783650270227247958e+01 2.001113553376629284e+01 3.828420547216808245e+01
-5.705969333298625656e+00 1.289732588746136166e+01 3.941327592294422288e+01
-5.954588955438662623e+00 5.713661816109546265e+00 2.081397556260768056e+00
1.359298968096371851e+00 2.760747299212683803e+00 4.672439394703038040e+00
8.561267682992749428e+00 1.701316706799709877e+01 1.357779772709829302e+00
1.911664398477690430e+00 1.120325325721661081e+01 3.194607803723955541e+01
9.513828945089914058e+00 -1.926213698032013699e+00 3.838689574375095503e+01
4.563089852484839781e+00 7.597339588007688604e+00 3.431067763633432577e+00
6.733949305487476167e+00 -1.328863332588129609e+01 4.080367172015720456e+01
-5.817310439642613851e+00 -1.179895251566795800e+01 6.000151585505211216e+00
-1.088665857978043938e-01 -1.885494933704141562e+00 7.741346210484416623e+00
2.173620436915939180e+01 1.310862977077377955e+01 5.307995833941575370e+01
-1.169748721907838096e+01 2.338739765783374835e+00 4.220010301895322158e+01
4.255824540715336113e+00 8.261497705214789988e+00 -3.601359935525585421e+00
6.869223049454889818e+00 9.287527789389775634e+00 2.221622404731317602e+01
7.140984304392389959e+00 -1.148606006892399911e+01 4.045025897757516020e+01
-7.048809198454134339e+00 -1.143521892740444201e+01 3.223674693526360358e+01
1.914935732485780662e+01 2.406434655054189520e+00 5.340745359940255810e+01
7.986210123259273708e+00 1.010962418550009190e+01 5.312298985709139387e+00
-1.246824708440450991e+01 -2.269730971585866897e+01 1.650277383323659208e+01
-2.108747084721478426e+00 -2.559215142305807156e+00 1.234435658138463898e+00
7.158248179340201744e+00 -1.972286238583230045e+00 1.655910823947966293e+00
1.483266084541393681e+01 2.446935136416879075e+01 2.385023353759875064e+01
1.199741410997889446e+01 2.233693201014484586e+01 1.525402927803134645e+01
5.073953367825306593e+00 2.982836934835366716e+00 -7.261235884994226453e+00
-1.033167526398162117e+01 -7.150731787763099589e+00 3.272631236047298842e+01
-1.634198975512588703e+01 -2.612050373528497360e+01 2.688714028845095783e+01
7.259606872700004487e+00 7.312974972745614366e+00 2.634589927432378076e+00
-1.642677659343344843e+01 -1.055224040181754752e+00 4.881268791790994754e+01
-9.660803896756949172e+00 1.106900538960567815e+01 4.346218583613777042e+01
-2.013858519745896025e+00 -6.644894807099833933e+00 2.710274132006818348e+01
5.669123561755746721e+00 -6.911626135447930253e+00 -6.966531863524661361e+00
-6.217359441461876912e+00 -1.445448584862213437e+01 6.036404536204022619e+00
1.094378799566838900e+01 1.970366925443160255e+01 1.558938549495495707e+01
1.134505158387867141e+00 9.845705774662476983e+00 -9.959611328030941735e-01
1.716302207022234327e+01 1.326643391559462515e+01 4.248058534483990201e+01
-1.479859997900872770e+01 -2.072368979344111750e+01 2.874373005551272797e+01
1.817420674040697648e+01 1.118715462327247323e+01 4.628324826091037636e+01
8.706833961582441717e+00 8.774357243158082298e+00 3.301487785708872025e+01
-9.686703886605677383e+00 3.912458683279761207e+00 3.982205385625138661e+01
9.803808918022252072e+00 1.893625043261208774e+01 8.773391460088340921e+00
-1.711368016165338801e+01 -2.096847510665525860e+01 3.532729300334213463e+01
6.442661457862458363e+00 1.771490390334384379e+00 -4.287090793005869926e+00
3.089382504929837125e+00 4.944179955737263654e+00 1.457133583940122357e+01
1.330425658245682108e+01 2.293538308598161279e+01 1.726330029459500537e+01
-1.032773313644400304e+01 -1.797278259003101297e+01 1.385462093366828817e+01
-1.788863932977236360e+01 -1.953135398003134426e+01 3.888251034534803807e+01
-1.386849027018791780e+01 7.046498181083676648e+00 4.805730578489946936e+01
2.786578258919048423e+00 1.077648689576378871e+01 -5.468553616642726212e-01
1.796116216797836884e+01 3.003562132616443847e+01 2.688909149050962810e+01
1.229057046587066893e+01 2.200731863255223786e+01 1.710027395374222792e+01
-6.362300866086259887e+00 -6.012690045298998420e+00 -5.283116062016198988e+00
6.124098180206701159e+00 1.246864462011884989e+01 5.916435647790245334e+00
-4.232413961742581776e+00 -1.039392182223053673e+01 -3.752233377352963473e+00
-8.076403464748752370e+00 -1.504280436238703800e+01 -1.799002595358767831e+00
9.898819921993863957e+00 1.867227073291773465e+01 1.247606737178888636e+01
8.501848651696379378e+00 1.428137563544881772e+01 5.568289243326549176e+00
-3.637308821246215018e+00 -1.287714613712189937e+01 3.282057151318510790e+01
2.737525796367675568e+00 1.452298004636078765e+01 3.420300679072579442e+01
5.231657238656894471e+00 1.099971584273069070e+01 -2.527209362480597576e+00
2.068782022496337802e+01 2.887630219620836769e+01 3.751165304754668028e+01
-7.310297219301193916e-01 -1.468301010294466913e+00 5.262260579195798371e+00
-1.272846475430389113e+01 -1.849343375876336282e+01 2.517610534638776443e+01
-1.392234987378948574e+01 -2.073516889443449784e+01 2.584370970371928422e+01
-7.801258748106107532e+00 -5.456615283499679947e+00 -2.594049588610747747e+00
-1.212828834340977657e+01 2.815523614927903928e-01 4.172317124493277163e+01
-6.245035054560954535e+00 -4.486075949255203810e-01 3.121476697212726847e+01
-1.571046832345860800e+01 -2.676286801194408937e+01 2.309354670076488247e+01
-7.800813910567987897e+00 -9.936567548615052203e+00 -1.294761331614838307e+00
1.287914426868942996e+01 2.570860906567009607e+01 9.973631505478262937e+00
-1.944281615086096693e+01 -1.805505360841428342e+01 4.415162676100393213e+01
-2.159661345308793390e+00 -6.640792720992982012e+00 -5.315945305202121496e+00
-1.567569453915875100e+00 -9.757687398080323149e+00 3.960579449172267008e+00
1.993864662081505257e+00 -5.337443685735303589e+00 3.028962515691882018e+01
-8.583096343973659614e+00 3.562510944176388250e+00 -6.284405671869938814e+00
1.282953522820349690e+01 2.303224163253944923e+01 1.836293535791934062e+01
-7.765371785191215181e+00 -1.059161226643837139e+01 3.215642946838823235e+01
-3.127796485370657464e+00 -1.068305317671594068e+01 4.225520942365667665e+00
7.085064070139583947e+00 7.609976475053018774e+00 4.470785032171938345e-01
1.103920007559981720e+01 -9.043820729490466448e+00 4.459006074333903769e+01
-1.467378011807226379e+01 -2.929339924324226629e+01 1.396829521161369847e+01
1.665003504887245001e+01 -2.910301815571026296e+00 5.113872594795419957e+01
-2.194557974712969184e+01 -2.682241619170170210e+01 4.301728339511191024e+01
1.857486729960741378e+00 1.564757328643526124e+00 -6.149946628960603512e+00
-1.877117417557501966e+01 -3.392746365838267764e+01 2.359510646500361020e+01
1.012071446886582038e+01 1.902173939028266858e+01 6.656651357636556021e+00
-2.029969977738489106e+01 -7.319997640108729442e+00 5.313862558623314669e+01
6.240669637282274529e+00 9.232611969816700181e+00 -2.553592111916929586e+00
1.422817024866708557e+01 2.534017296996293922e+01 1.859915848191204901e+01
-1.218377368766063640e+01 -2.127563968470063571e+01 1.811062122481390446e+01
8.903253490650506308e+00 1.639032951105927793e+01 1.291488086519810707e+01
4.225891880181768201e+00 -8.212914592084292309e+00 3.512422857887239047e+01
