-1.681230332523147553e+01
1.271337385600000047e+01
-1.997533319198616653e+01
4.170468318514830131e+00
-4.235086970803634188e+01
-8.351357443350028120e+01
1.236655393831630079e+02
2.341692040044690515e+01
-1.412747054338166919e+01
2.541383596051549176e+01
-2.805491293444646317e-01
-2.273885844965654002e+01
5.127546140513906892e+00
7.550965556324629802e+01
-2.218808313251795283e+01
-3.451054657504992207e+01
2.276802956940288425e+01
1.090510818916635216e+01
-1.875412510393757337e+00
5.142843767464337468e+00
8.002592779096360687e+01
2.579514132605928012e+02
1.046027765822044842e+02
-3.134377307031458315e+01
-1.219184513634363753e+01
-6.956224174490924383e+01
-1.400199783694307065e+01
1.153778178071080696e+01
-1.534014170896309714e+01
-2.034019345153805602e+01
1.449434893455821225e+02
-1.162293891023428749e+01
-3.523672523209953056e+01
1.429067522530963004e+02
7.207976153617795489e+01
1.201896361770698363e+01
-8.260299398271104820e+00
-6.024857381053751126e+00
3.793780140420004443e+01
4.371695222133174852e+00
-3.264740617876626771e+01
-5.130986513790945480e+01
6.321315123262002800e+01
-4.045313872212810224e+01
-2.369880232442295842e+00
-2.550203037826443619e+02
5.021461046538642847e+01
1.408230718007038895e+01
3.877177068523613457e+01
-7.919841265618283721e+00
3.059677191906245497e+01
-4.590211722994598453e+00
2.892767236754097127e+01
6.601264675102062718e+00
-3.652330566606990203e+01
1.038866125249312233e+01
6.165729360534563597e+01
-4.764176707347217388e+01
3.268811907671757666e+01
4.168933621102020481e+01
-3.086377385980551935e+01
2.702094863034646366e+01
6.124150034324919289e+01
-6.608799200670469531e+01
-1.335522246288421044e+01
-4.928404058942263077e+00
-4.108678115105841755e+01
2.206469777800864662e+01
3.789253314784455995e+01
-7.401272108490273283e-01
-1.887480532112275711e+01
1.146341263338616585e+02
1.059778616108490823e+01
5.163221703056137812e+01
-1.617826438334245154e+01
-4.225457455004114848e+00
-4.259059244219562146e+01
1.113810768332588879e+02
-8.929525253285072495e+01
5.716839958676042954e+01
-3.012263150104566023e-02
6.426076891230815136e+01
6.562749646862615194e+00
-2.089798184901560489e+02
-5.241124243351715961e+01
1.040743442178157210e+02
9.531461317574390080e+01
1.107235188811778812e+02
-3.053264019580863575e+01
-3.744846089014242096e+01
8.207896749939874326e+01
3.316060777328934250e+01
-7.716097569734237993e+01
1.290760063261712887e+00
-1.133547518332906634e+02
-6.778820858597356391e-01
8.886995422340596917e+01
-1.863055888174748986e+01
1.329771457835804682e+01
-3.103446986961539551e+02
1.975336827087429015e+01
-4.613820096053226649e+01
5.648000576266405837e+00
-5.684681213751405693e+01
-3.501636031185344677e+01
2.428093475464138606e+01
-5.727766932830476776e+01
-8.018844356823395003e+01
-3.303729635550928379e+01
-1.013910755303915323e+02
4.506802354005679412e+00
8.553191663168158243e+01
-8.153539924067489153e+01
-1.420196527792911034e+01
-2.976101019057217911e+01
2.765696637133817859e+01
-2.445298973859183533e+01
-2.173370124643849621e+01
-3.383592310188850316e+00
-1.281921024116302874e+02
3.394039461497331445e+01
1.406252816133427785e+00
-6.997480185868624858e+01
-6.076562125127840375e+01
1.096421257453510023e+01
-4.108738734372671075e+01
2.204784178591539145e+01
4.077758216959684034e+01
-1.511212040671004786e+02
-4.236447290371893715e+00
-1.808892576380071660e+01
-1.528384502230130408e+02
-1.718741384179340344e+02
9.504964416043234721e+00
-2.940926088749877820e+01
-2.188541043135299446e+01
2.244864492712927984e+01
2.203395864441561969e+01
5.205972364513297634e+01
1.065723568686491651e+00
5.002976220829459253e-01
3.795070147132233984e+01
1.390089793919517369e+01
-9.973735253437156700e+01
1.965951831605931659e+02
-1.619960530729339609e+01
2.774858600787685958e+01
5.233240708419082665e+01
-1.927351461309990688e+00
2.008267332746988529e+02
2.192174052814874585e+01
5.539526152817632720e+00
1.335390246761155453e+01
-7.146002924857984340e+01
4.069721966051132966e+01
4.155536149348689534e+00
-2.514403078146471771e+01
2.208656276329841717e+01
-7.629661704491496721e+01
1.848631686428807086e+01
8.737480082951393001e+01
-8.352668747570579200e+00
-9.262794619165596544e+01
8.763428556661770230e+00
2.747837865989593524e+02
-2.638624252246588142e+01
2.609477080861371867e+00
-1.028939704941457904e+02
-3.455303777552987299e+01
-3.772246279261224089e+01
-7.762247797581752984e+00
9.114779118984591832e+01
6.629667542677945846e+01
-1.727836954815725079e+01
1.496185453507800922e+01
-3.689545957075566207e+01
2.110792617944231608e+01
-5.829895215148638954e+00
2.362686246906776688e+01
-1.543003864117579482e+01
-5.743442933373152215e+01
6.232313716813243332e+01
-1.810409847787162363e+01
2.041123613451893704e+01
1.777993018234682765e+01
-1.116346432263635080e+01
-2.757914414750095133e+00
-1.392021114951868128e+02
1.319848349231468987e+01
-3.080303942685839047e+01
-1.111011874284795766e+02
-1.793378758152745434e+02
2.974098878682807978e+01
4.304613780108232923e+00
-2.415523937606348071e+01
-1.951415969887984048e+01
4.140570308006319422e+00
6.681410716966615837e+01
-5.022057764110580536e+01
4.516373023349301974e+01
-5.337824694501485112e+01
-2.511760461145231602e+02
5.080593825103525063e+01
-4.139396220262987924e+00
1.002029032043436558e+02
7.883375067722973029e-01
1.886305497375844098e+01
1.833451936883625137e+02
7.855551076232924856e+01
-8.658208767615482415e+00
-1.151908037831027372e+02
2.735442512094813239e+01
1.021713135167737008e+01
-1.458229555339877237e+01
-2.024572336111242876e+01
1.637275336470184328e+01
-6.161548027224376511e+01
-3.952955021336349262e+01
-1.058729239945748901e+01
5.850299018846253318e+01
-7.282820098641479944e+00
-9.668310753286178283e+00
-4.989516657135840916e+00
2.562251965348593217e+02
-2.491461008792124954e+00
-9.108201833358064903e+01
3.262455796630032978e+01
8.603279704497415992e+01
9.580105694355614787e+01
1.805186814338115369e+02
-2.994949438693519710e+02
1.340138271387037889e+02
-7.645251992789312112e+01
-2.373856034406346893e+01
-1.687484352154042000e+01
6.213381297271624248e+00
-8.194040961954445379e+01
7.009526041211584868e+01
9.232852496025250844e+01
3.382695679898793628e+01
1.332024106716039213e+01
-1.078670846862696777e+02
2.914928696892096838e+01
4.185314218423573607e+01
1.326369000559616325e+02
-1.275315411039507474e+01
-1.041379603589874492e+01
-6.552138889614575135e+01
1.330181208267322290e+02
1.672840707808653704e+01
-1.994094210895908930e+02
-6.588191075023674159e+01
-1.873057274864089550e+01
1.610459110494828749e+01
-3.800354553502497623e+00
-3.419045754756260269e+00
1.158208985280774783e+02
-3.456563390386715007e+00
1.554956946860124560e+02
-1.350403661715847363e+02
2.467189440721546112e-01
-6.956634075053992206e+01
3.866575698125133442e+01
3.675907540629700065e+01
-9.104539769334907362e+01
4.751645022435669219e+00
2.241575537797958191e+02
5.575641039986093617e+00
5.401966231119533859e+02
-1.184381559427137915e+02
1.031547614316642836e+01
1.474751151774883624e+02
-2.587851026879473011e+02
-2.321068708845366473e+02
-6.746158697506902513e+01
-1.954514224955686643e+02
7.908284507555578102e+01
-1.854009779940508338e+02
-3.526358754321657329e+01
2.460988753902035171e+02
1.968418368037747541e+02
8.343659988867416999e+00
-1.099967472710700491e+02
5.394926589296408004e+00
-4.119132232875833211e+01
9.198805118600155595e+01
4.091704843998255825e+01
6.156431562109698774e+01
-1.182894530056223630e+02
-2.362218442827512632e+01
1.653774879176094146e+02
-5.255706139175486236e+00
4.176390501061931104e+01
-1.160897428101355615e+02
2.014438828040733256e+02
-1.329223325455024565e+02
7.314198840707878446e+01
-3.868013438502991619e+01
4.691604655300016447e+01
1.782739443712361549e+02
7.877694832006540082e+01
-5.939084040632320693e+01
6.035749521848756682e-01
1.956993521144796944e+02
1.861842581803961139e+02
3.086697216714646785e+01
-1.627017953231913339e+02
3.425026598147019286e+01
9.431820785278453911e+01
-1.381813677132274734e+02
-1.595892344435582686e+02
-4.558992303524536993e+01
-1.227767120493953001e+02
-1.362368648397849924e+01
4.274995295547402918e+01
4.335947625506469905e+01
-2.023604425514722607e+02
-5.748942678874389856e+01
-7.089742917742077566e+01
2.697807171155622541e+01
-4.326906753588137633e+01
-6.566728982850737140e+00
-1.054741937837154637e+02
-4.628010609640779194e+02
1.930006818534757258e+02
-2.327187443777800695e+02
5.772417698648455797e+01
6.649084191955927281e+01
9.354891326652479222e+01
1.010341938274594398e+01
-2.406328396661300530e+02
-3.467927909401429076e+01
2.982958496627370550e+02
-2.408150176801308717e+00
1.710386481158069216e+02
1.333891846409967457e+02
-6.560566596198771094e+01
-8.525090515812026482e+00
-1.740941428176462225e+01
1.585785685872277639e+01
-1.816078203748263320e+02
2.065263455128201997e+01
1.196844174955385682e+02
2.400664373416765045e+02
-1.843190705522595962e+01
-9.898281675150103709e+00
-3.885488321358619856e+01
1.422599300294464264e+01
-1.131015499209627073e+01
2.290951765049412074e+02
2.185124747883465801e+01
6.198820934646302305e+01
1.451187767723206790e+01
1.406632159500594810e+02
-1.257407082676712662e+02
5.934684619445591380e+01
-1.357887036881889458e+02
-1.176327333238086936e+01
-2.801312778166421324e+00
-8.511616924885046842e+01
-1.660325042608421597e+02
1.505100949039862002e+01
9.853673535405118855e+01
-1.714301997180037418e+01
1.151630829090901500e+02
-3.196987217043083547e+02
-2.154262279624578866e+02
2.202099239067956571e+00
-3.150163247589222237e+02
1.809878215416033598e+01
-2.607478947496918664e+01
-2.739441909060954217e+01
4.255187632100087285e+02
1.158845281602856829e+02
-6.293864493587816966e+00
9.531916572016814371e+01
-1.009186976657718731e+02
4.726358233757673588e+01
1.265510935659639102e+02
2.371142312181932610e+01
1.403277561631536940e+01
-5.199757500154337464e+00
7.653465038655942188e+00
4.034823469809182939e+01
1.486223749630361226e+02
5.912244981824954237e+01
-3.855731596525335902e+01
-8.082272946050285611e+01
-2.742302051777794603e+01
-1.878453161397698423e+01
-1.865293235178634461e+02
2.297308955517647178e+02
-2.501619944040532673e+01
3.620518186116581383e+00
1.341953569589627762e+02
1.094755314172479785e+02
-2.391020456625347776e+02
6.822834414757031141e+01
9.633510726513105915e-01
-7.866072252459231606e+01
1.310342533240417051e+00
-5.532985035054991840e+01
-3.558126713645164330e+01
2.247515313560274119e+00
1.400295360244367373e+02
-4.386682384349688135e+01
-3.824129230997362239e+00
1.001196828404460177e+02
-5.862433065989849013e+01
-2.865828663805364727e+02
-2.836390205253329810e+01
1.298674024461402965e+01
-7.963964510490089310e+01
1.394911067250672829e+02
-1.015723348532576580e+02
1.758536137091243745e+02
1.453071913610332331e+02
-8.471125096614744621e+01
-7.349651358237784393e+01
-9.712549053315837622e-01
1.060023097348629051e+01
5.566021597154093570e+01
1.823774041054459474e+02
-7.788822629663200381e+00
-2.337186466057574563e+01
-1.451810921256957698e+01
6.183464418734332213e+01
8.353736953596191839e+00
-1.570910876518755117e+02
-4.227732728084019698e+01
2.541277194278859497e+01
-2.314805686805762619e+01
-1.985134045282972863e+02
1.838525241365580314e+02
-3.170109819379602101e+01
2.277110305434997031e+02
2.339178390026916361e+02
1.550444057705946648e+02
5.223520558352134913e+01
9.228301960611224430e+00
-5.607408270105744919e+01
-5.277728845865878782e+01
4.687690401120686090e+01
-1.496933805146127270e+02
-1.350247485678384152e-01
-2.372216902332621089e+02
1.495589392665575303e+02
2.212054250728028535e+02
8.915777404410029305e+01
4.885700579008570799e+00
-4.763454390264293892e+01
4.410168908056623849e+01
-3.089146970702374801e+02
6.549564597534762811e+01
1.490356823651638329e+01
1.345219095628153525e+02
5.527032839012331067e+01
7.486877707264075354e+01
-3.023912558534853900e+01
1.735140066698088646e+01
1.927390689390795444e+02
-5.620916060145081872e+01
1.228467550767018679e+01
-4.959194392616715845e+02
1.757117956862639403e+02
-8.072071880979299507e+00
-4.416772934317067012e+01
-1.330648879713097017e+02
-1.672862779514115914e+02
6.679516150135592056e+01
-3.592060489964196357e+00
1.662526309555296109e+02
-8.113266188607602203e+01
5.346323475893144206e+01
1.423227141217125222e+02
1.130427596689777801e+02
1.498461604453630684e+02
-1.632988793926708837e+01
1.374180302290099043e+01
-1.286770068109700844e+02
3.258367532255087795e+00
5.142220873959440723e+02
2.210706102483547113e+02
1.967831981018589715e+01
2.741523588411747259e-01
1.346307763149783341e+02
-1.492544416646323384e+02
2.748440242381818166e+01
-2.622476435004419670e+01
-5.754771273753405580e+01
7.078035105483058587e+00
-5.795441490398714279e+01
6.097468423981548824e+01
2.323415214641723026e+02
-1.064310079500158821e+02
-5.572817338571467616e+01
-1.778120613501172613e+02
-2.087145934174248794e+02
-2.873645222773633989e+01
-4.049701519758813220e+02
-4.577686809940586521e-01
-4.443496758536828395e+01
6.531547923190412774e-01
-1.604014804544753048e+01
-1.345632196053977907e+02
-1.777185549305472279e+01
1.492377971542482840e+02
-3.061519324922646774e+02
-1.068664190877122451e+02
1.024454607497258252e+01
-1.181865103046287828e+02
2.239694816897972984e+01
-5.060989265965812223e+01
-1.272937682732047335e+02
3.064277423016954458e+02
-4.289717225179371951e+01
7.836235932662350478e+01
8.194653430119232951e+01
3.068077089463417906e+01
3.245900530817612406e+01
1.317728842174102226e+02
6.416917436416751386e+00
-4.212232798334442236e+02
3.633956980064006359e+01
-3.689038044878749929e+02
2.607511313914952780e+02
-1.692638026092083976e+02
1.199329551652981252e+02
6.835775016929639847e+00
-4.826066140094066270e+01
-3.730597371815227348e+01
-3.451681999234626801e+02
-6.549373371429399526e+01
-9.600030214547908258e+01
1.234946795025147281e+02
4.012027521812608022e+00
3.011011686174238662e+02
-1.417282636426966747e+02
-2.210358691608036885e+00
-3.134337378394135953e+02
7.822595308139219128e+01
-2.990203386728177861e+02
-1.485809269017801171e+01
-5.426564982368437029e+01
-2.176607016788589135e+02
-5.680725468149670832e+00
5.484152280622429743e+01
1.893645383378449196e+02
-1.536353066320530445e+02
4.827855392940188040e+01
3.461344800444715375e+00
2.187104726166461433e+02
-3.094941989812037519e+01
-1.073667080629497548e+02
2.485285474339693508e+02
1.318549769748517342e+00
1.682980310765756542e+02
-8.011863676593367956e+00
6.796510650225388872e+01
-3.255030996982438296e+01
2.051302099838704862e+02
-1.415719501644490492e+02
1.086820585027982844e+02
-2.946831936327710082e+02
-6.609342980997691086e+01
-6.318695596130083914e-01
-2.606040880589406470e+02
-1.634343547524773044e+01
2.036800612243220314e+02
-1.303649049695265774e+02
-1.311581512329746317e+02
-8.352013870414019436e+00
-8.161245352651748419e+01
-2.268376063840069179e+00
-5.278607161113951562e+00
4.968103371354427367e+01
-2.099626502934455345e+02
-2.392565225083347116e+02
-1.447432841265086836e+02
-2.939435428426994790e+01
-1.427036292444860237e+02
1.320025549660523154e+02
1.343261168427914356e+02
1.090396685344678360e+02
1.232486431630697439e+02
-9.452717910056163575e+00
-2.169239981486627755e+02
-9.069689918864655453e+01
-2.257399805232111873e+02
-2.251717067686055884e+01
-4.991348057904235702e+02
-3.578430938879009204e+01
-6.396104050791453233e+01
1.859676557013308127e+02
-2.126955511639875454e+02
-2.383008718838693767e+02
-2.177248261265713580e+01
2.832581489160646271e+01
2.697112314788390108e+02
-9.747775024922376019e+01
3.723589498424347966e+01
-7.821768163482384573e+00
1.091485672101862008e+02
2.324679377753566030e+02
1.225698575834328778e+02
1.604378007079140502e+02
-2.415487098414860441e+02
-2.846586824735838945e+02
1.433680572433712257e+02
-8.266306448411664576e+01
1.472575082013858605e+01
3.206016619599471085e+01
-2.761574708983902671e+00
-2.105850995983929579e+02
-1.824541704176652672e+02
-2.711988672286176438e+01
-2.650626575769153987e+02
2.094403299516161212e+02
-2.006705569728620446e+02
-4.692680891025818823e+01
1.709992117770809728e+01
-2.105137795183187421e+01
-4.573051316279485690e+01
1.302842182626641829e+02
-9.899790166458753049e+01
8.615425250073396768e+00
1.173040722811085068e+00
1.627592532447319940e+00
-2.177805668673171908e+02
-1.022126955193927245e+02
1.131287542248069826e+02
-3.247164304778822270e+02
8.930068703049709455e-02
-2.481862338255930354e+02
-2.388946544413959714e+02
1.583799702792432811e+02
1.395742730993708278e+02
-5.323967000995858712e+01
2.040285874403523181e+01
-1.675417354660910974e+02
4.066272339036289623e+02
-1.315956724600848382e+01
5.348226366339386573e+01
2.249739312204731689e+01
1.435887876700361971e+02
-7.429755229408947059e+01
5.054447571133395627e+02
1.869480155880892767e+02
-3.072065334396327216e+02
-1.112113751008201916e+02
2.987959734265418277e+00
1.835831402177645089e+02
4.991954555414293964e+02
8.750300561421181555e+01
-8.767156552842857309e+01
-9.831933008562498344e+01
-2.866503245061293015e+01
-4.986966364539945573e+01
2.026946056168417272e+02
-9.866583572453597739e+00
3.678810475396339825e+02
1.077685787813957603e+02
-9.027467716043651080e+01
-1.572979867616959950e+02
8.435116821718771973e+00
1.485857396398541255e+02
5.552663078073802438e+00
-1.807760620062358896e+02
3.773270541518846954e+01
1.278189851547968203e+02
4.219006198802038057e+02
2.394842440207007712e+02
3.747614345769308670e+02
-1.138765810538133678e+02
1.975443798937294559e+02
1.671619311523563454e+02
-6.560044265276299313e+01
1.669007076489971837e+02
-2.679410578019340505e+01
-2.253182965403449316e+02
2.138480124895396628e+00
-1.038901875570733040e+02
1.185050493109421552e+02
3.959419551883120647e+01
-5.978050666172728711e+01
6.909787278400644084e+01
-2.429005100006909004e+02
-1.049970987693528599e+02
3.954754931944351029e+02
-1.572710426598148956e+02
2.711304336539964766e+01
-1.554631253239809396e+01
3.805699397756911395e+01
-5.051584717996335172e+01
1.743048955711455505e+02
-1.420406527840858857e+00
7.592807015479968946e+00
2.817848067181829208e+01
1.550838702458614762e+02
-3.965147011569537199e+02
-6.184594567889813987e+00
2.409947886781903890e+02
2.556485845492396436e+01
-1.409257403011309577e+02
2.989578234860769257e+01
2.430140340153819807e+02
1.222778341110845872e+02
2.296901412947641496e+00
3.477069057568324695e+01
2.906906465622022324e+02
-4.578090752144880753e+02
1.523709104398008662e+02
-2.733841629424769053e+02
-2.034453942288177188e+02
1.304258517648808322e+02
-1.086573045293253159e+01
-2.376374954731224705e+02
-2.992420565773230479e+01
-1.297669523919372523e+02
5.222647652133393592e+01
-1.600482856680047234e+02
2.518765008126200655e+02
-1.874683015462219160e+01
1.045129057861442590e+02
-7.293064296176095240e+01
-3.199955372201719328e-01
-5.582517298063179396e+02
1.637667838080182605e+02
1.008737453918062812e+02
-1.829713216139810328e+01
-4.889428423447583896e+02
1.803958278805212956e+01
1.710791233283092652e+02
-2.953186739272643280e+01
-1.752863065616817551e+01
-5.388259063451986464e+01
1.905498146194336186e+02
3.708272716030212734e+01
1.759310296375136318e+02
7.603909928880995039e+01
7.934161730258175282e+00
3.429405987765400141e+02
1.383081397885341914e+02
2.051412157958386899e+02
-1.221010817766590151e+02
2.305036170291673869e+01
-1.822688750543180092e+01
-3.434706884032439689e+02
1.106042763537321747e+02
1.695577458342966111e+02
2.062433050482704004e+02
1.199084246435149907e+02
-1.281169175208843285e+02
2.711180519429784681e+02
6.877155961555652652e+01
-6.025382798756663938e+00
-1.852066779205291880e+01
-2.057445081021161570e+02
-7.862520260253798909e+00
9.086740144131479724e+01
-1.239946740405869718e+02
-1.716022693081210946e+02
2.517008641389541310e+02
-2.256259634448255724e+02
-3.091939630712360554e+00
6.136160739106612638e+00
1.349963428349090009e+02
1.764296342164185205e+02
3.041105342547830759e+01
-1.349604841029121260e+01
-3.150387115101651858e+01
-4.843547236579973401e+02
-2.332154817096419777e+02
-2.864158106119288050e+01
-5.031981112621819818e+01
-2.185864141538151841e+02
-4.430356415261195480e+02
1.540382746884945107e+02
1.936425790060297629e+02
-7.382503096162677991e+01
3.320881632599397335e+02
-6.531036653707401740e+01
-2.792577394723477369e+01
-1.428358448019079674e+02
-2.978288679217130834e+02
1.006068186895086853e+02
-2.147991988708450037e+02
-3.840253867597894555e+02
4.286783238739766944e+01
-3.530558410456806655e+02
-1.766047515032400099e+02
-3.823502962041208093e+02
3.563854065243766058e+02
-4.875756011189891126e+01
2.246044808299269846e+01
3.111458504354330898e+02
5.176265498567278200e+02
-1.260931526527869408e+02
1.814422626329304933e+02
-4.035569839467968478e+01
-9.785578251312934128e+01
-4.445930645423893566e+02
-1.361043933549898384e+02
5.012111984403590270e+01
-6.958235907013366273e+01
