-8.052524 0.564445 35.074679
8.471361 4.336748 31.635653
3.837921 5.025770 18.752316
-3.044527 -6.636733 25.766122
7.731257 1.224641 33.095117
-12.557299 -12.739828 32.114643
-2.508856 -4.421184 11.508755
0.162831 -0.097985 16.378444
-6.506724 -6.686357 24.364170
11.775569 19.928065 19.008142
6.158961 7.479457 21.970795
-5.914920 -0.816381 30.286974
-6.907160 -7.480652 24.236505
-6.133928 -7.381940 22.072018
9.955974 14.358092 22.491443
-4.990071 -9.779337 29.512854
4.251583 -1.495040 29.778512
0.554185 1.393992 18.003549
-5.221490 -7.621361 18.007118
20.889462 12.932875 51.274985
8.578947 10.925644 23.670249
-9.793564 -11.242683 26.758437
7.434375 7.902259 25.053030
1.960749 -4.104461 29.026488
-11.642930 -15.018620 26.831219
-10.079684 -1.008233 37.333902
-3.201428 4.774402 31.314220
-11.966315 -11.698525 31.790406
11.096714 3.049562 37.670036
-6.654829 -2.643202 29.797067
10.838392 9.061711 31.929093
9.198667 9.347504 27.694019
9.774547 12.700960 24.562178
2.995847 4.862189 14.173845
-15.014321 -10.477800 39.857858
-0.109832 -2.148877 22.536812
13.792233 16.187380 31.450116
9.050006 9.442235 27.189563
-7.044270 -11.155721 17.304391
-1.213646 -1.385440 17.069000
-8.586358 -4.421878 31.780613
-3.934783 -3.101668 23.231930
10.173170 3.514255 35.606626
-10.885949 -7.546236 33.524903
8.965317 11.057238 24.647886
-6.747555 -11.108118 15.894484
10.252287 6.816118 32.879955
-7.640546 -9.550117 23.022781
3.784852 6.175683 14.435554
9.099615 5.034482 32.215184
-10.618326 -18.433163 16.891857
8.978724 9.532919 26.882914
-15.307964 -21.140742 29.797903
-12.591391 -16.406296 27.754675
-8.276137 -8.537753 26.390787
-6.682398 -9.346414 29.036209
-8.335781 -12.427540 20.014614
-2.125713 -4.079454 7.825759
1.775486 2.314057 16.805367
8.995529 5.160653 31.884564
4.913795 0.409369 28.929472
8.169853 10.651539 22.820639
14.394072 16.545186 32.668367
16.404297 20.627871 33.681902
-10.241572 -13.971512 24.027652
-3.588867 0.740130 27.867736
-9.736215 -12.765861 24.524945
-5.115107 -8.122509 16.686427
-13.247206 -9.400897 36.911525
11.994477 7.038782 36.278623
-8.446619 -11.120712 22.913741
-3.696418 -6.658561 11.215984
11.182913 18.410591 19.494015
-0.108867 -1.885495 7.741346
1.270339 2.412257 8.192767
-6.730081 -9.406860 21.234884
7.267591 1.123945 32.372408
12.680327 8.214583 36.712321
-10.767811 -10.955464 29.675101
-13.067944 -13.048553 33.046607
-7.980415 -8.452668 25.727767
-12.173960 -12.271796 31.675340
-4.859615 -5.707323 21.110275
4.416007 7.393020 13.997563
-6.377479 -8.686486 22.152082
-6.669954 -9.546645 19.567813
-11.714552 -1.234382 40.043852
10.163523 4.838979 34.489436
-13.011448 -6.405083 38.835915
-7.159841 -7.771508 24.492468
-10.422156 -7.750662 32.333286
-5.133919 -6.704063 19.934132
-9.099127 -10.393535 26.020077
-2.029744 2.221045 26.981293
-8.925699 -8.212870 28.431524
11.782336 6.947895 35.921549
-3.715856 0.900173 28.268646
-5.240776 -9.793415 10.075688
-8.646068 -5.446890 30.884460
-9.198220 -5.887182 31.586109
3.870438 0.214757 27.245992
-9.172081 -3.162564 34.039015
-8.851651 -4.286807 32.433535
-7.876420 -4.689036 30.082355
-13.528942 -18.016836 28.413816
13.939513 4.073466 42.287554
9.287887 9.962226 27.123717
-2.969389 -2.836498 20.820572
-13.975067 -12.633245 35.639656
-13.513480 -10.381766 36.642150
-8.397169 -1.591471 33.952643
-5.468022 -10.184260 10.347622
8.819836 16.272712 12.750274
-10.761074 -13.368022 26.547525
