-7.212946 -9.295881 22.080704
13.178297 20.835186 23.015977
-6.058345 -11.584774 9.332269
-6.120800 -6.701609 23.433228
-10.223197 -9.924156 29.538772
-2.650031 -4.424872 14.675162
12.350104 12.658903 31.687498
-6.132082 -7.714860 21.426735
-9.882347 -10.829926 27.552160
-8.586710 -6.978658 29.096011
-2.515662 -2.068806 21.019010
11.432792 13.079759 28.816344
-9.337808 -11.401685 25.231174
8.339636 6.931801 28.586085
13.591183 8.827558 38.125105
-8.848367 -9.353485 26.781502
-6.680842 -8.394921 21.977357
10.466331 11.935192 27.670823
1.796322 -6.001773 30.665599
-9.991709 -11.657553 26.737529
-7.410843 -4.217289 29.630173
-7.876420 -4.689036 30.082355
-7.183550 -3.996920 29.404129
6.706677 11.645018 14.033253
-10.348788 -11.536969 27.874096
-8.268434 -9.262238 25.342460
4.990366 9.078620 11.223801
-8.300090 -10.829563 22.937739
-8.909589 -10.422390 25.444167
-6.358129 -2.244664 29.646508
5.466398 5.907039 22.676768
7.389958 7.715968 25.207986
7.574275 6.359255 28.940894
7.951118 12.037504 19.534797
-1.702308 -2.630281 14.440101
-4.640480 -3.554933 24.326853
-5.718543 -8.722452 17.368576
-0.350839 -4.072347 25.593654
-8.388933 -6.636939 29.050717
16.078617 9.169770 43.132235
-0.697717 -0.244252 18.676657
9.730000 9.013781 29.445534
-6.155657 -9.425527 17.584009
3.116855 5.914532 8.597525
-6.032262 -10.127207 14.789459
4.285494 7.389540 12.955694
7.692131 9.001505 24.090680
-8.703747 -13.805687 18.549046
-5.149761 -7.336258 18.441782
8.012184 5.764946 29.198006
0.924327 1.724155 16.165102
8.366974 8.115009 27.186326
-0.473903 -0.503055 15.457864
-2.841919 -2.395584 21.375644
-5.439707 -1.834489 28.334650
12.690385 12.812336 32.366111
0.160102 0.301743 8.111390
4.012302 6.905245 13.257597
5.687568 9.071272 16.169629
-11.752161 -14.954050 27.246661
-6.386589 -7.755481 22.199262
-13.612886 -15.587741 31.658555
7.411484 7.525109 25.542457
0.483144 1.218769 17.527320
-6.616314 -1.998062 30.382474
-2.784400 0.008545 25.417184
-8.632628 -13.285831 19.534717
-10.282019 -8.673248 31.073446
-5.444184 -9.574892 12.873556
4.352355 0.249124 28.094575
6.695848 9.104581 20.628819
-0.428942 0.113335 18.566505
-10.823579 -6.366632 34.470650
5.376018 10.114736 9.822148
2.523145 -0.030308 24.901948
10.002093 9.451342 29.553056
-5.579095 -1.709754 28.742655
-8.498061 -7.575625 28.183983
6.523651 6.602664 24.539590
1.124622 2.001647 10.710854
-14.659132 -20.482628 28.623202
12.889030 17.146879 27.656177
2.510098 1.217490 22.769453
-12.900560 -12.151166 33.566603
1.896100 3.521463 20.020770
-10.865469 -9.012510 32.040938
8.386390 12.388540 20.540709
-7.891846 -10.085906 22.900672
7.378821 11.703618 17.505653
7.208095 5.793384 27.362898
-15.623680 -23.715694 27.371800
0.364155 2.971242 6.272108
7.474529 8.240763 24.653512
6.171564 8.844023 19.132175
8.087375 3.677960 31.521343
-7.983553 -7.947186 26.439322
13.599913 7.482365 39.205273
8.209146 8.229638 26.635587
8.618835 10.795800 24.006616
-6.234061 -4.725264 26.483451
15.083591 14.728176 36.308454
-13.244041 -12.731905 33.812119
-6.180664 -9.185199 18.331949
-12.299614 -15.029261 28.729380
-7.549042 -9.645601 23.674838
3.965480 7.035495 11.775201
12.112743 15.990871 26.911119
-7.898199 -8.021254 26.117321
-2.173216 -3.078153 16.209264
8.567931 6.701624 29.369147
-5.755875 -7.053679 21.446455
-2.158358 -4.287834 22.004252
2.996810 4.966724 14.913032
2.186882 4.093903 9.008210
-1.843185 0.286017 23.794309
-6.633151 -1.573912 30.830197
4.569375 7.726887 13.751068
-0.190904 -1.356619 20.056201
7.735159 1.421282 32.931644
-4.511657 -5.509395 20.292980
0.187070 -0.788246 19.839907
11.455241 10.928914 31.389488
9.899694 4.498893 34.270773
8.560187 13.089938 19.519029
1.742006 0.324218 22.393110
13.073508 10.955380 35.134845
18.596095 22.784486 37.565775
5.268706 9.467778 11.883242
-5.207730 -5.829482 22.018672
-7.096277 -6.901433 25.611262
-2.189729 0.544676 24.976635
-5.631530 -6.122088 22.791721
-6.488898 -8.008099 22.064887
10.251981 16.897761 18.583107
-9.188090 -6.479759 30.963167
7.356469 8.959467 23.142796
-4.089247 -4.513075 20.981125
-7.853732 -3.924648 30.822622
-7.652701 -10.157324 21.975882
5.541098 7.767721 19.062726
-8.943327 -12.131046 22.810055
-0.836341 2.702149 25.576079
-8.738496 -9.003646 26.963186
-3.604719 -5.156958 17.193450
-6.656234 -7.650352 23.227311
-12.800945 -16.981918 27.600539
-11.663752 -14.529149 27.617855
-9.517949 -8.676550 29.296240
-11.767855 -12.004355 30.996770
8.040079 6.280746 28.669092
-6.246148 -4.011488 27.419154
5.728041 7.202784 21.049615
10.078212 8.020732 31.303241
-5.204513 -8.162615 16.316633
4.874609 4.398737 23.581102
-5.503469 -6.863365 20.957075
-15.435523 -21.092379 30.254726
-9.201198 -5.338720 32.128651
10.151921 8.863955 30.568817
-1.669961 -2.639293 13.995781
-4.730454 -7.295913 17.820800
-7.069403 -5.905615 26.895626
-10.335836 -17.972991 16.575068
-6.864800 -8.641468 22.129687
-8.483406 -8.786982 26.633204
4.341483 6.593756 16.533662
7.512457 7.192466 26.268091
-8.434749 -8.886172 26.328684
-10.408213 -14.834789 23.151521
7.451568 12.470132 15.814161
10.918383 17.716198 19.760473
4.772356 7.590111 16.572211
-2.792418 -4.555958 16.065625
9.049091 2.057223 34.727888
-11.021135 -9.310620 32.087219
15.121276 10.712244 39.905503
9.345637 9.465867 27.916150
15.658866 8.538873 42.693206
-8.406088 -8.072829 31.639378
-4.598717 -5.425318 20.796073
10.109216 5.349671 33.941806
-6.578050 -5.329823 26.488756
0.414161 0.681100 11.842497
-5.669617 -7.408963 20.402468
9.650630 8.577744 29.721678
-5.083257 -6.677034 19.798079
1.118601 2.210063 6.189703
-7.044270 -11.155721 17.304391
-7.316741 -7.040666 25.980733
-8.289309 -6.988523 28.402496
-8.627003 1.436162 36.636855
11.527824 7.675462 34.767797
-9.363290 -12.364529 23.798195
-6.094617 -4.981937 25.807039
10.641808 11.201049 29.062367
8.465189 8.069626 27.488659
1.800897 3.328207 9.487668
-9.456375 -15.686200 17.684776
-9.389878 -8.627557 29.047693
-5.294062 -3.343640 26.177852
7.093113 10.754996 18.970647
-1.702317 -4.158981 23.041705
-2.733925 -5.130199 22.846874
1.825503 3.172087 18.054580
-14.143518 -20.181552 27.381683
9.794162 13.577459 23.191355
-7.317031 -7.967324 24.630920
-10.398958 -6.507662 33.474159
-7.234497 -11.173925 18.480562
5.289760 7.404641 18.886561
-2.800199 -0.205548 25.138754
7.119725 10.804953 31.528467
-16.434805 -20.162156 34.283992
-0.564050 -3.338406 23.925948
10.263842 16.839745 18.759460
5.928237 6.912666 22.281655
10.194084 9.305938 30.178379
15.322667 14.536489 37.070369
-14.687078 -18.659176 31.030217
-4.445889 1.497311 30.090414
-22.040276 -17.901003 50.518824
12.549440 13.134134 31.662378
1.220289 -1.089748 23.749480
1.115824 3.472099 22.902380
6.654242 13.872747 6.724293
-7.457533 -9.046604 23.308405
9.852868 8.039947 30.778834
-3.681016 0.229413 27.431902
-12.240684 -13.156339 30.850533
3.565748 5.659894 15.033756
-15.926129 -12.133827 40.557707
-8.770516 -8.537430 27.649838
4.620772 6.753877 17.537284
-7.360689 -8.872791 23.303141
-9.940361 -9.993138 28.757695
-6.738594 -8.198307 22.608767
-2.594558 -4.299975 15.187377
6.320039 6.401686 24.296684
-9.106169 -7.477283 29.708803
-12.930148 -20.822442 22.088654
-6.712530 -4.521552 27.813363
-11.979440 -9.915208 33.651239
14.136701 21.741676 25.070038
-10.584549 0.991788 39.538457
-9.385541 -14.107907 20.841413
-8.078536 -7.294045 27.529677
-11.487917 -10.001009 32.446054
-8.570774 -12.114609 21.536830
-10.953575 -15.113639 24.530579
-5.243636 -3.180426 26.283019
-6.181073 -7.350831 22.281769
-0.444306 -1.381075 18.764786
1.311424 -4.306951 28.354660
3.659245 6.061206 14.825372
-2.403393 -3.335500 16.697760
2.058372 4.205058 4.423805
-9.370283 -9.210907 28.296521
8.069107 8.215985 26.292959
-9.856027 -6.174209 32.667678
2.621307 2.957062 19.151690
-12.783127 -13.497619 31.851166
11.002547 9.005022 32.357084
6.827431 4.419971 28.182541
-11.522831 -15.951065 25.081359
-8.531484 -6.332078 29.700642
8.919829 13.557926 20.132417
-10.285456 -15.798790 20.954811
-9.165156 -11.764928 24.143387
10.055526 17.620445 16.014644
-2.809388 0.671392 26.376185
-3.099443 -3.469238 19.769091
-10.541247 -14.510637 24.225505
-7.903361 -7.847805 26.369045
-10.488873 -12.217484 27.357529
-10.984622 -0.740489 39.089707
-9.777437 -2.855112 35.403357
-5.691718 -2.960523 27.522001
7.267296 5.630760 27.700487
4.133216 -1.948891 30.039101
-14.008160 -11.615893 36.658120
-6.620130 -1.745784 30.640810
-14.474432 -3.683337 43.561250
-8.629828 -9.695448 25.716074
6.471761 10.638662 15.760393
-1.877809 -3.261975 18.262397
-4.006332 -3.344811 23.001969
5.431153 7.934189 18.146238
6.660285 11.445833 14.334762
-13.689089 -7.481440 39.388578
-5.213660 -8.238449 16.889357
-0.014376 -6.932141 29.480662
-13.278315 -10.472806 36.038936
10.111888 6.215298 33.155142
-2.684287 -2.179573 21.332734
-5.133764 -2.752871 26.604812
-9.269032 -9.120009 28.157627
-0.870208 0.088091 20.545683
5.010105 -0.087168 29.617012
9.788206 4.124640 34.380487
-7.449246 -4.999386 28.846576
9.318640 10.620726 26.308486
0.518735 0.468855 16.230060
5.074390 5.303425 22.582681
-5.685092 -4.217767 25.888408
-1.305905 -2.287573 12.825691
9.073853 9.211711 27.550878
1.715733 2.896046 12.528936
5.669124 -6.911626 -6.966532
-9.835126 -11.049221 27.290521
-5.994248 -6.642214 22.969046
14.828732 10.357929 39.548519
6.209756 11.649362 10.357144
-10.746743 -11.713356 28.703151
9.420071 13.369624 22.259116
-8.898812 -10.532539 25.250030
-11.831345 -12.316798 30.769362
-11.828958 -16.983428 24.481627
8.219862 11.515711 21.408218
-11.084951 -17.195187 21.431747
-5.288456 -6.509889 20.932931
15.879406 9.693896 42.328483
3.206384 3.379528 20.401227
-0.585075 -0.786109 14.509045
15.012968 19.384224 31.100197
-9.828404 -12.914488 24.394329
-7.771228 -6.971783 27.198698
-7.043883 -9.167025 23.294926
0.412856 1.640119 20.026405
-10.508425 -11.474184 28.377812
8.590887 8.384546 27.397421
-2.987272 -0.979541 24.371647
-8.294087 -7.242580 28.107087
7.787102 7.515026 26.524106
-11.421025 -10.812515 31.433816
-8.809447 -6.065400 30.587082
-4.038289 -3.648952 22.543205
6.654687 11.215913 15.159642
5.552896 4.802447 24.725457
-4.551303 -5.858469 19.626867
-5.658152 0.359903 30.977194
9.362936 7.876344 29.846890
-4.899093 -4.168659 24.021570
12.718282 17.037060 27.286273
8.345347 7.801149 27.535715
-7.501565 -5.922376 27.877205
6.831551 3.678604 29.035572
3.174481 3.760789 19.308728
-9.768098 -7.187308 31.483493
-8.701944 -9.478054 26.221205
-4.830703 -6.592191 18.963500
-14.037219 -20.678573 26.318328
-10.356124 -9.153848 30.725375
-10.239520 -3.718413 35.566559
-12.046132 -13.769449 29.612522
-3.019115 -4.856609 14.408198
6.814920 7.115847 24.546158
-5.095626 -0.230130 29.439148
-1.801347 -0.067228 23.054916
-4.337175 -7.024249 24.647595
1.024485 1.284977 16.043563
9.663592 7.277936 31.162990
-7.320063 -12.235962 15.763943
-7.962170 -8.837146 25.166354
5.557811 6.923323 21.024492
8.492030 8.139812 27.465392
-0.761188 -0.498250 18.012855
-1.498877 -2.116056 15.582154
4.784919 8.363578 12.691856
-12.091758 -14.766780 28.480368
-0.669256 -0.981158 13.910733
8.517719 9.135745 26.225037
-10.032621 -10.036130 28.935828
-13.623289 -16.128633 31.066898
-5.372303 -8.376241 16.578739
-5.721047 -7.201978 21.026589
11.058768 12.835637 28.114339
-2.372705 -1.634770 21.520963
2.745995 0.588859 24.435966
5.193626 6.382212 20.865152
-11.826378 -11.284621 31.897519
-0.407247 1.387602 22.266510
-7.180882 -7.095737 25.553450
14.376566 8.709447 39.875101
-3.408736 -3.643244 20.520600
-7.939732 -5.834914 28.960275
-12.311329 -16.048269 27.429838
-2.238160 0.671670 25.265447
-7.718212 -8.600359 24.790549
8.367196 7.965163 27.380266
1.401133 -1.739203 25.193959
-8.334515 -7.852091 27.444370
0.471257 0.863661 11.161085
5.923322 8.050242 19.957932
2.002914 -4.531370 29.519871
2.196840 4.090098 -5.315118
-8.740530 -7.988629 28.259492
6.566814 0.118857 32.061563
-10.813642 -9.823608 31.065602
-10.173754 -10.615095 28.667930
4.495113 6.953354 16.210603
-9.293696 -8.813335 28.594258
-8.752837 -8.565381 27.570191
-10.703389 -8.736938 31.958899
1.454188 2.881676 6.073969
-7.285051 -7.886926 24.664714
-10.542953 -9.353611 30.942506
-13.879371 -10.248972 37.563076
-1.984800 -3.390570 18.040352
-7.649749 -8.995573 23.974718
4.588094 8.323083 11.125474
13.903727 20.200668 26.565412
0.034945 4.143479 26.206419
-10.259907 -11.586353 27.570390
-5.351147 -6.957481 20.195591
8.554083 1.618267 34.208066
-2.203021 8.702067 33.306363
-0.253802 4.147341 26.652872
-11.671049 -9.279544 33.577728
6.681355 -1.018294 33.216513
-9.019279 -11.579695 23.984999
-9.615118 -0.034405 37.229949
-7.798681 -11.814649 19.134263
-10.054102 -10.372130 28.579845
7.528412 10.763792 20.878703
-10.548705 -14.362994 24.401108
-14.640391 -9.201335 40.053974
-7.046912 -7.868224 24.020019
-11.824814 -8.198306 34.919433
14.052343 3.192025 43.067248
-10.441908 -11.137808 28.625765
-3.698183 4.157531 31.438355
8.863345 8.884107 27.438917
-6.892605 -6.477944 25.689739
-5.815495 -9.600962 15.211892
3.193493 1.138749 24.597236
7.137867 10.315530 19.746447
6.782089 5.549704 26.680668
-9.513622 -9.554811 28.230413
-2.017387 -3.374076 16.135905
-7.418626 -4.566988 29.265645
4.654139 7.537424 15.846247
-10.980082 -11.812459 29.188841
7.612026 14.083275 11.810900
-2.268752 0.702737 25.372473
-11.201473 -6.669580 34.974373
-9.667745 -12.955510 23.812706
5.677188 8.938657 16.520279
-11.760676 -0.854383 40.372343
7.078055 8.614695 22.866136
-12.710847 -12.981294 32.234726
8.188763 8.410830 26.336834
4.000389 6.087502 20.025211
-5.970587 -10.894899 11.529953
2.173670 1.742759 20.594646
-5.364067 -4.555961 24.617712
10.197130 18.725532 14.032086
5.696381 -2.652239 33.024278
2.938899 5.082641 21.877854
-9.801779 -10.188736 28.165127
-2.326361 -1.543606 21.572182
-9.856827 -9.571607 29.058612
9.212694 11.137182 25.259781
5.379904 8.105353 17.424178
3.331818 5.115306 15.654252
9.164681 8.328556 28.864211
5.660158 4.719002 25.118784
-4.842744 4.011670 32.886665
8.151105 7.362594 27.618088
8.044085 8.020762 26.494623
-13.918838 -12.246668 35.871586
-0.129301 0.820417 19.678919
-8.919994 -9.552771 26.701130
-13.479385 -11.763513 35.311519
7.083231 12.132999 14.722513
-4.790433 -1.992136 26.852823
-5.386010 -9.972670 10.567539
-3.950323 -3.040711 23.378781
-9.117268 -7.365000 29.859058
-6.856856 -10.905723 17.042345
-13.164739 -10.052924 36.162811
-3.201009 -1.814982 23.518011
8.409422 8.187974 27.197704
8.402739 11.284923 22.497097
-2.966818 -4.900367 20.660415
-6.022863 -2.437324 28.793838
9.549833 5.501757 32.678690
-4.710326 -4.334419 23.237206
-8.648988 -6.271017 30.023375
8.667603 6.388595 29.936141
-2.619692 -4.634121 11.822648
-3.265071 -5.545478 13.014796
7.517994 7.551206 25.784518
7.288656 7.583046 25.130875
-5.538291 -8.712070 17.132611
-10.457316 -11.701735 27.951203
6.520313 1.692903 30.510557
0.943676 2.135065 19.154315
-0.516820 -0.160090 17.922619
-8.390888 -9.025213 26.018261
6.417838 8.672095 20.497294
15.334281 20.033470 31.258621
-9.650518 -5.962677 32.454350
3.576432 1.409406 25.053595
8.953358 9.360070 27.053853
7.797721 6.713651 27.588626
-3.956542 -7.377296 9.676724
-12.543886 -15.111169 29.311989
-3.619872 -5.648908 20.634580
-8.973629 -4.955892 32.037960
-3.463127 -2.984005 22.104387
-7.464277 -13.039562 14.208834
-9.053391 -8.762135 28.068354
-0.883466 -1.569839 13.461109
-6.321065 -6.473874 24.440007
2.492308 3.178547 17.822237
2.066744 -0.735922 25.011160
12.816207 18.959286 24.751241
-9.748110 -10.892649 27.109454
15.271740 15.156200 36.360517
-2.184315 -4.303299 6.488680
-14.901687 -19.195623 31.003496
-11.533810 -4.304214 37.549278
7.255815 7.122654 25.709523
4.507649 0.845852 27.691823
-11.113745 -10.774798 30.734539
-11.518287 -2.210589 39.035602
-8.902318 -5.378627 31.488125
-10.128847 -9.365638 29.955038
-8.778398 -8.185830 28.109086
-6.953816 -7.164215 24.851044
-6.393439 -5.651277 25.602099
-10.406849 -11.668148 27.859385
-9.807070 -6.081871 32.654682
7.472113 0.378534 33.363223
-13.305316 -13.488314 33.171134
-7.678991 -8.762150 24.429928
9.577740 9.115882 28.921158
0.013828 0.016684 9.520098
0.739298 1.089462 13.993043
6.168354 -2.027028 33.232764
9.834368 9.078572 29.582302
-7.722902 -4.909869 29.526590
-7.547386 -7.456166 25.993895
0.206687 1.490535 20.438167
3.308171 -0.734900 27.367138
-1.628158 -2.151296 16.485295
9.960480 1.396204 36.845875
12.173414 14.975985 28.439885
5.796840 11.497218 7.270763
-3.499941 -4.533321 18.598028
10.869892 9.011408 32.052048
-8.836534 -10.363342 25.322425
-3.609883 -1.283967 25.310683
11.503454 13.728640 28.178121
-7.818453 -13.488697 14.972428
-5.887595 -10.100765 14.080584
3.912039 -0.032184 27.619281
-11.374612 -19.265297 18.589060
-5.947713 -4.102023 26.645435
10.642986 -4.259526 41.559661
8.204114 8.119897 26.769628
9.906339 18.805124 12.159210
-14.574378 -13.218630 36.504498
3.616398 5.776575 16.576744
-8.646068 -5.446890 30.884460
-8.395251 -8.721583 26.450678
8.501849 14.281376 5.568289
0.340509 -1.112148 21.395038
8.789278 9.850376 25.934737
-6.088269 -9.837423 16.048470
-4.288035 -5.567753 19.268609
-7.282624 -7.217833 25.644025
9.749418 12.124778 25.368471
-6.946888 -8.851068 22.014021
8.092684 7.594631 27.180416
-1.095324 -0.276460 20.397470
-8.840180 -9.870578 26.046019
-2.438052 1.121245 26.279671
8.305697 7.524110 27.787817
8.815975 11.021218 24.251327
9.641273 9.657727 28.420435
-2.478330 -4.260786 12.318186
-9.034145 -7.645506 29.354457
-8.285487 -0.256374 34.831550
-2.449134 -4.030445 18.045025
4.361282 8.224116 9.310414
-13.579150 -19.179024 26.967917
-6.385089 -8.056596 21.625147
-3.110544 -6.376481 4.430804
-6.372672 -7.281640 -7.297961
-7.337982 -7.458673 25.444068
6.255464 7.939698 21.408822
3.338494 5.256358 19.560660
-3.944181 -2.978763 23.468017
7.698377 7.274003 26.624537
8.432416 8.174693 27.272386
5.683086 -6.504748 35.708967
2.273438 3.315488 15.859284
2.854306 -2.314645 28.423358
-0.953449 -2.084534 18.814881
-10.868679 -9.499913 31.565023
-6.369067 -8.415528 20.852845
13.205337 8.272066 37.767050
9.518647 9.615542 28.164846
-7.910213 -9.133753 24.519729
3.024034 -1.996335 28.341591
8.665061 8.056363 27.994236
6.312911 6.840925 23.570621
-7.261686 -6.702328 26.306408
-6.819181 -3.726662 28.957099
7.402289 6.399513 27.052259
-9.949053 -10.598064 28.133190
-4.031413 -6.480206 14.971499
-12.864017 -7.259534 37.874562
-5.258979 -7.692819 17.989324
-4.358429 -7.588141 12.644289
-3.550570 -2.172258 23.803819
-13.643506 -8.654372 38.375732
-6.252164 -6.629592 23.743559
-11.695163 -11.062079 31.821129
-0.568884 -2.379000 21.727877
-6.755048 -4.745376 27.635406
-7.042099 -6.195071 26.449407
3.033285 3.938398 18.139728
4.806946 2.231866 26.581123
-3.929038 -4.440740 20.575346
-8.565839 -7.058880 28.955888
-6.949671 -8.657583 22.378848
-4.008997 -6.944152 12.987811
13.878114 11.125757 36.798433
-5.685216 -7.247172 20.804961
-7.608622 -7.027518 26.729399
-5.895579 -0.886608 30.183039
-12.629239 -8.375698 36.468162
9.218968 4.578873 32.877170
-5.699218 -7.995035 19.177873
-10.908180 -14.827919 24.832015
-8.211225 -2.584606 32.768621
0.375366 0.603206 12.079161
5.155457 6.942783 19.458362
-9.075173 -4.137284 33.003659
-0.585375 -0.951811 12.369446
7.042756 12.698818 4.301938
7.630837 10.025103 22.145714
6.764229 6.415708 25.845564
-7.815510 -8.946176 24.537159
-4.095717 -6.833165 14.557979
-2.608451 -0.847298 23.687001
-11.623086 -12.518850 30.003186
2.177192 6.927230 4.247295
7.337589 3.003210 30.739272
-7.129506 -5.902807 27.044525
-4.686385 -8.541077 10.967028
-8.172440 -2.467021 32.799837
-1.042590 -2.947983 21.739296
-6.985437 -7.602901 24.264566
4.407632 0.578445 27.817856
-5.983430 1.949934 32.886649
0.900928 -1.387613 23.543831
-9.646047 -11.893078 25.407228
5.304433 5.995818 22.010679
-9.453540 -8.249686 29.634825
8.232093 4.465770 31.033023
-7.349298 -1.524587 32.160017
-9.879562 -10.318021 28.201794
-2.617728 2.857496 28.649906
8.193925 8.000777 26.901824
12.341377 15.970616 27.600818
4.670534 7.397278 16.729686
1.442963 -1.532748 24.961146
15.559305 29.280524 17.118404
9.131508 9.154110 27.770515
-3.019492 -0.656117 24.941592
-5.064409 -6.830542 19.355647
-14.528831 -16.656245 32.906063
13.197322 17.813425 27.673086
-2.247494 -1.684252 20.995487
-9.074855 -5.703653 31.513174
-10.428219 -10.556155 29.359895
3.323038 12.802584 32.766421
1.469831 -0.563224 23.392093
-10.692103 -13.051038 26.791993
-7.853863 -6.931752 27.448010
-10.762571 -12.191278 28.139535
-9.045800 -9.067145 27.665089
-6.215356 -4.303825 26.986186
0.026583 0.050180 7.291769
-10.517749 -15.226285 22.861538
-9.655069 -6.109287 32.315012
-5.719543 -7.714190 19.916922
8.168741 8.438698 26.246184
3.972778 7.119610 11.523312
-5.495640 -6.237306 22.163313
-10.186535 -13.686810 24.307602
-7.741977 -8.298142 25.307124
12.085515 17.456940 24.602353
-10.073662 -4.572955 34.546351
6.782196 10.230493 18.432836
-7.570165 -6.235497 27.650613
8.359776 8.668395 26.430571
-9.746822 -8.731764 29.772165
0.695725 -1.483123 23.230888
-9.060814 -10.161949 26.241081
-9.567069 -7.440242 30.780611
-8.516617 -10.481592 24.197810
-9.187116 -12.610206 22.798875
-0.596086 -1.102910 13.935627
5.974063 -1.084966 32.143136
-5.253440 -3.988860 25.185117
6.076015 12.558815 4.979339
9.642839 9.456177 28.670997
7.924268 0.841820 33.750246
-5.387904 -5.246929 23.585379
9.443735 7.870661 30.038189
8.370233 7.352072 28.153419
-9.260421 -7.775071 29.725987
-8.762464 -8.967671 27.072583
5.018944 7.482043 17.407349
7.062483 9.896643 20.354200
-2.103993 -1.888703 19.952574
-12.278528 -11.156195 33.120333
-5.971359 -9.785375 15.542007
-3.900606 -6.581773 14.055888
-1.818642 2.098265 26.464069
-8.644149 -11.236593 23.359156
-3.449526 -4.341315 18.912217
-8.171352 -4.708223 30.665289
5.850658 1.829738 29.125290
-8.053629 -4.918821 30.205641
-0.604034 0.778212 21.422389
-1.292133 -1.733047 15.890376
-7.848842 -14.900408 10.701151
-4.381851 -6.705513 16.389901
0.345009 -0.436135 19.362041
5.332858 4.996151 23.845169
-9.261188 -6.766612 30.821667
-5.677453 -2.125903 28.467112
-4.929540 -1.384582 27.868032
-6.348578 -9.587801 18.072303
10.864139 11.998409 28.655730
-14.233390 -7.223280 40.692393
13.734404 10.485533 37.040216
6.751034 4.096500 28.396922
1.487851 0.611098 20.958827
1.503774 2.778400 18.487814
7.549400 -5.080425 37.427750
-7.159965 -6.853642 25.842030
-8.223539 -2.547611 32.821884
-11.461884 -9.719480 32.690719
11.738660 7.986750 34.926557
-7.447310 -9.325117 22.797038
-10.653511 -8.475613 32.113997
-9.349893 -7.029400 30.738156
-12.592373 -15.605688 28.819010
-13.673512 -10.812506 36.617520
-0.960471 -1.722863 11.537493
5.648867 3.249870 27.077645
-12.901101 -6.224884 38.752463
0.253139 0.688085 15.996337
1.620145 3.131356 19.774027
-4.155399 -1.763748 25.818647
9.262457 17.259472 12.597113
-8.067492 -9.706431 24.080552
-4.236632 -5.568633 19.047956
-10.978121 -10.339892 30.890632
-12.014328 -22.993655 14.783916
-14.339822 -12.827718 36.314716
-5.631179 -4.054564 25.986029
5.241206 6.989126 19.694884
-9.099569 -8.101302 28.978069
-11.883678 -14.551401 28.171106
8.753076 8.930137 27.097944
-10.035148 -9.411688 29.678415
-1.486722 -2.565451 13.821853
-2.313935 -4.066459 12.123919
-10.796711 -16.975557 20.713611
2.641594 4.971117 22.621941
11.403650 0.103369 40.231178
-5.984042 -7.530310 21.281762
-5.117167 -4.649101 23.825834
9.513518 9.364928 28.462290
0.228239 -0.051198 16.740358
7.585455 5.215654 28.893821
-4.865082 0.468783 29.757204
11.169543 11.876246 29.600323
5.770522 3.704332 26.764015
-7.898739 0.551069 34.813289
8.461043 5.067553 30.889972
-11.925755 -6.358983 36.702870
-0.434432 -0.577985 14.093081
-7.094399 0.442825 33.413367
-15.206306 -13.115156 38.081345
8.072974 7.601096 27.123320
-5.349813 -5.328028 23.342752
9.125140 7.956002 29.207361
-12.908395 -6.852507 38.285062
-8.474343 -5.509368 30.461822
-9.516915 -7.947863 30.118754
13.417374 17.917456 28.207287
-9.107585 -6.025453 31.258059
2.844064 4.849729 12.716642
-7.803825 -8.349667 25.399986
-10.053267 -11.186845 27.539897
-6.167535 -3.745709 27.577043
2.629539 4.802377 10.351552
