6.327171
27.930254
-40.811390
-62.621757
16.027360
-19.433903
-2.028642
-63.741091
-28.189391
-1.945055
-33.222438
-10.494964
-0.429372
-30.144059
-13.009157
41.362067
-3.820212
-55.045930
-8.315909
7.912033
140.893926
-47.421736
-2.939121
-11.745039
74.529216
53.181996
-81.531402
18.220559
-21.146761
7.386108
-73.641516
-39.443742
1.450875
14.363296
-39.568163
178.861901
88.438496
-10.129676
-53.895110
75.509481
-2.989869
23.580956
22.272101
-62.248077
255.087459
-19.338607
-3.610776
-41.276970
73.417589
40.006131
-75.057011
-12.326386
-47.730361
-13.168101
19.792607
-29.601167
-66.286732
44.570647
-51.999948
-35.965654
51.308796
-69.947528
32.084845
-30.622510
-30.466617
-14.101812
-41.505123
-69.397656
-41.639174
-64.034927
-51.308470
1.728239
-54.371618
38.449447
13.822056
11.467127
-59.078698
-46.298006
-15.725712
-8.548186
2.300355
19.274130
-14.702706
-34.772956
-31.912786
-151.686225
81.781707
-14.406935
18.850241
-17.707901
4.861804
-29.504415
-45.784955
0.330971
-26.222849
170.148391
-51.128309
-53.801664
-17.767220
-30.153189
71.659360
204.412545
-31.883713
261.585463
122.112894
-30.271757
210.922589
31.477226
-4.608546
-6.132631
-16.992632
16.730697
-33.923638
-30.752403
43.285067
-2.521115
-22.779532
-45.720614
-46.264112
19.619544
-45.211288
2.316266
79.810307
-10.463079
-26.218856
4.312004
48.783889
26.042605
-9.373536
7.320934
5.654210
5.163320
23.506080
-15.992566
-50.597716
-62.404980
3.259023
33.952081
-15.898695
64.497189
-58.405264
22.136415
205.400810
10.752780
-48.406142
-50.139734
71.190964
-39.680157
-37.215729
-21.685468
-102.281120
3.183299
-14.235333
-33.245827
-41.956676
-16.422007
19.814848
-74.429807
224.881277
-40.135194
87.183505
-16.145534
57.624281
-52.876489
66.484693
-30.643070
-21.438045
27.295900
-43.638639
12.480907
-14.023847
-56.617069
-34.603931
-20.052530
-60.894951
112.553565
111.977935
3.777770
-12.575332
-60.778568
-65.485979
-66.234697
8.824507
-12.225493
70.177558
30.874157
39.677163
22.718414
167.060688
-1.045275
-45.654275
-9.334503
-5.187089
-11.623181
119.880484
-40.633065
10.910466
-69.370613
84.482471
-2.085002
-2.382531
75.646512
-31.984674
-113.328573
-55.949304
-28.963339
-15.639913
-11.791685
18.610567
22.679471
35.271395
-31.451062
28.537380
130.165134
-96.333190
162.016094
-35.630099
3.710987
-114.655270
-45.881162
207.835505
46.772726
-96.516187
158.581554
-47.366027
9.616949
72.574458
27.925776
-23.152502
-18.606666
128.145906
-23.810142
10.915796
-23.004883
71.044209
277.372253
15.066502
-47.834454
-39.756823
-73.483389
-5.906522
135.611915
5.968702
39.493216
-65.055419
69.401703
-24.736170
-68.126602
-58.380368
-38.910575
-62.286685
60.867003
-0.336564
-32.331147
90.055421
-8.920714
-4.170890
-81.147177
12.761081
-31.290339
-83.018908
-2.649916
95.324032
22.146360
-3.902531
-64.448547
41.196308
109.395302
-30.609727
-55.380126
-45.961355
-48.147610
-45.783515
8.501134
-56.775375
9.194615
-5.622067
59.421164
85.791525
-3.803554
39.068759
39.496585
210.814916
5.259065
-32.718504
-59.375448
8.572314
-19.961966
-47.820182
-58.495399
203.548665
-7.775035
64.299454
-71.914138
61.683168
-43.401637
-12.347760
-1.152436
0.576238
-41.191806
161.945241
-22.410752
-14.881648
-69.879639
91.994351
-31.604163
-47.333139
-59.897990
-38.048823
43.501339
-0.001082
13.206611
-54.239900
77.369023
224.881770
-1.028584
-25.089853
-73.362951
-40.293674
-6.998463
-15.555852
-57.432130
-43.686455
-9.321817
-12.668542
112.491618
-66.893460
-50.097209
-52.985351
4.886461
194.886288
-44.252394
-5.068388
34.250418
-25.142296
-45.913306
15.341173
-70.507952
-62.496373
134.853024
4.152570
32.725240
-39.368357
-75.270500
-18.692224
-63.772681
-19.193982
32.417938
44.821401
-24.562617
37.857330
-25.952504
-41.508642
-55.161108
-59.998969
-63.069855
-24.558775
-17.553614
51.258305
-13.218729
-36.503735
-27.883436
-14.171489
-56.558119
-16.464730
-62.860185
-14.192986
-5.195737
-9.726949
-43.530064
47.584139
0.852299
-16.960494
-17.111191
0.725733
-104.622804
22.211811
-22.869798
29.213164
-38.823217
-37.407346
60.674050
-0.015126
-19.084107
24.673498
-47.270266
-8.140182
-52.825799
277.513331
79.126297
-85.939956
-37.491970
12.536293
-18.884247
-41.030618
-8.868979
-5.052206
-21.707503
16.542043
-85.036108
85.150343
86.888005
91.180653
33.599194
-11.406326
84.256338
130.734081
30.328448
-35.805681
-40.962220
-73.837401
-4.664257
-38.007967
-37.015017
-7.194136
-83.879898
94.994586
-48.036104
24.939690
9.825754
19.002173
-41.535513
-37.642619
-11.825954
-37.456956
78.153582
-36.292275
-5.811818
10.604773
-6.016235
-42.482718
33.783922
-15.477297
14.326122
74.596426
93.818194
4.124161
-72.379209
6.469186
-77.586294
-69.254265
38.463067
117.581721
-41.663896
-7.212731
-21.745194
-93.054916
-73.530978
-40.982570
-38.792353
49.722529
106.571547
176.341176
-47.710743
115.132302
-2.735730
-59.073196
-37.122056
-52.656699
37.627520
81.214012
-25.538073
-15.334242
63.259925
-44.580527
-29.462033
-49.698932
-45.513786
132.601221
-68.496491
-28.086128
-38.185123
-14.057509
-21.100399
-16.671618
-2.052713
-10.702297
-18.759005
-111.705454
-14.888538
-29.450591
-35.843083
-73.214590
-59.935069
-60.608323
-2.114316
-38.312000
-22.274420
-35.595184
-28.606191
-85.251396
10.882289
71.838781
14.722944
-41.208748
-40.550434
-49.839185
4.334907
-3.860486
-43.919271
-44.035488
-0.772346
-8.729637
3.593667
-8.043008
-31.281976
-21.921581
-37.895337
-14.319598
-8.822252
64.534648
-9.018929
-83.973858
65.790538
-37.261314
36.439273
29.920246
-42.731707
1.501628
81.511361
-30.918903
46.063750
72.352522
-83.285161
-1.596846
-18.045331
-45.976215
100.100178
-11.909133
-59.628107
-70.401726
-30.404035
-61.499949
-38.681082
50.254948
-93.387431
76.283849
-121.238798
-27.398318
-36.318938
72.130380
-0.364501
-119.698214
-33.656925
110.155161
-20.763945
0.500400
-27.718598
56.485841
-5.460170
8.228870
67.347661
-12.004902
11.044868
-6.820330
-56.426023
-3.768087
58.091539
9.295946
-5.613719
21.741580
-45.629670
-2.907026
147.181066
131.793594
-39.404404
60.787603
-64.993786
-53.748222
65.825152
85.058250
-105.377574
-28.370723
-26.740475
103.378897
-76.886491
38.515226
-63.934197
-64.856109
-22.313386
-81.993533
17.280250
-2.126604
28.458005
5.321972
-114.308327
-36.766152
-36.000150
6.848407
-43.524353
-91.556761
-2.010061
68.674922
-18.589711
-76.129426
14.949636
-75.756257
-57.012724
-27.701253
-47.009739
-24.309896
-22.373933
-106.911656
100.462284
1.964674
-33.057645
-36.426323
-38.047566
-35.121263
-9.504443
-34.485253
35.861510
52.342853
-26.518293
-70.709597
-52.297622
119.263698
101.565562
160.725445
259.102754
47.817918
-72.712807
26.895438
-52.082826
-18.346735
-1.697394
23.486987
44.592128
167.542625
-10.363351
5.403928
17.792844
-68.380226
32.492580
-23.633082
65.864735
3.141318
40.170921
-45.805301
200.229579
-12.483802
-0.259249
-67.087813
-1.056286
-64.700439
-39.000582
115.708579
-34.661865
-53.239646
37.146141
6.940752
-45.838307
3.107925
-31.214083
120.615328
-82.892141
-52.599710
20.861010
-54.069000
-16.233954
-81.008086
-49.233403
-8.284724
-24.819291
-42.626253
96.288577
-18.903848
-33.036117
-55.459368
-36.548377
24.574243
14.148450
161.126974
-53.411055
157.339310
-43.144692
-55.454086
-69.266724
-34.152247
-4.992182
40.416594
-55.373881
19.128609
119.749031
-37.419271
276.405783
95.056821
118.145658
56.879905
44.550945
23.796283
-22.676856
-42.378672
-21.791737
-30.964774
-67.383984
12.780090
-80.380409
45.486784
-67.512698
-43.143296
13.825900
45.238321
-2.858450
15.934479
-43.167730
-52.583531
-27.237042
-7.977411
224.388450
-56.476898
11.180396
-39.900434
-56.573297
-30.676457
-46.575890
-100.623804
-17.701596
-139.732703
-13.006816
-38.188240
-2.488815
-7.073250
-26.895983
-34.717225
25.817766
118.361358
-75.077974
-49.135451
-21.596568
-30.644813
-7.091841
110.112494
-67.348809
14.410106
-73.093162
62.036529
8.439845
-4.120491
-51.544500
80.966011
-8.431963
50.453344
-17.025674
-76.392438
14.120058
12.203208
64.608922
-62.708628
-7.376945
-4.717274
-56.798876
19.359048
-31.333165
-73.401286
55.840283
84.056381
-73.393890
-9.302312
0.694642
-14.976102
94.353326
29.975052
-21.187302
-5.158383
-52.154447
-56.771538
-27.388457
-71.587237
-29.048187
-46.615300
53.718049
66.748779
-47.969943
-16.172265
-0.542866
46.185635
-54.102956
-39.859663
-22.117810
35.650762
-6.650115
54.995939
11.366657
11.029385
-22.618408
69.665191
-10.875089
-34.039807
-69.882041
17.539037
-14.696799
-100.067853
20.693169
2.438039
70.259987
65.879650
-31.421991
-23.547474
-33.613675
40.049966
17.348186
-49.063363
-47.872384
15.305244
10.781362
-35.636599
71.544416
-56.082307
-26.794846
-79.007452
-17.081100
-46.876824
-77.505221
-43.784743
-30.143826
-29.289280
11.897195
31.875972
-27.669908
42.258732
-5.661980
-15.819298
-32.508288
-45.929705
-18.791138
-43.975132
-26.896566
-61.885080
-41.615922
-57.723701
5.035166
-41.679553
-61.593919
7.136016
-49.813426
-42.748283
-26.984434
-0.727012
5.459823
-64.152669
180.220293
-102.999771
-24.332254
-8.241446
-6.709064
156.739601
25.949674
-81.839584
40.908559
81.412380
-11.875177
-141.330841
28.067273
-7.868854
29.483994
-33.270413
-38.862473
-56.413810
-15.966343
32.882146
-13.982026
294.507837
-57.658414
123.019568
-14.221967
-70.187414
-45.049390
-27.244780
4.267054
56.407912
239.200677
-11.661526
-10.289774
-25.205786
20.644874
-85.418184
-2.837233
-68.411903
-47.767082
72.258904
-8.395185
-28.138462
-40.801440
4.121670
-52.429642
-9.476413
44.053006
-33.965545
-70.056662
-48.317009
-52.057690
127.837227
-30.220865
100.945030
-47.781941
