-33.399677
44.845749
-101.510784
-21.250689
25.655322
-30.886355
-58.199884
-32.592942
6.404218
16.389786
-15.493003
-22.412848
-14.453084
-11.819534
-146.439717
-1.428235
-31.841404
-8.489916
1.213499
-0.956692
16.298246
21.090538
14.083554
82.025437
10.234019
-12.711451
74.640749
-31.187655
-12.349028
12.713374
23.191869
12.916897
-13.485844
55.270328
-20.452846
-13.490228
-52.073809
3.228108
15.451331
-252.475185
-6.260803
-23.078825
-54.691741
54.560176
-69.562242
57.082737
21.069496
-68.453021
-41.886281
-15.363594
9.215163
-1.307018
-5.440701
-16.430302
3.654889
-68.219961
2.882465
52.245727
58.214769
6.100686
-29.291448
65.391235
10.688932
3.841047
17.761258
-7.200137
-59.791811
40.274477
-72.776248
-0.660746
40.251731
-4.159755
76.402226
87.609723
7.847144
-24.985151
5.853096
9.139125
15.971839
17.442111
29.618223
-12.715340
11.911696
83.963458
11.607954
52.919195
50.167982
-30.157208
65.732287
-1.201095
13.900898
4.941078
16.772659
45.884323
-32.156383
-4.512570
-159.873103
2.971026
23.622515
-4.728995
-140.049491
89.707854
-50.569776
24.000357
-23.005226
57.303626
-2.801536
-6.848521
-22.545665
-18.432382
-30.667710
-8.653135
34.252435
37.438902
-8.037884
20.347036
57.381829
-0.159884
-39.568332
-29.262039
2.314757
-49.756310
-66.577629
59.508763
9.443020
-104.232832
-200.670557
75.446678
-25.319659
-10.049712
-7.165025
-23.208490
-30.504244
79.644039
33.705606
26.772406
-24.188835
26.092765
-35.943452
41.754588
-34.284326
-4.729373
-0.056548
-33.797614
-24.117784
11.868437
10.071904
21.014094
47.269909
-11.660299
0.383438
32.609304
-41.311493
-52.643624
17.141661
-31.897160
55.895259
43.327259
-34.942377
-20.747203
-40.856322
-1.901650
-100.113237
-31.657058
-2.808105
43.187155
5.818422
-5.210958
-35.629210
78.333483
72.246111
46.947371
-28.769804
-62.938491
54.356405
-190.738641
-8.682237
-238.617813
38.665757
-27.703501
-65.416671
-4.611214
6.010707
-35.666133
-25.193025
-35.015435
22.186963
-64.187034
-7.733791
10.324939
73.074014
-85.693435
-26.978186
-8.383319
-22.506559
-3.741027
30.010604
-81.858427
18.465264
-6.302921
53.291229
-4.281610
-8.958062
14.983312
11.436381
33.519189
-16.684342
63.433212
-57.694425
40.803266
-7.806512
-35.926664
123.438346
1.040437
78.003704
26.987040
-31.512522
-153.518744
63.164214
7.796437
514.222087
-59.094923
6.276612
2.215950
127.700959
-25.941120
-35.419432
-2.320592
48.048816
40.574464
212.129486
5.466327
41.591944
-25.699332
17.524902
-28.131022
-28.943122
17.003418
23.037933
-55.612142
3.268745
77.613886
19.678320
121.137569
-53.079300
3.494523
61.076904
-43.279761
-22.888921
-5.822798
-27.993975
-2.722186
3.841842
42.147985
-23.828223
44.323526
11.989390
5.558310
52.178966
20.237073
62.727563
-56.944047
-5.666257
-17.679939
20.841081
56.619567
-56.664194
-23.581534
102.898611
-5.233319
-22.041998
-25.277248
-5.042224
5.478690
122.556720
75.240966
0.239889
-3.454113
-6.479153
132.900218
19.228292
228.923588
-10.014439
68.573153
-15.023386
-16.678962
45.583095
79.568552
163.380692
-49.688669
6.953427
117.216327
-58.343521
-15.717282
-4.409694
10.581056
-6.574899
-8.014232
-66.578161
11.305741
5.141884
5.636627
22.186160
-7.786830
-17.528631
-5.136439
23.648162
205.141216
4.071405
-23.514573
-181.607820
97.908472
19.269939
40.709913
-13.938925
45.082078
-24.635260
42.667832
-55.613576
-30.863995
-237.221690
20.985055
-7.107115
-65.927382
-22.523499
0.744685
-23.974966
1.651830
15.444393
-3.207858
-9.859339
8.130768
3.977910
50.030213
28.856165
-18.387164
74.232642
13.380754
-32.250200
16.485515
-25.168662
-15.322038
-7.959674
-3.926533
5.001223
-10.753164
23.829490
41.214407
-6.000925
-37.060459
-2.927429
37.378164
81.196345
33.194102
-36.178609
16.421809
7.563489
-8.840581
-7.515721
10.964213
-37.843785
-77.332751
-13.724822
31.845233
-3.599903
-7.103842
-16.496768
64.884649
20.575273
-8.448164
5.982891
19.424941
57.909873
-52.982230
-32.693232
-14.100083
-13.738072
9.197960
30.673522
57.378160
-3.722551
-10.472647
-179.432617
-21.852057
13.459237
9.028814
-6.792037
-16.170867
-2.779727
5.670840
3.221183
7.071800
39.585519
1.487199
69.097873
10.256723
-26.790385
42.973936
17.410447
46.041318
14.336188
4.803334
51.110572
29.002890
-16.410800
40.376310
142.978459
-16.377341
-21.796825
69.098821
-0.254545
-4.080803
7.178595
-34.805057
-54.722578
2.987960
-4.489245
74.377482
-33.835080
-24.632722
88.781460
-57.326400
16.201948
42.848266
-23.600650
185.676225
-20.178350
90.019316
-214.922172
17.671990
8.558134
-3.911034
-9.445774
-64.768213
9.727953
48.597230
3.398126
11.746871
-20.560400
13.956335
49.027830
24.866036
109.148567
-6.663942
84.792833
-27.526185
56.233872
146.361502
27.723073
66.808251
5.208438
25.814753
-87.440954
14.354034
-13.586860
123.707111
-25.967964
12.909727
11.807275
-13.409819
20.006162
14.107612
48.791556
36.018484
-16.248773
11.589137
19.653199
-4.249591
4.088622
121.810001
-1.896339
-2.033143
110.318291
81.914515
-3.503338
-83.918736
-15.214596
24.314530
-64.229341
117.514204
-12.531907
-1.441132
34.954538
-16.874844
7.218500
-50.182469
-18.099895
23.771162
-23.170296
-37.745566
-43.382272
9.104775
13.329020
-51.474697
11.191446
-18.062519
6.212397
-5.048102
-7.603339
39.479057
-70.002085
48.949462
9.128212
-0.888879
-3.505870
-65.119511
31.568614
-21.012964
41.191048
-17.433249
-89.901526
9.380967
-11.274771
-16.029073
22.187576
6.913089
22.677484
2.211506
-142.835845
-42.684201
63.952785
114.443781
9.496625
0.543300
41.165772
129.321821
36.431023
29.167917
9.143429
-14.733051
-9.679560
10.204786
51.730663
-40.453139
82.291887
-18.652400
-17.938498
0.238860
9.265852
-30.250514
-24.639517
16.699575
-7.684681
0.072395
2.828515
-16.596468
-89.505367
-20.330887
108.666856
-28.373028
-53.056729
-13.297142
-8.424153
-15.777642
-88.366765
-71.851125
1.521570
-87.780497
-3.954543
-140.055749
1.974213
138.119112
137.166398
35.534467
30.386128
-4.285360
176.429634
3.361197
8.301790
-62.926706
-31.872757
-9.939850
13.531096
-32.732856
-0.961999
-8.050770
-7.402969
-5.315496
-5.761782
22.026993
-13.711252
-34.603930
19.881864
56.859091
-20.350627
73.286444
5.164218
-32.647406
-66.936545
-217.660702
-11.296710
33.291182
22.918326
-14.896198
3.314831
-2.039153
-37.305974
24.285678
1.106253
-6.673005
48.246998
-37.105179
-137.249252
-11.184655
-18.395927
0.963351
-8.006419
21.121353
-5.596009
10.253292
0.615938
11.923180
-46.043059
134.286066
-44.953112
-59.338636
-12.726574
150.215732
-19.982372
55.750800
-1.189113
2.282525
-4.724358
25.970618
4.588601
-24.731006
15.246866
-30.407575
-53.239670
-133.231420
-33.658174
-2.640004
13.756885
115.322141
-49.541346
-42.284195
-19.729032
41.740824
5.372937
37.093267
49.546352
-8.197926
154.200859
34.648002
8.157392
-18.117691
-48.221550
-10.402950
35.802056
44.786963
-23.102862
-0.909255
-71.281978
41.693397
-3.579362
-18.490737
0.224380
27.288989
5.402301
-13.116923
25.774139
23.704567
-29.433897
32.097792
12.311658
-1.156219
0.997594
-11.044162
45.241100
5.917701
140.029536
-7.058568
-8.578721
-36.947991
87.935600
-13.499030
-14.058351
37.585195
24.737437
-28.641581
7.336069
0.134906
2.596495
13.693034
6.037604
-1.997390
0.500298
-38.818766
47.771019
-38.517323
5.887772
58.338616
-25.839026
-23.925930
-12.550045
23.605373
70.518677
54.655891
3.590582
4.451682
26.004742
4.801112
-5.775291
34.042540
-21.900205
-35.173138
-7.280665
-23.666390
-10.798962
127.315070
-15.926496
-46.408315
-18.538623
-27.118777
-8.636223
23.758440
0.841215
45.681877
44.101689
-15.043025
74.026345
-64.605775
-47.808708
-4.891575
-28.879555
-27.007233
26.487234
-8.413428
22.682234
-4.751315
-13.914204
-120.875530
-44.168212
3.416312
17.160976
32.898602
4.777909
0.734041
-53.438951
-19.122348
187.879072
-134.647506
-6.776134
9.865115
11.525779
-66.093430
-8.597346
42.200561
63.483962
-89.295253
-29.422956
52.304129
32.630865
25.918972
128.644273
-14.088890
1.960390
144.943489
2.350509
10.195912
-7.300646
125.409108
-21.913689
-32.357889
42.073593
-135.788704
132.059268
-7.286466
36.539704
17.001311
16.584766
-1.034371
26.254829
-18.513514
-32.669767
-61.693476
9.235530
-139.583438
-32.671913
-16.710799
-13.762934
2.621086
-11.995696
8.080159
-29.751127
3.427948
53.265322
-29.519727
110.147279
-5.463619
37.961761
166.415172
-0.523679
-19.587376
-18.973337
139.616149
26.371692
28.111861
-20.698704
35.698501
38.617126
-11.940385
6.561301
1.137110
41.604903
