8.733758 8.967850 26.998446
11.168633 10.056978 31.647169
-1.130987 -1.471680 15.928441
2.245702 0.302779 23.738140
6.380103 9.939229 17.769729
4.045296 6.090555 16.527001
-13.538520 -7.539018 39.035920
2.544465 0.396990 24.281707
-2.896392 -4.443213 15.397003
10.789160 7.957522 32.925014
-5.636631 -5.439360 23.955790
1.106850 2.239579 4.865191
8.322777 8.471770 26.601761
-8.907306 -5.889488 30.976323
-4.730454 -7.295913 17.820800
5.705439 11.105009 8.248830
8.463356 8.168506 27.357446
0.764445 -0.242394 20.572738
-7.285051 -7.886926 24.664714
5.948209 9.248917 17.663423
-11.216024 -17.600073 21.190844
-3.294490 -7.691029 27.284907
-10.276299 -7.965592 31.798474
13.372527 6.931403 39.163278
11.031771 13.363398 27.334774
-10.975917 -11.906403 29.063133
-6.875657 -0.610800 32.149145
-10.780611 -9.453725 31.386140
-1.430070 -2.646738 9.349419
9.087559 8.990719 27.869093
-7.305065 -1.603573 32.008397
8.204727 5.062491 30.367539
-8.752837 -8.565381 27.570191
-9.436770 -9.473051 28.136889
-7.228185 -4.994235 28.375281
14.594729 18.016604 31.532079
-14.824002 -12.719427 37.542871
-6.051377 -7.677578 21.221099
0.508137 1.920708 20.576660
10.287375 13.713693 24.588160
-8.540060 -8.228026 27.471638
-7.662340 -10.506375 21.345923
-5.687970 -9.989354 12.955141
0.785623 -1.240509 22.977564
-14.755978 -22.109102 26.682738
-8.733518 -6.824064 29.601260
-2.835546 -5.523520 7.227364
-8.331818 -4.901867 30.794412
11.951812 12.920918 30.379049
8.535977 11.647374 22.280842
1.676668 -2.410824 26.630572
-7.701181 -7.510588 26.312544
1.871915 1.815452 19.173275
-4.879610 -7.076019 17.886117
11.328352 9.434627 32.657313
5.603896 5.794936 23.278270
10.998372 3.060859 37.481698
-12.326628 -10.865012 33.509368
-7.131254 -3.759663 29.554147
-5.328174 -5.096019 23.669299
-11.580337 -11.573095 31.016827
9.034422 2.414450 34.410257
4.751616 9.690958 5.236076
5.871905 5.738315 24.119007
5.993067 5.770843 24.394373
12.925900 6.819916 38.345761
-4.799027 -4.368160 23.425515
-2.516875 0.489334 25.562274
-6.755048 -4.745376 27.635406
5.454812 2.022787 28.150819
9.788206 4.124640 34.380487
9.008022 8.546854 28.223254
3.534068 2.336439 23.485782
-8.755340 -11.486904 23.295861
-9.518863 -9.412874 28.416674
-10.565078 -9.003001 31.368858
-4.969973 -2.425751 26.675481
-6.470060 -4.233709 27.633884
0.271616 0.538351 5.951976
7.446794 8.580591 27.167279
-5.155591 -8.456682 15.487063
-8.446035 -10.062873 24.643969
-7.644607 -7.303433 26.450469
-8.097548 -5.484093 29.692748
-5.917134 -5.616760 24.430467
7.724590 -6.365792 38.442411
-13.868312 -12.690988 35.332829
-6.065206 -7.298942 22.003697
-6.172471 -10.045341 16.182876
-5.047949 -6.765125 19.446715
-6.850282 -9.022492 21.354304
-5.115957 -5.693346 21.986747
-0.843980 -0.753728 17.407907
-8.114838 -8.562293 25.931495
-4.653856 -5.851687 20.045909
-14.598615 -17.522617 32.121583
-0.066194 -0.959908 19.196943
-1.468506 -0.732921 20.579236
-7.316741 -7.040666 25.980733
-2.281598 -3.833787 14.587632
9.178352 13.806231 20.647159
11.567735 21.207439 15.341061
2.743938 4.030271 16.103447
13.093478 23.574414 17.657104
-9.653227 -16.955176 15.584724
-6.582374 -5.850071 25.792166
-12.183774 -21.275640 18.110621
-9.960163 -10.674900 28.067445
-8.498531 -8.097699 27.535160
8.044085 8.020762 26.494623
-7.695315 -7.096719 26.851543
-5.929485 -9.750537 15.406861
-5.028477 -5.228495 22.580627
3.306701 5.218833 18.003571
6.184869 11.549917 10.556120
-9.169666 -8.175137 29.056648
0.134530 0.249444 8.554909
-6.639056 -4.318710 27.897290
3.402890 7.363016 26.744868
8.135661 10.140832 23.581062
0.352749 0.099648 16.967415
7.275968 8.805129 23.156091
-12.121141 -13.273544 30.405073
-5.283130 -7.463037 18.709228
1.372542 2.467809 11.102260
-5.388771 -8.638074 15.838725
-10.669877 -11.700190 28.520885
-10.671592 -10.055169 30.473272
-9.340018 -7.592873 30.109166
-3.798425 -7.362561 7.741952
-9.218885 -8.826957 28.395187
-6.517493 -9.024677 20.120604
-8.398383 -10.527682 24.341033
6.655042 7.238621 24.062210
3.163959 2.569289 22.022566
-4.487969 -1.813934 26.454697
-4.834487 -8.223435 13.686400
-6.410092 -11.091100 13.928585
9.370336 7.055744 30.755021
-8.847118 -13.383362 20.215124
-11.554204 -3.720846 38.023756
10.072567 9.921049 29.172755
-14.221818 -19.738419 28.243270
12.388557 8.571486 35.788336
-5.065939 -3.691598 25.165333
9.283980 4.181979 33.361930
-9.270251 -13.729941 21.033389
-5.888364 -4.823046 25.530002
-6.821963 -5.190400 27.234166
-0.983902 -1.840537 8.811141
6.412810 -1.987406 33.576098
8.162545 8.795418 25.728636
-6.911180 -7.365384 24.427061
4.147407 4.962132 20.184678
0.302352 0.197558 15.756153
-3.784196 -6.241123 15.014866
-9.131064 -9.969251 26.705633
7.460807 1.573691 32.314055
12.733620 21.761114 19.581178
-4.255941 -4.314076 21.935867
14.423359 12.799677 36.536561
-7.573365 -7.178170 26.440662
9.849912 12.638440 25.073718
-5.515172 -3.320740 26.696604
-11.310943 -12.705161 28.958498
-8.086206 -5.859774 29.259903
13.149593 6.315179 39.180029
6.844169 10.758074 17.375318
3.613341 3.623519 21.274369
10.869892 9.011408 32.052048
-8.746863 -7.274773 29.120733
1.852858 0.775003 21.769890
-5.009143 -5.153880 22.657670
-7.972327 -6.810240 27.879746
7.274522 2.893202 30.728105
-13.615800 -14.669166 32.692074
-10.855874 -15.927557 22.848608
-8.908846 -8.730318 27.749733
3.925260 6.466925 14.234884
0.812886 -0.971588 22.495792
11.194779 3.149210 37.777760
2.779325 0.222274 25.069676
10.903675 8.735246 32.408167
5.850585 7.460841 20.953416
-11.274265 -12.971357 28.524356
-11.640163 -10.137977 32.675080
7.378821 11.703618 17.505653
-10.584714 -9.833701 30.513187
11.456313 19.079655 19.320677
8.904684 8.336597 28.230013
0.221214 -0.120893 17.110325
-6.450716 -7.789519 22.343430
-3.880125 -6.880370 11.956420
-7.236485 -7.595681 24.970955
11.507716 16.147217 24.726414
2.272983 3.814991 18.489177
-9.738019 -9.138864 29.281486
2.963716 -0.098131 25.904918
-8.960136 -14.688281 17.672447
-11.119519 -7.893457 33.696166
10.707103 7.938125 32.766320
11.563898 13.226006 28.986631
0.375366 0.603206 12.079161
5.792317 -3.864468 34.104132
-10.550513 -3.814520 36.072917
-8.959902 -5.991152 30.991302
-5.146917 -6.979113 19.335310
-6.076104 -7.534398 21.589300
6.168167 9.971423 16.085562
-5.892865 -10.150302 13.925582
-11.617286 -10.447058 32.285651
-4.123949 -5.121131 19.713879
-14.318480 -9.309363 39.284456
-11.367657 -16.863003 23.072889
-4.369036 2.937536 31.312122
-13.077346 -17.925692 27.151647
-8.365256 -5.412885 30.341352
9.358540 8.645973 28.951014
-10.307625 1.010459 39.089941
10.604901 4.609257 35.535703
14.914490 19.433066 30.749538
12.594838 10.926673 34.067606
-5.520278 1.943321 32.170693
17.942807 15.196839 42.784646
-1.858219 -1.837208 19.042486
8.864546 9.211288 27.013851
-10.145020 -13.560825 24.375145
-9.993506 -10.377649 28.418746
-4.425029 -6.021790 18.674663
-7.974717 -6.938428 27.726999
-14.409061 -15.212069 34.142148
-2.249912 -3.943547 12.256041
8.287072 9.415786 25.167564
-5.067477 -6.297182 20.593390
-12.550733 -12.528851 32.325771
-16.115938 -22.312873 30.832738
6.738166 9.832315 19.194477
-1.301767 -1.169464 18.508809
-3.307496 -3.834739 19.665078
2.965465 -0.731098 26.743254
-7.728547 -8.069571 25.602218
-11.828958 -16.983428 24.481627
12.870195 8.162019 37.154277
-8.411477 -11.704246 22.108793
-1.743308 0.559387 24.030088
10.965496 13.037730 27.586301
-2.933448 -4.888143 14.653230
7.467302 2.212682 31.743514
-3.737854 -1.945299 24.619354
1.863417 2.547452 16.371577
3.137825 1.055200 24.599144
-7.053309 -13.014055 11.596929
-7.986452 -8.521073 25.646139
6.805142 5.665741 26.582744
6.450463 14.234871 0.662283
5.663824 7.706651 19.713685
7.730167 8.219280 25.390235
7.900470 1.048598 33.536849
5.636940 9.394852 15.073928
-7.777280 -5.798182 28.644157
5.831025 -0.064619 30.990793
-4.469536 -7.620487 13.766234
-11.273403 -14.659644 26.227512
-3.127796 -10.683053 4.225521
6.062639 8.213408 20.136547
-3.634924 -1.084445 25.646408
-9.385603 -11.539391 25.165438
-8.538652 -16.252993 11.018755
-1.616805 -2.662062 13.092661
7.426095 3.472822 30.438611
7.418729 4.392860 29.456547
-6.041534 -3.962525 27.032751
1.403723 2.653292 18.565500
8.804038 9.132163 26.962040
9.936500 3.686357 35.026824
-7.571958 -9.360634 23.131393
-4.014131 -6.968729 12.598296
-9.108016 -12.980571 22.052284
-9.090323 -14.753640 18.121436
9.040960 8.089727 28.853419
-9.968436 -11.215255 27.273672
-7.223159 -11.674871 16.812324
-13.481827 -20.512105 24.647151
-8.911712 -8.850240 27.604397
7.518333 5.662115 28.233063
-0.276779 -2.337955 22.508454
-10.148858 -8.872466 30.552405
7.895065 6.822033 27.683386
2.077840 2.012210 19.500462
3.288802 1.664369 23.988442
-14.233458 -19.627137 28.430013
-8.100071 -7.874018 26.833177
9.171883 13.273160 21.540155
-2.188887 1.227750 25.960024
-11.357035 -12.359035 29.504557
-4.069942 -3.881588 22.199803
-5.859917 -7.451728 21.005350
6.401094 8.490968 20.813970
3.751521 6.992947 9.621731
-0.009155 0.226579 15.446150
14.326731 17.209408 31.728491
-7.409489 -6.789699 27.269606
-8.294087 -7.242580 28.107087
-1.531057 -13.415766 33.907477
-12.380541 -13.953398 30.283601
-1.274065 -2.231180 12.917562
-3.381944 -3.081491 21.657963
6.090281 2.701796 28.632256
-10.658063 -5.219859 35.130902
5.602927 11.133423 7.079408
7.078055 8.614695 22.866136
-6.484683 -9.654146 18.524051
-7.524037 -3.601017 30.500280
-10.608069 -13.722566 25.575338
12.290570 22.007319 17.100274
-5.204513 -8.162615 16.316633
-2.139345 -3.739340 12.408596
-9.163031 -2.140372 34.865719
-3.534190 -3.927413 20.315211
-7.721164 -7.975497 25.716969
-5.278811 -7.029862 19.749436
0.340509 -1.112148 21.395038
1.029132 1.960783 17.139135
7.511353 7.787019 25.429827
7.591645 7.486940 26.065026
-12.037747 -15.424628 27.444807
1.372462 -1.286183 24.423083
-0.077819 0.657265 18.767273
1.854126 1.226992 20.722630
-7.464603 -9.318954 24.253439
-14.239602 -19.135832 29.100133
7.044306 4.518643 28.531160
12.490570 7.478806 36.931105
9.281194 11.046554 25.603045
-3.201302 -4.959145 15.381756
3.694924 3.418855 21.954644
6.091856 9.714336 16.438934
-1.633129 1.612448 25.452982
2.564469 0.593765 24.007149
-11.975549 -16.863199 25.159892
-10.816015 -8.407114 32.542088
-12.386440 -10.054880 34.432098
-2.918207 -3.579816 18.680625
-10.573420 -2.283826 37.281880
-4.315385 -6.328619 17.250995
1.911664 11.203253 31.946078
-5.358494 -6.729383 20.720002
16.078617 9.169770 43.132235
6.984503 11.998354 14.617927
-0.883288 -1.612590 9.745125
7.053674 11.564750 16.393739
-9.132514 -6.237672 31.094300
-4.393262 -4.223719 22.524205
-7.186272 -3.452270 29.988772
2.373205 0.787929 23.200832
1.046319 4.760851 25.519209
5.071610 7.289966 23.073991
9.147652 6.940219 30.390119
-10.907930 -11.794554 29.023450
4.257188 6.698201 15.650337
3.070899 3.962426 18.251980
-4.660888 -5.699672 20.418363
8.768912 7.262911 29.197244
14.954253 4.103755 44.222514
1.522980 2.915937 7.839617
-3.609883 -1.283967 25.310683
-9.522765 -7.178945 30.958648
-8.354155 -8.066066 27.217836
7.453115 7.754616 25.321125
-4.302693 -3.968005 22.726190
-8.631946 -12.190172 21.615290
7.461813 11.966982 33.166153
-5.301361 -7.555819 21.381232
2.986063 5.179984 12.217106
5.554291 8.447600 17.323011
-5.350729 3.148380 32.916253
-9.223688 -10.133771 26.722098
-4.059618 -5.832724 17.455661
-8.601945 -10.813341 23.925976
-3.188300 -3.840507 19.150465
-6.687553 -5.159999 26.968167
-10.218193 -12.699812 25.910656
8.311359 8.507981 26.523004
3.412717 5.700922 14.452403
9.038745 10.367584 25.888668
1.869459 3.521332 20.194969
7.706857 7.877273 25.818448
2.304973 1.660174 21.244671
16.756125 21.862838 33.308668
-10.067390 -14.040066 23.332695
-4.703919 1.162099 30.177577
-2.159285 -2.994622 16.484330
11.528395 8.874364 33.664083
-7.897932 -6.917894 27.570489
0.853720 1.065874 15.727716
-8.089950 -7.780815 26.930769
8.653750 -0.777737 -0.629300
-5.472823 -6.526185 21.534061
-7.714671 -9.945616 22.569416
4.636330 -1.088398 29.996226
-7.005747 -10.675937 -3.884034
-14.540927 -12.736812 36.868895
-8.870066 -15.132512 16.142146
-9.907019 -10.826481 27.622108
-3.856642 -6.474332 13.640814
-11.322200 -13.902834 27.432872
12.393628 16.394921 27.171929
-10.614738 -10.384294 29.961790
6.750985 5.322825 26.902497
-8.973629 -4.955892 32.037960
0.387712 6.470596 28.629798
-4.618099 -7.549745 14.823648
-0.805669 -1.135741 14.596124
-5.651221 -5.055957 24.595255
6.940378 7.993631 23.502358
-2.617728 2.857496 28.649906
-10.344860 -15.013487 22.619190
0.022302 0.639913 18.018891
9.971722 10.158512 28.634314
-8.556663 -9.283038 26.102279
-8.909278 -9.951364 26.121486
-6.009670 -4.651415 26.058368
4.932218 4.818257 23.027743
-9.181411 -7.411322 29.952131
-2.272954 -3.760437 17.251596
8.458531 14.326440 16.135146
-9.994379 -5.360266 33.699300
-7.572775 -8.089756 25.152643
6.388843 9.437424 18.633543
-10.167749 -7.744545 31.785308
0.253139 0.688085 15.996337
-8.667358 -11.151407 23.575992
-6.602534 -7.245397 23.743228
-8.659019 -9.628444 25.892533
11.138910 13.325603 27.688601
14.088022 13.329866 35.239969
5.199747 8.522988 15.072459
-2.958962 0.563834 26.516568
-10.389791 -8.663490 31.328499
3.941418 -0.556188 28.272796
-2.268752 0.702737 25.372473
-8.535608 -11.531711 22.487664
-13.369348 -15.095118 31.586316
-3.191561 -3.564969 19.890642
5.221317 7.951766 18.274284
-9.032421 -6.598249 30.503759
3.928723 -2.895110 30.630311
-6.809474 -1.446791 31.268574
-0.473903 -0.503055 15.457864
-0.489644 -0.616203 14.660277
13.252449 10.911634 35.581253
-9.911388 -15.915542 19.190090
-13.347841 -18.611488 27.030755
6.381609 4.072648 27.637795
-7.683469 -14.259592 -2.088440
-4.418930 -7.568434 13.567541
7.135357 3.047340 30.306394
-4.095084 -6.735568 24.264291
-4.579332 -3.037543 24.962482
-9.912808 -11.124788 27.243889
16.424215 11.759322 41.971357
-4.151266 -5.667157 18.398980
3.825637 6.199448 14.644154
-11.007348 -12.597809 28.278200
7.930748 4.572289 30.315825
-5.154063 -5.707606 22.079773
-7.183550 -3.996920 29.404129
-0.906209 -0.857467 17.359061
-16.363630 -14.549896 39.557959
-0.576333 -5.134068 26.795785
-4.769227 -5.721122 20.764297
-0.824070 -1.497762 14.782269
-6.391212 -7.362677 22.917728
-7.752797 -6.725919 27.466907
4.193338 6.649972 16.708950
-10.414121 -8.011050 32.055284
-7.058704 -7.681924 24.347522
-4.325663 -6.329669 17.302131
9.897345 -0.948163 38.370434
4.331642 6.630030 16.352794
-6.175322 -5.893009 24.690682
-12.034697 -5.374517 37.696412
-1.881254 1.804584 26.182391
7.337589 3.003210 30.739272
-2.044672 -0.410725 23.043045
-8.836892 -8.258788 28.161123
2.534143 4.157601 18.317984
-3.025179 -5.092248 14.129769
-1.658922 -2.488826 14.896482
2.339638 3.765274 14.030839
0.906997 -6.225908 29.851694
-5.060681 -8.864458 12.741714
12.350104 12.658903 31.687498
9.043572 9.584717 26.983927
-5.364067 -4.555961 24.617712
-7.472290 -4.918165 28.987646
-1.024941 -2.330556 19.585451
12.170877 8.173705 35.679845
-6.676782 -8.279651 22.178217
-4.908595 -4.140870 24.091923
3.593500 3.569306 21.323171
8.950215 8.351953 28.321545
-3.916886 -6.692372 13.103585
-5.511588 -8.643662 16.517490
-15.610567 -6.948077 43.689912
-3.658702 -5.659486 19.495631
-7.997303 -6.642710 28.142004
2.034424 2.821823 16.363546
2.238376 4.208363 8.902311
-9.045104 -7.675908 29.344365
-9.324503 -13.251040 22.134265
-6.280147 -7.802963 21.758506
-2.865052 2.575491 28.723103
-7.690292 -13.483153 14.212070
-1.329493 -2.305871 15.122608
-10.787651 -10.777161 29.932867
-5.783946 -10.513432 11.583330
-7.180702 -4.682613 28.633558
7.310855 8.734498 23.383134
-13.975067 -12.633245 35.639656
7.081782 5.816060 27.040114
7.259607 7.312975 2.634590
-10.967947 -13.254493 27.383267
-6.793491 -0.383843 32.209797
-9.015738 -8.274294 28.573392
-4.886544 -6.673746 18.996331
-6.899718 -4.329187 28.442395
-10.692297 -15.229466 23.526672
-11.026077 -7.180871 34.157237
-0.353425 1.414931 22.173013
3.278092 -0.004254 26.395418
0.835890 1.418612 11.846189
-3.782526 -1.566003 25.283773
-0.498294 -0.973795 14.687369
9.927175 12.047632 26.004000
-10.315964 -0.750693 37.924334
12.690385 12.812336 32.366111
12.131704 -0.758312 42.014694
4.210830 5.537446 19.018336
-2.985266 -3.907530 17.993983
-7.917780 -13.915245 14.267799
7.882793 8.530026 25.351849
7.288733 -3.299303 35.868930
1.351266 2.342469 13.808334
-12.378469 -15.112926 28.844897
5.237785 6.553691 20.659038
-8.008450 -8.589309 25.607493
-2.427433 -3.925204 13.967537
12.860988 11.472825 34.149756
-8.380898 -8.040463 27.317425
8.350779 9.186059 25.680706
12.914518 12.154556 33.608464
-10.100185 -7.286391 32.099549
9.112576 9.278222 27.563862
1.391949 2.857288 4.049073
-4.042947 -2.349296 24.721538
5.881557 8.188687 19.473870
-8.633189 -12.944899 20.124081
-10.079346 -8.942330 30.313837
-8.038780 -8.065808 26.419866
-6.775910 -10.342200 18.126089
-0.435388 -1.116025 17.293340
-10.340048 -7.957775 31.946551
-13.011679 -17.073332 28.114367
11.068835 17.101240 21.561453
-10.229720 -5.111175 34.383861
15.241468 10.979092 39.956203
1.094414 -1.302372 23.838169
5.020716 3.069622 25.934970
-9.180597 -13.378200 21.373017
-12.390820 -13.501802 30.840052
8.723702 -0.939540 36.442991
-3.517237 -5.000409 17.234380
-1.598035 -2.836741 11.727633
-12.236933 -14.748732 28.912634
2.734129 -1.503466 27.290933
-13.798311 -10.049267 37.555384
-1.308495 0.864063 23.551341
6.412521 2.253624 29.740321
-7.141881 -6.625631 26.112321
-0.318902 6.946742 29.916826
8.580860 9.879463 25.310265
8.780758 8.266017 28.015688
-10.355927 -10.318824 29.401121
-8.194988 -8.969043 25.567210
9.762206 -1.236569 38.338758
-0.754028 -1.367024 14.173847
5.178670 5.056240 23.319280
-7.092936 -9.189221 21.873807
0.503106 1.122795 16.533464
-4.957520 1.731344 31.115096
-8.179264 -8.356837 26.386062
-10.629528 -13.114425 26.521956
-8.478085 -6.907321 28.931460
-4.206214 0.160739 28.294996
-8.908914 -9.630062 26.566410
2.716962 -1.332220 27.051250
-2.443937 -9.325296 29.926187
1.076062 1.887036 11.149433
3.404526 3.131448 21.626562
-6.608575 -6.423661 25.035428
-4.997938 -6.332299 20.258391
-10.983622 0.108295 39.645821
9.659793 15.589507 18.798424
9.080679 8.553919 28.391521
6.459299 5.567303 25.881944
3.033285 3.938398 18.139728
-0.848333 -1.199060 14.649288
0.162944 0.187641 13.181939
4.097372 6.815752 14.036669
3.294846 5.194835 19.350538
7.408601 11.433535 18.316872
-6.362301 -6.012690 -5.283116
-3.054482 -4.718961 15.349603
8.133539 2.133261 33.022709
6.831551 3.678604 29.035572
11.022095 16.325733 22.755031
-9.058827 -15.770204 15.485249
12.297817 18.279845 24.028776
13.304257 22.935383 17.263300
-9.455948 -12.010181 24.656148
1.726221 -1.901826 26.036188
6.583653 10.718484 16.376752
0.592551 -0.131627 19.501811
-5.925408 -6.920662 22.257930
6.787313 8.469005 22.192194
-5.655430 -10.044032 12.493624
-9.413214 -11.784186 24.875604
-12.664280 -18.486963 24.968042
-6.360781 -7.691624 22.233033
-4.244538 -7.806118 10.398538
4.430132 8.633121 7.669883
9.423209 2.630920 34.939478
8.815975 11.021218 24.251327
5.766068 6.401174 22.703507
-6.372672 -7.281640 -7.297961
4.237527 7.691523 11.044397
-12.712933 -10.458181 34.793713
-5.605924 -4.119833 25.837789
14.766825 19.106475 30.717148
-4.369922 -6.831665 15.876615
-8.970965 -8.390704 28.324485
0.843188 5.461883 26.884953
8.168741 8.438698 26.246184
-9.801413 -3.009417 35.323867
-5.767882 -4.872068 25.163287
11.912002 15.695701 26.721991
-4.363708 -4.922012 21.052534
9.681368 3.954558 34.321942
-11.602551 -10.581669 32.110581
8.902466 8.988188 27.403605
-9.038926 -4.535812 32.563943
-9.168061 -8.631389 28.509441
8.004147 5.806462 29.133698
11.992010 15.962275 26.551658
3.002311 -2.234701 28.568577
2.948355 2.185768 22.141549
6.647261 10.338288 17.947606
9.170285 3.832956 33.456860
-5.811720 -7.095886 21.552473
-4.076226 0.947765 28.929293
1.452639 1.212351 19.122942
8.163862 7.823780 27.058867
-5.814560 -6.295573 23.034479
-2.769478 -4.705929 20.872207
-12.631236 -14.115956 30.755024
-3.672817 -5.825470 15.112400
-6.802500 -5.597192 26.666631
-2.401396 -1.415544 22.071994
-7.556008 -5.302652 28.730722
-11.611219 -9.702035 33.029330
-8.397705 -9.660341 25.116094
12.539820 18.171304 25.026718
-5.243636 -3.180426 26.283019
-12.287127 -18.079945 24.304227
2.192265 3.784740 19.290691
-3.430389 -2.141065 23.549540
-0.808321 2.498298 25.217736
-7.177493 -5.511835 27.642526
8.465189 8.069626 27.488659
-9.932418 -11.325502 27.027387
6.098047 3.198648 28.079769
-7.652701 -10.157324 21.975882
12.357265 15.732347 27.997403
-6.948220 -5.181027 27.531820
18.730130 20.483827 40.222112
7.129279 12.966597 -0.980373
-10.920862 -16.297136 22.437420
-6.645502 -6.436029 -5.290971
6.500357 11.796716 12.049470
9.591932 10.167938 27.650209
-5.629753 -6.467750 22.158259
7.857899 4.772644 29.955610
-8.388933 -6.636939 29.050717
-10.194847 -5.782912 33.720255
8.372280 2.504423 33.131892
-12.383222 -8.711159 35.659545
-1.238011 4.237412 28.175418
9.851082 11.723092 26.249384
0.912078 -2.000833 24.632918
2.385903 2.762144 18.650064
1.134505 9.845706 -0.995961
7.829683 12.109414 18.590458
5.379904 8.105353 17.424178
6.598221 9.996497 18.759231
-4.822253 -4.195582 23.774958
-8.711027 -3.913427 32.502563
-6.920095 -6.159825 26.198855
6.809377 7.923944 23.225450
-12.641771 -21.786258 19.135662
-5.786851 -2.994946 27.678075
-6.449035 -9.492343 18.763519
2.251492 3.763467 18.140194
0.026610 1.523087 21.230184
-10.241909 -5.805397 33.800552
-0.620553 -1.456888 17.804987
6.944047 -1.443864 33.974080
-3.908291 -6.110977 15.594402
6.349706 -6.581737 36.727728
-10.136954 -7.203454 32.260463
-3.513631 -5.660222 21.778564
8.121431 8.323157 26.281785
6.819841 8.003751 23.121586
3.140733 4.779674 15.715374
9.883685 5.488716 33.362238
-9.501161 -10.345507 27.178710
11.967088 15.837264 26.686716
6.877211 1.305950 31.522226
-2.047182 -4.031972 21.521112
-3.722101 -5.680542 16.027544
2.893057 4.270482 16.124836
-2.070935 -4.260480 5.968131
-12.522895 -15.045264 29.361661
-5.752750 -1.748520 29.027853
9.256025 9.515556 27.624795
-1.037334 2.942594 26.265266
-10.632849 -12.649858 27.175310
-5.100384 -8.775824 13.620084
6.535041 8.249807 21.762496
6.653353 3.723727 28.619914
-7.800814 -9.936568 -1.294761
12.249719 7.279955 36.603512
8.649045 12.395898 21.284749
-7.829833 -7.086767 27.192705
-9.696227 -2.001715 35.925571
-6.144094 -9.642884 16.922520
3.762358 7.524307 6.039723
11.190625 12.622276 28.740836
-3.079153 -0.955719 24.619288
7.549656 7.955043 25.288045
6.581988 8.201170 22.011478
-11.232368 -3.811386 37.353663
-8.658344 -10.033974 25.319456
-8.657108 -5.791387 30.551186
-6.792491 -1.454661 31.230771
-7.998856 -12.846034 17.592483
-9.738869 -14.481882 21.367791
-7.910936 -1.813413 32.902382
8.860995 7.658879 28.937850
6.024701 8.584004 19.133031
2.629539 4.802377 10.351552
-10.494062 -14.914975 23.312006
8.790664 10.833268 24.471213
7.851332 6.714376 27.714037
8.163500 8.091336 26.704502
-6.764367 -3.682053 28.897952
1.410573 4.005539 23.408116
-7.381512 -6.155786 27.310301
-13.128815 -2.971865 41.476614
4.000389 6.087502 20.025211
0.722520 1.618620 17.919294
11.169543 11.876246 29.600323
-13.256121 -11.989342 34.568771
3.101118 2.830710 21.280616
-3.473081 -5.895759 13.743268
8.632433 8.418929 27.457014
-9.782295 -11.795110 25.949107
1.699634 4.102439 22.903351
-5.919125 -4.809741 25.623421
-2.255407 -4.000721 11.677900
8.617776 11.303484 23.160051
-9.864944 -7.739318 31.124269
-9.835687 -12.419443 25.184179
-9.817261 -9.157389 29.450182
-9.594018 -9.178488 28.885949
-9.034966 -6.524433 30.587415
10.437652 13.253951 25.753101
-9.918382 -7.398031 31.594345
-7.799266 -5.545120 28.982878
-5.601881 -1.391638 29.129187
-10.475432 -9.476727 30.650164
-5.049389 -7.023195 18.809866
7.757556 -0.915500 34.862179
-10.784208 -9.634177 31.201428
8.954656 8.613517 28.009889
13.192045 12.236043 34.184414
-9.333970 -13.343243 21.999668
3.147362 4.450795 17.036345
2.147159 3.792735 11.884155
7.171180 5.564030 27.567876
8.089109 11.716142 20.521191
5.657696 9.687749 14.048308
0.943676 2.135065 19.154315
0.022812 0.628911 17.957524
-10.035148 -9.411688 29.678415
-4.686385 -8.541077 10.967028
-4.260415 -4.779612 20.999899
-12.568149 -12.554538 32.341082
-2.662306 -1.542998 22.571340
2.973486 4.878457 15.487827
-5.433343 -0.207081 30.049723
-7.122249 -7.106247 25.385085
12.471223 4.604707 39.113680
-5.749896 -0.553356 30.257610
1.613641 2.891328 18.168865
-1.693638 -2.795466 13.079375
-0.653310 -1.128417 11.259932
7.613516 9.578826 22.886759
8.542783 11.029953 23.381448
3.936750 5.354461 18.280906
-9.255945 -11.653143 24.600797
9.166552 7.919401 29.345844
-7.282624 -7.217833 25.644025
1.554755 2.490963 13.642922
-5.767741 -4.142226 26.182873
-8.664193 -6.876132 29.387726
-0.732039 -0.722016 16.688879
-5.372027 -6.011189 22.195815
-9.780311 -3.241957 35.097161
1.752914 3.035839 17.601557
4.841587 2.538057 26.254472
-11.628083 -8.319463 34.389090
-2.025101 -2.524177 17.546725
-0.756065 1.173645 22.764963
-9.199721 -8.949174 28.197710
-9.691870 -4.240955 34.093579
-7.129141 -4.675847 28.531145
-1.938036 -3.286219 12.507467
-7.940263 -8.493106 25.561690
8.573747 8.923439 26.642806
-3.239699 -0.866551 25.110012
-13.879141 -18.520391 28.810064
-6.831743 1.781252 34.061517
6.320039 6.401686 24.296684
7.774410 7.863177 26.014876
7.958735 7.979643 26.331349
13.360451 17.452737 28.663812
6.044428 10.433132 13.917243
-5.255494 0.249799 30.197537
13.013458 10.417628 35.497804
-10.327678 -14.104327 24.094714
-8.572410 -7.474693 28.481739
6.724103 -6.317378 37.069553
6.957110 10.830495 17.730629
-10.683709 -7.530416 33.120610
-5.230305 -10.057437 8.669802
-8.547863 -5.622197 30.498069
-7.572752 -5.085146 29.014134
0.542464 2.309443 21.624975
4.569744 6.693453 17.457643
-10.840214 -10.505156 30.373499
-6.181073 -7.350831 22.281769
12.721527 25.723707 12.276368
-0.050675 1.560214 21.592257
-15.001799 -14.634724 36.197855
5.952015 7.299926 21.626714
-3.670776 -0.310502 26.747700
-7.261519 -4.464547 29.050794
-6.809417 -6.154561 25.932657
-8.201786 -8.880463 25.713227
16.016936 10.516984 42.015732
15.994468 20.414191 32.742542
-11.029364 -7.198877 34.147713
-8.262608 -7.641617 27.536049
-5.376625 -6.174559 21.901529
8.974611 10.066881 26.138050
-2.857688 2.838185 28.990326
-11.604938 -7.762493 34.845183
7.532824 2.201067 31.872057
0.110481 -0.424865 17.895053
-8.937050 -13.874994 19.403479
-6.697786 -7.884606 22.951720
-9.032855 -6.056975 31.068839
5.146510 4.544785 24.071708
-7.942857 -8.901360 24.967710
-0.241274 -1.347583 19.783042
8.783470 7.653616 28.763144
-8.780432 -11.900424 22.664195
6.261838 5.456698 25.550439
4.013240 0.552949 27.103417
-3.127859 -2.809506 21.414281
-6.285253 -3.598246 28.002592
-10.253706 -17.156317 18.029476
-2.502019 -3.872512 14.966236
-9.791136 -15.592159 19.394973
4.092803 3.402267 23.140032
