86.169691
-41.346127
11.878483
-35.922055
-65.066160
-1.825291
-19.123284
-2.608157
-1.796323
81.524965
13.204960
50.985390
-5.734924
-12.480118
44.021181
-47.892656
-57.466231
8.398067
-23.998716
-79.565869
23.466970
-14.491194
4.678842
-60.652096
-33.756902
90.714509
79.758296
2.677896
-80.471518
40.116272
-17.766806
1.488364
29.264130
18.663425
45.365210
-20.390450
23.951462
3.922293
-41.114518
-1.717939
41.644802
8.331146
-66.589153
33.397128
20.919210
-43.605624
-34.361694
-19.095706
23.908310
-40.651328
-78.148368
5.541950
-58.327787
-38.149050
-2.616167
-26.640156
-40.917587
-19.537415
5.385710
-38.348756
-45.044266
24.816863
21.511141
42.235747
-37.299407
43.289966
-30.296462
-30.074020
38.463090
-49.556953
-26.740929
-29.621429
72.276784
-17.766283
11.419171
-26.767789
-61.436464
-44.657439
-1.876530
0.193911
-4.722531
-0.978360
-8.477087
29.770126
-23.090072
-28.766908
104.801694
-53.245445
66.063653
-6.116667
26.714944
-15.701438
-12.944080
42.507886
7.128294
-48.344413
46.160291
-45.526386
31.991778
33.110378
-36.556808
60.095169
45.648443
31.873847
-44.878940
-98.660477
6.743384
1.328905
13.418225
31.317143
68.056978
-47.162379
74.528767
-26.069478
