-2.212184000000000150e+00 2.123625999999999792e+00
-2.117027999999999910e+00 1.988112000000000101e+00
-2.020535999999999888e+00 1.853958999999999913e+00
-1.923121000000000080e+00 1.721524999999999972e+00
-1.825180000000000025e+00 1.591140999999999917e+00
-1.727090000000000014e+00 1.463122999999999951e+00
-1.629210000000000047e+00 1.337761999999999896e+00
-1.531881000000000048e+00 1.215332999999999997e+00
-1.435422999999999893e+00 1.096087999999999951e+00
-1.340135000000000076e+00 9.802600000000000202e-01
-1.246296999999999988e+00 8.680600000000000538e-01
-1.154165000000000108e+00 7.596770000000000467e-01
-1.063976000000000033e+00 6.552799999999999736e-01
-9.759440000000000337e-01 5.550150000000000361e-01
-8.902609999999999690e-01 4.590060000000000251e-01
-8.070969999999999533e-01 3.673540000000000139e-01
-7.266029999999999989e-01 2.801390000000000269e-01
-6.489059999999999828e-01 1.974190000000000111e-01
-5.741150000000000420e-01 1.192290000000000016e-01
-5.023189999999999600e-01 4.558600000000000152e-02
-4.335849999999999982e-01 -2.351400000000000018e-02
-3.679669999999999885e-01 -8.809599999999999376e-02
-3.054979999999999918e-01 -1.481999999999999984e-01
-2.461959999999999982e-01 -2.038850000000000107e-01
-1.900650000000000117e-01 -2.552240000000000064e-01
-1.370939999999999936e-01 -3.023049999999999904e-01
-8.725800000000000223e-02 -3.452290000000000081e-01
-4.052300000000000346e-02 -3.841080000000000050e-01
3.158000000000000217e-03 -4.190659999999999941e-01
4.384099999999999803e-02 -4.502340000000000231e-01
8.158899999999999486e-02 -4.777500000000000080e-01
1.164759999999999962e-01 -5.017610000000000126e-01
1.485789999999999889e-01 -5.224159999999999915e-01
1.779840000000000033e-01 -5.398709999999999898e-01
2.047779999999999878e-01 -5.542810000000000237e-01
2.290550000000000086e-01 -5.658050000000000024e-01
2.509109999999999951e-01 -5.746040000000000036e-01
2.704449999999999910e-01 -5.808360000000000190e-01
2.877569999999999850e-01 -5.846599999999999575e-01
3.029490000000000238e-01 -5.862330000000000041e-01
3.161240000000000161e-01 -5.857099999999999529e-01
3.273849999999999816e-01 -5.832420000000000382e-01
3.368329999999999935e-01 -5.789769999999999639e-01
3.445699999999999874e-01 -5.730619999999999603e-01
3.506969999999999810e-01 -5.656360000000000277e-01
3.553120000000000167e-01 -5.568349999999999689e-01
3.585139999999999993e-01 -5.467910000000000270e-01
3.603970000000000229e-01 -5.356319999999999970e-01
3.610550000000000148e-01 -5.234779999999999989e-01
3.605780000000000096e-01 -5.104459999999999553e-01
3.590550000000000130e-01 -4.966479999999999784e-01
3.565710000000000268e-01 -4.821889999999999787e-01
3.532089999999999952e-01 -4.671699999999999742e-01
3.490480000000000249e-01 -4.516859999999999764e-01
3.441649999999999987e-01 -4.358270000000000199e-01
3.386330000000000173e-01 -4.196779999999999955e-01
3.325230000000000130e-01 -4.033189999999999831e-01
3.259009999999999962e-01 -3.868240000000000012e-01
3.188329999999999775e-01 -3.702619999999999800e-01
3.113779999999999881e-01 -3.536989999999999856e-01
3.035939999999999750e-01 -3.371930000000000205e-01
2.955369999999999941e-01 -3.207999999999999741e-01
2.872560000000000113e-01 -3.045709999999999806e-01
2.787999999999999923e-01 -2.885530000000000039e-01
2.702149999999999830e-01 -2.727859999999999729e-01
2.615430000000000255e-01 -2.573099999999999832e-01
2.528230000000000199e-01 -2.421580000000000121e-01
2.440920000000000034e-01 -2.273610000000000075e-01
2.353820000000000079e-01 -2.129459999999999964e-01
2.267260000000000109e-01 -1.989360000000000017e-01
2.181520000000000126e-01 -1.853519999999999890e-01
2.096850000000000103e-01 -1.722100000000000020e-01
2.013490000000000002e-01 -1.595239999999999991e-01
1.931650000000000034e-01 -1.473069999999999935e-01
1.851520000000000110e-01 -1.355669999999999931e-01
1.773270000000000124e-01 -1.243110000000000048e-01
1.697039999999999937e-01 -1.135410000000000030e-01
1.622949999999999948e-01 -1.032620000000000066e-01
1.551130000000000009e-01 -9.347199999999999953e-02
1.481659999999999922e-01 -8.416899999999999382e-02
1.414610000000000034e-01 -7.535100000000000131e-02
1.350040000000000129e-01 -6.701200000000000212e-02
1.287999999999999978e-01 -5.914500000000000313e-02
1.228520000000000029e-01 -5.174299999999999733e-02
1.171610000000000013e-01 -4.479699999999999654e-02
1.117289999999999950e-01 -3.829599999999999671e-02
1.065539999999999959e-01 -3.223000000000000170e-02
1.016350000000000031e-01 -2.658699999999999952e-02
9.697000000000000064e-02 -2.135499999999999898e-02
8.838699999999999335e-02 -1.206899999999999987e-02
8.446099999999999441e-02 -7.986999999999999308e-03
8.076999999999999458e-02 -4.261000000000000031e-03
7.731000000000000372e-02 -8.760000000000000425e-04
7.407299999999999995e-02 2.183000000000000045e-03
7.105400000000000604e-02 4.930999999999999620e-03
6.824500000000000011e-02 7.383999999999999939e-03
6.563800000000000190e-02 9.554999999999999258e-03
6.322500000000000342e-02 1.145999999999999970e-02
5.111000000000000265e-02 1.855499999999999858e-02
4.996199999999999947e-02 1.884299999999999864e-02
4.893600000000000033e-02 1.898800000000000140e-02
4.802300000000000318e-02 1.900200000000000153e-02
4.315100000000000185e-02 9.468000000000000721e-03
4.315900000000000292e-02 8.651999999999999968e-03
4.317499999999999810e-02 7.842999999999999278e-03
4.319800000000000029e-02 7.046000000000000180e-03
4.322399999999999853e-02 6.263000000000000338e-03
4.151099999999999929e-02 -3.797000000000000028e-03
3.142699999999999660e-02 -3.125999999999999873e-03
3.095200000000000035e-02 -2.980000000000000010e-03
3.047800000000000162e-02 -2.831999999999999882e-03
3.000600000000000142e-02 -2.684999999999999887e-03
2.953599999999999975e-02 -2.537999999999999892e-03
2.906900000000000109e-02 -2.392000000000000029e-03
1.909800000000000039e-02 -4.000000000000000327e-05
1.882100000000000092e-02 -2.000000000000000164e-05
1.855199999999999905e-02 -6.000000000000000152e-06
1.829199999999999923e-02 3.000000000000000076e-06
1.804000000000000048e-02 7.999999999999999638e-06
3.089790000000000036e-01 -2.067785999999999902e+00
-4.392800000000000177e-02 -1.574686999999999948e+00
-3.746459999999999790e-01 -1.116309999999999913e+00
-6.831380000000000230e-01 -6.920969999999999622e-01
-9.694899999999999629e-01 -3.013109999999999955e-01
-1.233891000000000071e+00 5.693600000000000050e-02
-1.476617999999999986e+00 3.836419999999999830e-01
-1.698018000000000027e+00 6.798870000000000191e-01
-1.898497000000000101e+00 9.468140000000000445e-01
-2.078510000000000080e+00 1.185600999999999905e+00
-2.238553000000000015e+00 1.397448999999999941e+00
-2.379151999999999934e+00 1.583566000000000029e+00
-2.500861000000000001e+00 1.745157000000000069e+00
-2.604260000000000019e+00 1.883409000000000111e+00
-2.689944000000000113e+00 1.999494000000000105e+00
-2.758529999999999927e+00 2.094555999999999862e+00
-2.810648000000000035e+00 2.169712999999999781e+00
-2.846944000000000141e+00 2.226052999999999837e+00
-2.868078999999999823e+00 2.264638000000000151e+00
-2.874730000000000008e+00 2.286500999999999895e+00
-2.867585000000000051e+00 2.292650000000000077e+00
-2.847348000000000212e+00 2.284070999999999962e+00
-2.814737000000000045e+00 2.261731000000000158e+00
-2.770481999999999889e+00 2.226579999999999782e+00
-2.715326000000000128e+00 2.179551000000000016e+00
-2.650021999999999878e+00 2.121570000000000178e+00
-2.575333000000000094e+00 2.053551999999999822e+00
-2.492026000000000074e+00 1.976401000000000074e+00
-2.400875999999999788e+00 1.891016000000000030e+00
-2.302655999999999814e+00 1.798289000000000026e+00
-2.198138000000000147e+00 1.699101999999999890e+00
-2.088086000000000109e+00 1.594325999999999910e+00
-1.973255999999999899e+00 1.484823000000000004e+00
-1.854390999999999901e+00 1.371434999999999960e+00
-1.732213000000000003e+00 1.254990000000000050e+00
-1.607425000000000104e+00 1.136290000000000022e+00
-1.480703000000000102e+00 1.016113000000000044e+00
-1.352694999999999981e+00 8.952050000000000285e-01
-1.224016999999999911e+00 7.742759999999999643e-01
-1.095248999999999917e+00 6.540019999999999722e-01
-9.669339999999999602e-01 5.350110000000000143e-01
-8.395789999999999642e-01 4.178899999999999837e-01
-7.136460000000000026e-01 3.031760000000000010e-01
-5.895610000000000017e-01 1.913569999999999993e-01
-4.677049999999999819e-01 8.286899999999999822e-02
-3.484200000000000075e-01 -2.190299999999999886e-02
-2.320069999999999910e-01 -1.226280000000000009e-01
-1.187280000000000002e-01 -2.190239999999999965e-01
-8.805999999999999592e-03 -3.108609999999999984e-01
9.757000000000000395e-02 -3.979570000000000052e-01
2.002480000000000093e-01 -4.801739999999999897e-01
2.991050000000000098e-01 -5.574219999999999731e-01
3.940500000000000114e-01 -6.296460000000000390e-01
4.850169999999999759e-01 -6.968339999999999534e-01
5.719670000000000032e-01 -7.590019999999999545e-01
6.548810000000000464e-01 -8.162009999999999543e-01
7.337630000000000541e-01 -8.685060000000000002e-01
8.086309999999999887e-01 -9.160169999999999702e-01
8.795220000000000260e-01 -9.588529999999999553e-01
9.464839999999999920e-01 -9.971499999999999808e-01
1.009576999999999947e+00 -1.031058000000000030e+00
1.068870999999999905e+00 -1.060737000000000041e+00
1.124443000000000081e+00 -1.086357000000000017e+00
1.176377000000000006e+00 -1.108093999999999912e+00
1.224763999999999964e+00 -1.126125000000000043e+00
1.269697000000000076e+00 -1.140632000000000090e+00
1.311271000000000075e+00 -1.151796000000000042e+00
1.349585999999999952e+00 -1.159798000000000107e+00
1.384743000000000057e+00 -1.164816000000000074e+00
1.416841000000000017e+00 -1.167024999999999979e+00
1.445982000000000101e+00 -1.166595000000000049e+00
1.472267999999999910e+00 -1.163694000000000006e+00
1.495797000000000043e+00 -1.158482999999999929e+00
1.516672000000000020e+00 -1.151116999999999946e+00
1.534988999999999937e+00 -1.141745999999999928e+00
1.550845999999999947e+00 -1.130516000000000076e+00
1.564340000000000064e+00 -1.117564999999999920e+00
1.575566000000000022e+00 -1.103024999999999922e+00
1.584616000000000025e+00 -1.087023000000000073e+00
1.591584000000000110e+00 -1.069681000000000104e+00
1.596559999999999979e+00 -1.051115000000000022e+00
1.599631999999999943e+00 -1.031435000000000102e+00
1.600888000000000089e+00 -1.010745999999999922e+00
1.600416000000000061e+00 -9.891499999999999737e-01
1.598298999999999914e+00 -9.667430000000000190e-01
1.594621999999999984e+00 -9.436160000000000103e-01
1.589466999999999963e+00 -9.198560000000000070e-01
1.582913999999999932e+00 -8.955469999999999819e-01
1.575042999999999971e+00 -8.707700000000000440e-01
1.565932000000000102e+00 -8.455989999999999895e-01
1.555657000000000068e+00 -8.201079999999999481e-01
1.544294999999999973e+00 -7.943670000000000453e-01
1.531919000000000031e+00 -7.684400000000000119e-01
1.518601000000000090e+00 -7.423929999999999696e-01
1.504413000000000000e+00 -7.162849999999999495e-01
1.489422999999999941e+00 -6.901739999999999542e-01
1.473699000000000092e+00 -6.641160000000000396e-01
1.457308000000000048e+00 -6.381609999999999783e-01
1.440312999999999954e+00 -6.123619999999999619e-01
1.422778000000000098e+00 -5.867630000000000345e-01
1.404762999999999984e+00 -5.614109999999999934e-01
1.386325999999999947e+00 -5.363480000000000469e-01
1.367523999999999962e+00 -5.116140000000000132e-01
1.348413000000000084e+00 -4.872460000000000124e-01
1.329043999999999892e+00 -4.632789999999999964e-01
1.309468999999999994e+00 -4.397469999999999990e-01
1.289735000000000076e+00 -4.166790000000000216e-01
1.269889000000000046e+00 -3.941029999999999811e-01
1.249975000000000058e+00 -3.720459999999999878e-01
1.230034000000000072e+00 -3.505309999999999815e-01
1.210104999999999986e+00 -3.295779999999999821e-01
1.190225000000000088e+00 -3.092070000000000096e-01
1.170430000000000081e+00 -2.894329999999999958e-01
1.150751000000000079e+00 -2.702720000000000122e-01
1.131218000000000057e+00 -2.517340000000000133e-01
1.111858999999999931e+00 -2.338310000000000111e-01
1.092700000000000005e+00 -2.165690000000000115e-01
1.073763000000000023e+00 -1.999549999999999939e-01
1.055069999999999952e+00 -1.839919999999999889e-01
1.036640000000000006e+00 -1.686819999999999986e-01
1.018488999999999978e+00 -1.540239999999999942e-01
1.000633000000000106e+00 -1.400180000000000036e-01
9.830839999999999579e-01 -1.266579999999999928e-01
9.658520000000000438e-01 -1.139410000000000006e-01
9.489480000000000137e-01 -1.018580000000000041e-01
9.323770000000000113e-01 -9.040199999999999625e-02
9.161470000000000447e-01 -7.956399999999999584e-02
9.002609999999999779e-01 -6.933100000000000374e-02
8.847209999999999797e-01 -5.969200000000000200e-02
8.695289999999999964e-01 -5.063399999999999845e-02
8.546850000000000280e-01 -4.214299999999999990e-02
8.401859999999999884e-01 -3.420299999999999729e-02
8.260309999999999597e-01 -2.679899999999999990e-02
8.122150000000000203e-01 -1.991300000000000014e-02
7.987340000000000551e-01 -1.353000000000000036e-02
7.855830000000000313e-01 -7.629999999999999630e-03
7.727549999999999697e-01 -2.197000000000000168e-03
7.602419999999999733e-01 2.788999999999999813e-03
7.480379999999999807e-01 7.347000000000000232e-03
7.361330000000000373e-01 1.149400000000000074e-02
7.245200000000000529e-01 1.525100000000000067e-02
-2.509959999999999969e-01 2.547999999999999918e-02
-3.488462999999999870e+00 3.775462999999999791e+00
-3.373915999999999915e+00 3.608582999999999874e+00
-3.251243999999999801e+00 3.436218000000000217e+00
-3.121312999999999782e+00 3.259253000000000178e+00
-2.984974999999999934e+00 3.078540999999999972e+00
-2.843071000000000126e+00 2.894906999999999897e+00
-2.696429000000000187e+00 2.709150999999999865e+00
-2.545862000000000069e+00 2.522056000000000076e+00
-2.392166000000000015e+00 2.334385000000000154e+00
-2.236117000000000132e+00 2.146884000000000015e+00
-2.078466000000000147e+00 1.960275999999999907e+00
-1.919939000000000062e+00 1.775263000000000035e+00
-1.761230000000000073e+00 1.592521000000000075e+00
1.319366999999999956e+00 -1.216706000000000065e+00
1.341147000000000089e+00 -1.214107999999999965e+00
1.359526999999999930e+00 -1.208344000000000085e+00
1.374657000000000018e+00 -1.199640999999999957e+00
1.386684999999999945e+00 -1.188220000000000054e+00
1.395758999999999972e+00 -1.174290999999999974e+00
1.402023000000000019e+00 -1.158058000000000032e+00
1.405620000000000092e+00 -1.139715000000000034e+00
1.340311999999999948e+00 -9.080719999999999903e-01
1.324535000000000018e+00 -8.776859999999999662e-01
7.733430000000000026e-01 -2.012899999999999967e-01
7.506540000000000434e-01 -1.811570000000000125e-01
7.283730000000000482e-01 -1.618880000000000041e-01
7.065209999999999546e-01 -1.434840000000000004e-01
6.851150000000000295e-01 -1.259440000000000004e-01
6.641709999999999559e-01 -1.092629999999999990e-01
6.437030000000000252e-01 -9.343400000000000316e-02
6.237190000000000234e-01 -7.844700000000000284e-02
6.042290000000000161e-01 -6.429200000000000192e-02
5.852370000000000072e-01 -5.095299999999999829e-02
5.667470000000000008e-01 -3.841599999999999876e-02
5.487589999999999968e-01 -2.666299999999999920e-02
5.312729999999999952e-01 -1.567500000000000143e-02
5.142870000000000497e-01 -5.432000000000000196e-03
4.977960000000000163e-01 4.087000000000000355e-03
4.817949999999999733e-01 1.290600000000000080e-02
4.662769999999999970e-01 2.104800000000000074e-02
-4.481175999999999604e+00 3.618758999999999837e+00
-4.480719999999999814e+00 3.610759999999999970e+00
-4.480731999999999715e+00 3.610221000000000124e+00
-4.482160000000000366e+00 3.631470999999999894e+00
-4.483572999999999809e+00 3.653254000000000001e+00
-4.485452999999999690e+00 3.682485999999999926e+00
-4.487798999999999872e+00 3.719186999999999799e+00
-4.490611000000000352e+00 3.763382000000000005e+00
-4.493889000000000244e+00 3.815101999999999993e+00
-4.497632000000000296e+00 3.874385999999999886e+00
-4.501839000000000368e+00 3.941275000000000084e+00
-4.506507000000000041e+00 4.015810000000000102e+00
-4.511631999999999643e+00 4.098035999999999568e+00
-4.368144000000000027e+00 3.980786999999999853e+00
-3.987178999999999807e+00 3.538102999999999998e+00
-3.609433999999999809e+00 3.102965000000000195e+00
-3.236556999999999906e+00 2.676670000000000105e+00
-2.870166999999999913e+00 2.260637000000000008e+00
-2.511817999999999884e+00 1.856360999999999928e+00
-2.162974000000000174e+00 1.465352999999999906e+00
-1.824980000000000047e+00 1.089091000000000031e+00
-1.499041999999999986e+00 7.289719999999999533e-01
-1.186215000000000019e+00 3.862659999999999982e-01
-8.873879999999999546e-01 6.208700000000000330e-02
-6.032800000000000384e-01 -2.426389999999999936e-01
-3.344429999999999903e-01 -5.271890000000000187e-01
-8.125999999999999890e-02 -7.910530000000000062e-01
1.560410000000000130e-01 -1.033940000000000081e+00
3.773790000000000200e-01 -1.255767000000000078e+00
5.828090000000000215e-01 -1.456650999999999918e+00
7.725030000000000507e-01 -1.636892000000000014e+00
9.467379999999999685e-01 -1.796953000000000022e+00
1.105876000000000081e+00 -1.937440000000000051e+00
1.250355000000000105e+00 -2.059076999999999824e+00
1.380668999999999924e+00 -2.162681000000000076e+00
1.497355999999999909e+00 -2.249143999999999810e+00
1.600988000000000078e+00 -2.319408999999999832e+00
1.692153999999999936e+00 -2.374449999999999950e+00
1.771460000000000035e+00 -2.415258000000000127e+00
1.839514000000000093e+00 -2.442825000000000024e+00
1.896919000000000022e+00 -2.458129000000000008e+00
1.944274999999999975e+00 -2.462127999999999872e+00
1.982167999999999930e+00 -2.455750999999999795e+00
2.011169000000000207e+00 -2.439890000000000114e+00
2.031835000000000058e+00 -2.415398999999999852e+00
2.044703000000000159e+00 -2.383090000000000153e+00
2.050291999999999781e+00 -2.343729999999999869e+00
2.049103000000000119e+00 -2.298042999999999836e+00
2.041618000000000155e+00 -2.246712000000000042e+00
2.028299000000000074e+00 -2.190373999999999821e+00
2.009593999999999880e+00 -2.129630000000000134e+00
1.985929999999999973e+00 -2.065037999999999929e+00
1.957718999999999987e+00 -1.997123999999999899e+00
1.925359000000000043e+00 -1.926377000000000006e+00
1.889229999999999965e+00 -1.853255000000000097e+00
1.849699999999999900e+00 -1.778186999999999962e+00
1.807120999999999977e+00 -1.701573000000000002e+00
1.761832999999999982e+00 -1.623788999999999927e+00
1.714163000000000103e+00 -1.545185000000000031e+00
1.664423999999999904e+00 -1.466091000000000033e+00
1.612916999999999934e+00 -1.386813000000000073e+00
1.559930000000000039e+00 -1.307638999999999996e+00
1.505740000000000078e+00 -1.228836999999999957e+00
1.450609999999999955e+00 -1.150659000000000098e+00
1.394789999999999974e+00 -1.073336999999999986e+00
1.338521000000000072e+00 -9.970890000000000031e-01
1.282026000000000110e+00 -9.221150000000000180e-01
1.225521000000000083e+00 -8.486000000000000210e-01
1.169205000000000050e+00 -7.767129999999999868e-01
1.113266000000000089e+00 -7.066090000000000426e-01
1.057879999999999932e+00 -6.384279999999999955e-01
1.003209000000000017e+00 -5.722939999999999694e-01
9.494010000000000504e-01 -5.083189999999999653e-01
8.965959999999999486e-01 -4.465979999999999950e-01
8.449160000000000004e-01 -3.872169999999999779e-01
7.944759999999999600e-01 -3.302450000000000108e-01
7.453739999999999810e-01 -2.757379999999999831e-01
6.976999999999999869e-01 -2.237409999999999954e-01
6.515300000000000535e-01 -1.742869999999999975e-01
6.069320000000000270e-01 -1.273960000000000092e-01
5.639610000000000456e-01 -8.307699999999999807e-02
5.226610000000000422e-01 -4.132999999999999868e-02
4.830699999999999994e-01 -2.142999999999999940e-03
4.452119999999999966e-01 3.450399999999999995e-02
4.091049999999999964e-01 6.864099999999999369e-02
3.747590000000000088e-01 1.003050000000000053e-01
3.421759999999999802e-01 1.295409999999999895e-01
3.113480000000000136e-01 1.564000000000000112e-01
2.822649999999999881e-01 1.809419999999999917e-01
4.490052000000000376e+00 -4.015406999999999726e+00
4.490976999999999997e+00 -4.029179000000000066e+00
4.492416000000000409e+00 -4.051065000000000360e+00
4.494366000000000305e+00 -4.081063999999999581e+00
4.496826000000000434e+00 -4.119186000000000014e+00
4.499792000000000236e+00 -4.165441999999999645e+00
4.503260000000000041e+00 -4.219847999999999821e+00
4.507226000000000177e+00 -4.282422000000000395e+00
4.511682000000000414e+00 -4.353181000000000189e+00
4.516619999999999635e+00 -4.432140999999999664e+00
4.522026000000000323e+00 -4.519311000000000078e+00
4.527885000000000382e+00 -4.614691999999999794e+00
4.278342000000000311e+00 -4.356664999999999566e+00
3.807601000000000013e+00 -3.790325999999999862e+00
3.345896000000000203e+00 -3.239437999999999818e+00
2.895058000000000131e+00 -2.705576000000000203e+00
2.456831999999999905e+00 -2.190415999999999919e+00
2.032828999999999997e+00 -1.695648999999999962e+00
1.624497999999999998e+00 -1.222904999999999909e+00
1.233098999999999945e+00 -7.736859999999999848e-01
8.596869999999999790e-01 -3.493060000000000054e-01
5.050989999999999647e-01 4.915400000000000325e-02
1.699539999999999940e-01 4.208759999999999724e-01
-1.453399999999999970e-01 7.653240000000000043e-01
-4.405780000000000252e-01 1.082249000000000017e+00
-7.157400000000000428e-01 1.371679000000000093e+00
-9.709740000000000038e-01 1.633904999999999941e+00
-1.206574000000000035e+00 1.869456999999999924e+00
-1.422957000000000027e+00 2.079073000000000171e+00
-1.620640999999999998e+00 2.263669000000000153e+00
-1.800227000000000022e+00 2.424300000000000122e+00
-1.962371000000000087e+00 2.562129000000000101e+00
-2.107775999999999872e+00 2.678398000000000057e+00
-2.237166000000000210e+00 2.774392999999999887e+00
-2.351281000000000176e+00 2.851420000000000066e+00
-2.450861000000000178e+00 2.910785000000000178e+00
-2.536636000000000113e+00 2.953770000000000007e+00
-2.609322999999999837e+00 2.981622999999999912e+00
-2.669620999999999800e+00 2.995544999999999902e+00
-2.718201999999999785e+00 2.996680000000000010e+00
-2.755714999999999915e+00 2.986111999999999878e+00
-2.782783999999999924e+00 2.964862000000000108e+00
-2.800006000000000217e+00 2.933885000000000076e+00
-2.807955000000000201e+00 2.894071999999999978e+00
-2.221674999999999844e+00 1.785052000000000083e+00
-4.557333999999999996e+00 5.111171999999999827e+00
-4.557885999999999882e+00 5.119193000000000104e+00
-4.559040000000000425e+00 5.136922000000000210e+00
-4.560787999999999620e+00 5.164331999999999923e+00
-4.563119999999999621e+00 5.201386000000000287e+00
-4.566019999999999968e+00 5.248039999999999594e+00
-4.569469999999999921e+00 5.304241000000000206e+00
-4.415964999999999918e+00 5.143557000000000379e+00
-3.853437000000000001e+00 4.402035999999999838e+00
-3.312288999999999817e+00 3.696921999999999819e+00
-2.793538999999999994e+00 3.028322000000000180e+00
-2.298128999999999866e+00 2.396485999999999894e+00
-1.826886000000000010e+00 1.801712999999999898e+00
-1.380487999999999937e+00 1.244274000000000102e+00
-9.594500000000000250e-01 7.243429999999999591e-01
-5.641059999999999963e-01 2.419479999999999964e-01
-1.946070000000000022e-01 -2.030720000000000025e-01
1.490769999999999873e-01 -6.110870000000000468e-01
4.671449999999999769e-01 -9.826829999999999732e-01
7.599569999999999936e-01 -1.318659999999999943e+00
1.028010000000000090e+00 -1.620020999999999933e+00
1.271922999999999915e+00 -1.887945999999999902e+00
1.492417000000000105e+00 -2.123768000000000100e+00
1.690290999999999988e+00 -2.328943000000000207e+00
1.866408000000000067e+00 -2.505021000000000164e+00
2.021672000000000136e+00 -2.653611999999999860e+00
2.157017000000000184e+00 -2.776364000000000054e+00
2.273388999999999882e+00 -2.874929999999999986e+00
2.371736999999999984e+00 -2.950953999999999855e+00
2.453005999999999798e+00 -3.006045999999999996e+00
2.518123999999999807e+00 -3.041771999999999920e+00
2.568001999999999896e+00 -3.059639000000000220e+00
2.603528999999999982e+00 -3.061093000000000064e+00
2.625569000000000042e+00 -3.047508000000000106e+00
2.634959999999999969e+00 -3.020185000000000120e+00
2.519798999999999900e+00 -2.718191000000000024e+00
2.469539000000000151e+00 -2.631934999999999913e+00
2.411837999999999926e+00 -2.539193000000000033e+00
2.347355999999999998e+00 -2.440779000000000032e+00
2.276737999999999928e+00 -2.337464999999999904e+00
2.200612000000000013e+00 -2.229979999999999851e+00
-4.305257000000000112e+00 7.300135000000000041e+00
-3.660941999999999918e+00 6.369112999999999580e+00
-3.043676000000000048e+00 5.486349999999999838e+00
-2.454632000000000147e+00 4.652959000000000067e+00
-1.894616999999999996e+00 3.869415000000000049e+00
-1.364135000000000097e+00 3.135686999999999891e+00
-8.634319999999999773e-01 2.451337000000000099e+00
-3.925400000000000000e-01 1.815590999999999955e+00
4.869099999999999817e-02 1.227402000000000104e+00
4.605679999999999774e-01 6.854940000000000477e-01
8.435230000000000228e-01 1.884069999999999911e-01
1.198096999999999968e+00 -2.654630000000000045e-01
1.524912000000000045e+00 -6.778380000000000516e-01
1.824659000000000031e+00 -1.050513999999999948e+00
2.098073999999999995e+00 -1.385340999999999934e+00
2.345927999999999791e+00 -1.684190999999999994e+00
2.569012999999999991e+00 -1.948933000000000026e+00
2.768132000000000037e+00 -2.181414000000000186e+00
2.944087000000000121e+00 -2.383440999999999921e+00
3.097679999999999989e+00 -2.556760999999999839e+00
3.229702000000000073e+00 -2.703059000000000101e+00
3.340934999999999988e+00 -2.823942999999999870e+00
3.432151000000000174e+00 -2.920942000000000149e+00
3.504109999999999836e+00 -2.995502000000000109e+00
3.557563000000000031e+00 -3.048989999999999867e+00
3.593255999999999784e+00 -3.082698000000000160e+00
3.614338000000000051e+00 -3.095569999999999933e+00
3.601218999999999948e+00 -3.076979000000000131e+00
3.573329999999999895e+00 -3.043108999999999842e+00
3.531438000000000077e+00 -2.994959000000000149e+00
3.476322000000000134e+00 -2.933495000000000186e+00
3.408774999999999888e+00 -2.859656999999999893e+00
3.329607999999999901e+00 -2.774369000000000085e+00
3.239644999999999886e+00 -2.678538999999999781e+00
3.139727999999999852e+00 -2.573074999999999779e+00
2.788848999999999911e+00 -2.207913000000000014e+00
2.657756000000000007e+00 -2.072964999999999947e+00
2.521059000000000161e+00 -1.932925999999999922e+00
2.379628999999999994e+00 -1.788707999999999965e+00
2.234328999999999787e+00 -1.641223000000000098e+00
2.086002000000000134e+00 -1.491371999999999920e+00
1.935472999999999999e+00 -1.340041999999999955e+00
1.783536000000000010e+00 -1.188101000000000074e+00
1.326716000000000006e+00 -7.368419999999999970e-01
1.176384000000000096e+00 -5.904989999999999961e-01
1.028046999999999933e+00 -4.473559999999999759e-01
8.822459999999999747e-01 -3.080280000000000240e-01
7.394690000000000429e-01 -1.730740000000000056e-01
-1.427443999999999935e+00 1.155029000000000083e+00
-1.426852999999999927e+00 1.129823000000000022e+00
-1.424166999999999961e+00 1.103336000000000094e+00
-1.419512000000000107e+00 1.075717000000000034e+00
-1.413008999999999959e+00 1.047107999999999928e+00
4.588861999999999775e+00 -5.951775999999999733e+00
4.589398000000000089e+00 -5.960509000000000057e+00
4.590525000000000411e+00 -5.979682000000000386e+00
4.592228999999999672e+00 -6.009235000000000326e+00
4.594484999999999708e+00 -6.049082000000000292e+00
4.597262999999999877e+00 -6.099110999999999727e+00
4.600525000000000198e+00 -6.159182999999999630e+00
4.604220999999999897e+00 -6.229119999999999990e+00
4.608290000000000219e+00 -6.308709000000000344e+00
4.612659999999999982e+00 -6.397689999999999877e+00
4.617244999999999600e+00 -6.495750000000000135e+00
4.077868999999999744e+00 -5.808370000000000033e+00
3.184571000000000041e+00 -4.612167999999999601e+00
2.340660999999999881e+00 -3.495130000000000070e+00
1.546543999999999919e+00 -2.456872999999999863e+00
8.022930000000000339e-01 -1.496787000000000090e+00
1.076290000000000024e-01 -6.138930000000000220e-01
-5.380800000000000027e-01 1.932520000000000071e-01
-1.135798000000000085e+00 9.265930000000000000e-01
-1.686778000000000111e+00 1.588578000000000046e+00
-2.192518000000000189e+00 2.182112000000000052e+00
-2.654697000000000084e+00 2.710481999999999836e+00
-3.075121999999999911e+00 3.177277000000000129e+00
-3.455668000000000184e+00 3.586282000000000192e+00
-3.798226000000000102e+00 3.941384000000000221e+00
-4.104661000000000115e+00 4.246482000000000312e+00
-4.376776000000000444e+00 4.505400999999999989e+00
-4.542583999999999733e+00 4.617951999999999835e+00
-4.535128000000000270e+00 4.492558999999999969e+00
-4.528082999999999636e+00 4.375370000000000203e+00
-4.521474999999999689e+00 4.266367999999999938e+00
-4.515320000000000000e+00 4.165516000000000219e+00
-4.509630999999999723e+00 4.072758000000000322e+00
-4.504415999999999976e+00 3.988030999999999882e+00
-4.499679000000000428e+00 3.911262999999999934e+00
-4.495422999999999725e+00 3.842379000000000211e+00
-4.491647999999999641e+00 3.781302999999999859e+00
-4.488353000000000037e+00 3.727961000000000080e+00
-4.485534999999999606e+00 3.682281999999999833e+00
-4.483192999999999984e+00 3.644200000000000106e+00
-4.479922000000000182e+00 3.590597999999999956e+00
-4.478988000000000191e+00 3.574981999999999882e+00
-4.478519000000000361e+00 3.566774000000000111e+00
-4.478513999999999662e+00 3.565946999999999978e+00
-4.478970000000000340e+00 3.572484999999999911e+00
-4.479886999999999730e+00 3.586380999999999819e+00
-4.481264000000000358e+00 3.607636999999999983e+00
-4.483101999999999698e+00 3.636263000000000023e+00
-4.485401000000000415e+00 3.672277999999999931e+00
-4.488161999999999985e+00 3.715708999999999929e+00
-4.491382999999999903e+00 3.766589999999999883e+00
-4.495065999999999562e+00 3.824959000000000220e+00
-4.499208000000000318e+00 3.890858000000000150e+00
-4.503809000000000395e+00 3.964335000000000164e+00
-4.508865000000000123e+00 4.045433000000000057e+00
-4.514369000000000298e+00 4.134197000000000344e+00
-4.520312999999999803e+00 4.230667000000000399e+00
-4.526684999999999626e+00 4.334871999999999836e+00
-4.533466999999999913e+00 4.446832999999999814e+00
-4.449881999999999671e+00 4.438835000000000086e+00
-4.005790000000000184e+00 3.927850999999999981e+00
-3.564810000000000034e+00 3.423407000000000089e+00
-3.129138999999999893e+00 2.927620999999999807e+00
-2.700899000000000161e+00 2.442728999999999928e+00
-2.282087999999999894e+00 1.971006000000000036e+00
-1.874543999999999988e+00 1.514682000000000084e+00
-1.479916999999999927e+00 1.075870000000000104e+00
-1.099637999999999893e+00 6.565010000000000012e-01
-7.349130000000000384e-01 2.582659999999999956e-01
-3.867099999999999982e-01 -1.174250000000000016e-01
-5.576300000000000007e-02 -4.694650000000000212e-01
2.574239999999999862e-01 -7.970720000000000027e-01
5.525569999999999649e-01 -1.099782000000000037e+00
8.295390000000000263e-01 -1.377439999999999998e+00
1.088448000000000082e+00 -1.630181000000000102e+00
1.329512000000000027e+00 -1.858398999999999912e+00
1.553083999999999909e+00 -2.062713000000000019e+00
1.759619999999999962e+00 -2.243933000000000177e+00
1.949654999999999916e+00 -2.403020999999999852e+00
2.123784000000000116e+00 -2.541052999999999784e+00
2.282636000000000109e+00 -2.659187999999999885e+00
2.426865999999999968e+00 -2.758631999999999973e+00
2.557135000000000158e+00 -2.840612999999999833e+00
2.674100999999999839e+00 -2.906357999999999997e+00
2.778407000000000071e+00 -2.957071000000000005e+00
2.870677000000000145e+00 -2.993916000000000022e+00
2.951509999999999856e+00 -3.018009999999999859e+00
3.021475999999999829e+00 -3.030407999999999991e+00
3.081115000000000048e+00 -3.032103999999999910e+00
3.130936999999999859e+00 -3.024021999999999988e+00
3.171422000000000185e+00 -3.007016999999999829e+00
3.203021000000000118e+00 -2.981879000000000168e+00
3.226157999999999859e+00 -2.949329000000000089e+00
3.241235000000000088e+00 -2.910029999999999895e+00
3.248629999999999907e+00 -2.864581999999999962e+00
3.248704000000000036e+00 -2.813534000000000201e+00
3.241801999999999850e+00 -2.757385999999999893e+00
3.208385999999999960e+00 -2.631578999999999890e+00
3.182507999999999893e+00 -2.562720000000000109e+00
3.150929999999999787e+00 -2.490374000000000088e+00
3.113955999999999946e+00 -2.414871000000000212e+00
3.071889999999999787e+00 -2.336523000000000128e+00
3.025034999999999918e+00 -2.255624000000000073e+00
2.973695000000000199e+00 -2.172454999999999803e+00
2.918175000000000185e+00 -2.087288000000000032e+00
2.858782999999999852e+00 -2.000386000000000220e+00
2.795828999999999898e+00 -1.912009000000000070e+00
2.729626000000000108e+00 -1.822413000000000061e+00
2.660486999999999824e+00 -1.731851999999999947e+00
2.588729999999999976e+00 -1.640576999999999952e+00
2.514670000000000183e+00 -1.548842000000000052e+00
2.438623000000000207e+00 -1.456895999999999969e+00
2.360904000000000114e+00 -1.364989999999999926e+00
2.281826000000000132e+00 -1.273374000000000006e+00
2.201694999999999958e+00 -1.182293999999999956e+00
2.120814999999999895e+00 -1.091995999999999967e+00
2.039480999999999877e+00 -1.002717999999999998e+00
1.957980999999999971e+00 -9.146969999999999823e-01
1.876590999999999898e+00 -8.281589999999999785e-01
1.795579999999999954e+00 -7.433250000000000135e-01
1.715201999999999893e+00 -6.604039999999999910e-01
1.635696999999999957e+00 -5.795970000000000288e-01
1.557293000000000038e+00 -5.010890000000000066e-01
1.480202000000000018e+00 -4.250539999999999874e-01
1.404619999999999980e+00 -3.516509999999999914e-01
4.452272999999999925e+00 -7.363375999999999699e+00
3.770610000000000017e+00 -6.384770999999999752e+00
3.118446000000000051e+00 -5.458886999999999823e+00
2.496773000000000131e+00 -4.586361000000000132e+00
1.906260000000000066e+00 -3.767300999999999789e+00
1.347294999999999909e+00 -3.001386000000000109e+00
8.200290000000000079e-01 -2.287946999999999953e+00
3.244070000000000009e-01 -1.626015999999999906e+00
-1.398040000000000116e-01 -1.014372000000000051e+00
-5.729889999999999706e-01 -4.515759999999999774e-01
-9.756639999999999757e-01 6.398800000000000321e-02
-1.348446999999999951e+00 5.340869999999999784e-01
-1.692042999999999964e+00 9.606019999999999559e-01
-2.007217999999999947e+00 1.345493999999999968e+00
-2.294786000000000215e+00 1.690777999999999892e+00
-2.555588999999999889e+00 1.998483999999999927e+00
-2.790481999999999907e+00 2.270640999999999909e+00
-3.000326999999999966e+00 2.509243000000000112e+00
-3.185977999999999977e+00 2.716234000000000037e+00
-3.488045000000000062e+00 3.042804999999999982e+00
-3.606091999999999853e+00 3.165881999999999863e+00
-3.703205000000000080e+00 3.264332000000000011e+00
-3.780151000000000039e+00 3.339665000000000106e+00
-3.837685000000000013e+00 3.393298000000000147e+00
-3.876551000000000080e+00 3.426553000000000182e+00
-3.897483999999999948e+00 3.440669000000000199e+00
-3.901219000000000214e+00 3.436805000000000110e+00
-3.888494000000000117e+00 3.416052000000000088e+00
-3.759072000000000191e+00 3.262547000000000086e+00
-3.688098999999999794e+00 3.184127000000000152e+00
-3.604549000000000003e+00 3.093598000000000070e+00
-3.509256999999999849e+00 2.991855000000000153e+00
-3.403083000000000080e+00 2.879786999999999875e+00
-3.286906000000000105e+00 2.758290000000000131e+00
-3.161623000000000072e+00 2.628268999999999966e+00
-3.028147000000000144e+00 2.490641000000000105e+00
-2.875557000000000141e+00 4.031198999999999977e+00
-2.548794000000000004e+00 3.549910000000000121e+00
-2.235810999999999993e+00 3.094743999999999939e+00
-1.936932000000000098e+00 2.665433000000000163e+00
-1.652404999999999902e+00 2.261638000000000037e+00
-1.382406000000000024e+00 1.882962000000000025e+00
-1.127040999999999960e+00 1.528950999999999949e+00
-8.863510000000000000e-01 1.199101999999999890e+00
-6.603139999999999565e-01 8.928650000000000198e-01
-4.488500000000000267e-01 6.096449999999999925e-01
1.163804999999999978e+00 -1.380201000000000011e+00
1.185775999999999941e+00 -1.399019000000000013e+00
1.199716999999999922e+00 -1.408164999999999889e+00
1.206110999999999933e+00 -1.408376000000000072e+00
1.205435999999999952e+00 -1.400366999999999917e+00
1.198164999999999925e+00 -1.384829000000000088e+00
-4.639357000000000397e+00 6.760282000000000124e+00
-4.638805999999999763e+00 6.748491999999999713e+00
-4.638754999999999740e+00 6.747385000000000410e+00
-4.444933999999999941e+00 6.473309000000000424e+00
-3.847855000000000025e+00 5.620370000000000310e+00
-3.277162999999999826e+00 4.815407000000000437e+00
-2.733372000000000135e+00 4.057895000000000252e+00
-2.216861000000000193e+00 3.347214000000000134e+00
-1.727872999999999992e+00 2.682656000000000152e+00
-1.266516999999999893e+00 2.063423999999999925e+00
-8.327710000000000390e-01 1.488617000000000079e+00
2.755034999999999901e+00 -2.776374000000000120e+00
2.808238999999999930e+00 -2.815822999999999965e+00
2.846290000000000209e+00 -2.837788999999999895e+00
2.869977000000000000e+00 -2.843560999999999783e+00
2.880075999999999858e+00 -2.834356000000000098e+00
2.836387000000000214e+00 -2.728158999999999779e+00
2.799621000000000137e+00 -2.670037000000000216e+00
2.752959000000000156e+00 -2.602165999999999979e+00
2.697111000000000036e+00 -2.525446000000000080e+00
2.632782999999999873e+00 -2.440745000000000164e+00
2.560671000000000141e+00 -2.348895000000000177e+00
2.481465000000000032e+00 -2.250700000000000145e+00
4.640868000000000215e+00 -7.037168000000000312e+00
4.640916999999999959e+00 -7.038801999999999559e+00
4.641397999999999691e+00 -7.050999000000000017e+00
4.642290000000000028e+00 -7.073673999999999573e+00
4.643561000000000050e+00 -7.106686999999999976e+00
4.241139999999999688e+00 -6.560814999999999841e+00
3.498676000000000119e+00 -5.529447000000000223e+00
2.792729000000000017e+00 -4.561181999999999626e+00
-3.942057000000000144e+00 3.643664999999999932e+00
-4.079551000000000371e+00 3.764257000000000186e+00
-4.194824999999999804e+00 3.859068999999999861e+00
-4.447428999999999633e+00 3.935258000000000145e+00
-4.024356000000000044e+00 3.393991000000000202e+00
-3.908532000000000117e+00 3.263825000000000198e+00
-3.781960999999999906e+00 3.124324999999999797e+00
-3.186517999999999962e+00 2.489434999999999842e+00
-3.355128999999999806e+00 4.090492000000000239e+00
-3.071661000000000197e+00 3.666606999999999950e+00
-4.572610000000000063e+00 5.407850999999999964e+00
-4.571767999999999610e+00 5.393252999999999631e+00
-4.571539999999999715e+00 5.388709999999999667e+00
-4.571926000000000379e+00 5.394207999999999892e+00
-4.572919999999999874e+00 5.409721000000000224e+00
-4.576698000000000377e+00 5.470639000000000252e+00
-4.579449999999999577e+00 5.515937000000000090e+00
-4.582747999999999600e+00 5.571034000000000042e+00
-4.586562999999999946e+00 5.635836000000000290e+00
-4.590859000000000023e+00 5.710228999999999999e+00
-4.595589999999999620e+00 5.794069000000000358e+00
-4.600702000000000069e+00 5.887180999999999997e+00
-4.606130000000000280e+00 5.989349999999999952e+00
-4.611796000000000006e+00 6.100315000000000154e+00
-3.769667999999999797e+00 4.984995999999999761e+00
-2.958282000000000078e+00 3.919919000000000153e+00
-2.190030999999999839e+00 2.921981000000000162e+00
-1.465708999999999929e+00 1.991557000000000022e+00
-7.857809999999999517e-01 1.128797999999999968e+00
-1.503539999999999877e-01 3.334889999999999799e-01
4.408279999999999976e-01 -3.950509999999999855e-01
9.883640000000000203e-01 -1.058011999999999952e+00
1.493162000000000100e+00 -1.657097000000000042e+00
1.956396999999999942e+00 -2.194485999999999937e+00
2.379455000000000098e+00 -2.672773999999999983e+00
2.763876999999999917e+00 -3.094894000000000034e+00
3.111310000000000020e+00 -3.464023000000000074e+00
3.423453999999999997e+00 -3.783494000000000135e+00
3.702014999999999834e+00 -4.056707000000000285e+00
3.948675999999999853e+00 -4.287053000000000225e+00
4.165061999999999820e+00 -4.477841999999999878e+00
4.352718999999999561e+00 -4.632255999999999929e+00
4.513106999999999758e+00 -4.753300000000000303e+00
4.530475000000000030e+00 -4.678435999999999595e+00
4.524396999999999558e+00 -4.578272000000000119e+00
4.518794999999999895e+00 -4.486712999999999951e+00
4.513685999999999865e+00 -4.403736999999999568e+00
4.509081000000000117e+00 -4.329308000000000156e+00
4.504990000000000272e+00 -4.263385999999999676e+00
4.501415999999999862e+00 -4.205923000000000300e+00
4.498364999999999725e+00 -4.156869999999999621e+00
4.495836999999999861e+00 -4.116178999999999810e+00
4.493833000000000411e+00 -4.083804999999999907e+00
4.492352999999999597e+00 -4.059703999999999979e+00
4.491394999999999804e+00 -4.043841999999999715e+00
4.173493999999999815e+00 -3.805489999999999817e+00
3.944513000000000158e+00 -3.544455999999999829e+00
3.709267999999999788e+00 -3.279717999999999911e+00
3.469018999999999853e+00 -3.012284000000000184e+00
3.225045000000000162e+00 -2.743234999999999868e+00
2.978623999999999938e+00 -2.473714000000000190e+00
2.731025999999999954e+00 -2.204911000000000065e+00
2.483492000000000033e+00 -1.938040999999999903e+00
2.237220000000000208e+00 -1.674330000000000096e+00
1.993357000000000046e+00 -1.414989999999999970e+00
3.605895999999999990e+00 -4.964927000000000312e+00
2.876506000000000007e+00 -3.988029000000000046e+00
-3.333990000000000009e+00 3.582803000000000182e+00
-3.527436999999999934e+00 3.766786999999999885e+00
-3.694395999999999791e+00 3.916996999999999840e+00
4.619438999999999851e+00 -6.575226999999999933e+00
4.618725999999999665e+00 -6.560723000000000305e+00
4.533415999999999890e+00 -6.432671000000000028e+00
4.045689000000000313e+00 -5.727210000000000356e+00
3.574478000000000044e+00 -5.055449000000000304e+00
3.120518000000000125e+00 -4.417298999999999864e+00
2.684444000000000052e+00 -3.812600000000000211e+00
1.488423999999999969e+00 -2.196794000000000135e+00
1.128285999999999900e+00 -1.723190999999999917e+00
7.877330000000000165e-01 -1.281363999999999947e+00
4.568370999999999960e+00 -5.545554000000000094e+00
4.567663999999999724e+00 -5.533045000000000435e+00
4.567569999999999908e+00 -5.530715999999999966e+00
4.568089999999999762e+00 -5.538547999999999583e+00
-3.446865999999999985e+00 3.672201999999999966e+00
-4.362753999999999799e+00 4.535503000000000284e+00
-4.517247000000000234e+00 4.287353000000000414e+00
-4.513806999999999903e+00 4.232046000000000419e+00
-4.510894000000000403e+00 4.185211999999999932e+00
-4.508509000000000100e+00 4.146804999999999630e+00
-4.506653000000000020e+00 4.116782999999999859e+00
-4.504509999999999792e+00 4.079842000000000191e+00
-4.505288000000000181e+00 4.091272000000000020e+00
-4.506588999999999956e+00 4.110941999999999652e+00
-4.508409999999999584e+00 4.138849999999999696e+00
-4.510748000000000424e+00 4.175000999999999962e+00
-4.536348000000000269e+00 4.700701999999999714e+00
-4.562884000000000384e+00 5.121722000000000108e+00
-4.568477999999999817e+00 5.215517000000000181e+00
2.843523999999999941e+00 -3.271720999999999879e+00
2.954657999999999785e+00 -3.344981000000000204e+00
3.048722000000000154e+00 -3.397800999999999849e+00
3.126619999999999955e+00 -3.431805000000000216e+00
3.189223000000000141e+00 -3.448532999999999848e+00
