-1.831938999999999984e+00 4.513099999999999751e-02 -2.210360999999999798e+00
-1.829145999999999939e+00 1.838029999999999942e-01 -2.117395000000000138e+00
-1.821012999999999993e+00 3.136470000000000091e-01 -2.022947999999999968e+00
-1.807881000000000071e+00 4.347500000000000253e-01 -1.927440000000000042e+00
-1.790086999999999984e+00 5.472240000000000437e-01 -1.831274000000000068e+00
-1.767960999999999894e+00 6.512050000000000338e-01 -1.734833000000000069e+00
-1.741832999999999965e+00 7.468439999999999523e-01 -1.638482999999999912e+00
-1.712021000000000015e+00 8.343159999999999465e-01 -1.542569000000000079e+00
-1.678841999999999945e+00 9.138119999999999576e-01 -1.447416999999999954e+00
-1.642601999999999896e+00 9.855390000000000539e-01 -1.353331000000000062e+00
-1.603599999999999914e+00 1.049719000000000069e+00 -1.260593000000000075e+00
-1.562127999999999961e+00 1.106589999999999963e+00 -1.169464999999999977e+00
-1.518464999999999954e+00 1.156398999999999955e+00 -1.080186000000000091e+00
-1.472885000000000000e+00 1.199406999999999890e+00 -9.929729999999999945e-01
-1.425648000000000026e+00 1.235881999999999925e+00 -9.080200000000000493e-01
-1.377008000000000010e+00 1.266102000000000061e+00 -8.255019999999999580e-01
-1.327204000000000050e+00 1.290351000000000026e+00 -7.455690000000000373e-01
-1.276466000000000101e+00 1.308918000000000026e+00 -6.683529999999999749e-01
-1.225012999999999908e+00 1.322095000000000020e+00 -5.939640000000000475e-01
-1.173052999999999901e+00 1.330178000000000083e+00 -5.224919999999999565e-01
-1.120781999999999945e+00 1.333463999999999983e+00 -4.540089999999999959e-01
-1.068384000000000000e+00 1.332246999999999959e+00 -3.885680000000000245e-01
-1.016032999999999964e+00 1.326823000000000086e+00 -3.262070000000000247e-01
-9.638910000000000533e-01 1.317482999999999960e+00 -2.669469999999999898e-01
-9.121080000000000298e-01 1.304515000000000091e+00 -2.107920000000000071e-01
-8.608249999999999513e-01 1.288202000000000069e+00 -1.577349999999999863e-01
-8.101699999999999458e-01 1.268821999999999894e+00 -1.077560000000000046e-01
-7.602609999999999646e-01 1.246645000000000003e+00 -6.082100000000000006e-02
-7.112060000000000048e-01 1.221934999999999993e+00 -1.688800000000000023e-02
-6.631029999999999980e-01 1.194947999999999899e+00 2.409499999999999836e-02
-6.160379999999999745e-01 1.165929999999999911e+00 6.219000000000000222e-02
-5.700910000000000144e-01 1.135118999999999989e+00 9.746599999999999708e-02
-5.253299999999999637e-01 1.102743999999999946e+00 1.299960000000000004e-01
-4.818149999999999933e-01 1.069023000000000057e+00 1.598630000000000051e-01
-4.395990000000000175e-01 1.034165000000000001e+00 1.871510000000000118e-01
-3.987249999999999961e-01 9.983689999999999509e-01 2.119510000000000005e-01
-3.592299999999999938e-01 9.618210000000000370e-01 2.343550000000000078e-01
-3.211410000000000098e-01 9.246999999999999664e-01 2.544580000000000175e-01
-2.844820000000000126e-01 8.871729999999999894e-01 2.723570000000000157e-01
-2.492679999999999896e-01 8.493969999999999576e-01 2.881529999999999925e-01
-2.155080000000000051e-01 8.115189999999999904e-01 3.019430000000000169e-01
-1.832060000000000077e-01 7.736739999999999728e-01 3.138279999999999959e-01
-1.523619999999999974e-01 7.359909999999999508e-01 3.239070000000000005e-01
-1.229689999999999950e-01 6.985850000000000115e-01 3.322789999999999910e-01
-9.501600000000000323e-02 6.615649999999999586e-01 3.390429999999999833e-01
-6.848799999999999333e-02 6.250280000000000280e-01 3.442939999999999889e-01
-4.336700000000000277e-02 5.890649999999999498e-01 3.481290000000000218e-01
-1.963099999999999914e-02 5.537560000000000260e-01 3.506409999999999805e-01
2.746000000000000177e-03 5.191740000000000244e-01 3.519209999999999838e-01
2.379200000000000065e-02 4.853839999999999821e-01 3.520579999999999821e-01
4.353599999999999831e-02 4.524440000000000128e-01 3.511389999999999789e-01
6.201199999999999768e-02 4.204019999999999979e-01 3.492480000000000029e-01
7.925400000000000500e-02 3.893019999999999814e-01 3.464659999999999962e-01
9.529899999999999483e-02 3.591799999999999993e-01 3.428720000000000101e-01
1.101840000000000042e-01 3.300679999999999725e-01 3.385409999999999808e-01
1.239480000000000026e-01 3.019879999999999787e-01 3.335469999999999824e-01
1.366310000000000024e-01 2.749610000000000110e-01 3.279580000000000273e-01
1.482739999999999891e-01 2.489999999999999991e-01 3.218409999999999882e-01
1.589170000000000027e-01 2.241130000000000067e-01 3.152599999999999847e-01
1.686010000000000009e-01 2.003050000000000108e-01 3.082759999999999945e-01
1.773689999999999989e-01 1.775770000000000126e-01 3.009439999999999893e-01
1.852620000000000100e-01 1.559240000000000070e-01 2.933209999999999984e-01
1.923209999999999920e-01 1.353380000000000138e-01 2.854559999999999875e-01
1.985879999999999868e-01 1.158099999999999963e-01 2.773979999999999779e-01
2.041020000000000056e-01 9.732599999999999585e-02 2.691930000000000156e-01
2.089050000000000074e-01 7.986899999999999555e-02 2.608820000000000028e-01
2.130360000000000031e-01 6.342000000000000415e-02 2.525049999999999795e-01
2.165340000000000042e-01 4.795900000000000163e-02 2.440990000000000104e-01
2.194359999999999922e-01 3.346099999999999769e-02 2.356979999999999908e-01
2.217800000000000049e-01 1.990300000000000055e-02 2.273320000000000063e-01
2.236019999999999952e-01 7.257000000000000429e-03 2.190310000000000035e-01
2.249369999999999981e-01 -4.503000000000000058e-03 2.108200000000000074e-01
2.258189999999999920e-01 -1.540799999999999982e-02 2.027239999999999875e-01
2.262810000000000099e-01 -2.548500000000000071e-02 1.947649999999999937e-01
2.263560000000000016e-01 -3.476699999999999929e-02 1.869599999999999873e-01
2.260729999999999962e-01 -4.328400000000000303e-02 1.793279999999999874e-01
2.254619999999999957e-01 -5.106800000000000228e-02 1.718840000000000090e-01
2.245510000000000006e-01 -5.815000000000000030e-02 1.646410000000000096e-01
2.233680000000000110e-01 -6.456199999999999439e-02 1.576100000000000001e-01
2.219379999999999964e-01 -7.033699999999999675e-02 1.508009999999999906e-01
2.202850000000000086e-01 -7.550500000000000267e-02 1.442209999999999881e-01
2.184339999999999893e-01 -8.009900000000000353e-02 1.378780000000000006e-01
2.164049999999999863e-01 -8.415000000000000258e-02 1.317760000000000042e-01
2.142209999999999948e-01 -8.768800000000000205e-02 1.259180000000000021e-01
2.119000000000000050e-01 -9.074400000000000521e-02 1.203079999999999983e-01
2.094620000000000093e-01 -9.334699999999999942e-02 1.149460000000000065e-01
2.069229999999999958e-01 -9.552700000000000080e-02 1.098309999999999981e-01
2.043010000000000104e-01 -9.731099999999999473e-02 1.049640000000000017e-01
2.016100000000000114e-01 -9.872799999999999632e-02 1.003430000000000016e-01
1.960770000000000013e-01 -1.005650000000000016e-01 9.182300000000000184e-02
1.932609999999999884e-01 -1.010360000000000008e-01 8.791699999999999515e-02
1.904260000000000119e-01 -1.012409999999999977e-01 8.423999999999999544e-02
1.875840000000000007e-01 -1.012030000000000013e-01 8.078799999999999870e-02
1.847429999999999906e-01 -1.009449999999999931e-01 7.755299999999999694e-02
1.819119999999999904e-01 -1.004879999999999940e-01 7.453100000000000003e-02
1.790980000000000072e-01 -9.985099999999999532e-02 7.171399999999999997e-02
1.763089999999999935e-01 -9.905500000000000416e-02 6.909400000000000264e-02
1.735510000000000108e-01 -9.811699999999999589e-02 6.666500000000000203e-02
1.554800000000000071e-01 -8.892799999999999316e-02 5.434499999999999748e-02
1.531109999999999971e-01 -8.740399999999999558e-02 5.315899999999999792e-02
1.508019999999999916e-01 -8.586100000000000676e-02 5.209300000000000042e-02
1.485509999999999886e-01 -8.430899999999999506e-02 5.113899999999999696e-02
1.201470000000000038e-01 -6.308999999999999331e-02 4.558100000000000346e-02
1.187730000000000036e-01 -6.215699999999999698e-02 4.554899999999999921e-02
1.174349999999999977e-01 -6.127799999999999914e-02 4.552699999999999803e-02
1.161319999999999991e-01 -6.045199999999999879e-02 4.551199999999999690e-02
1.148600000000000038e-01 -5.967800000000000188e-02 4.549999999999999878e-02
9.342799999999999716e-02 -5.272600000000000203e-02 4.321900000000000047e-02
6.944999999999999785e-02 -5.167499999999999871e-02 3.270900000000000196e-02
6.851599999999999357e-02 -5.156399999999999872e-02 3.221899999999999764e-02
6.758599999999999330e-02 -5.144200000000000161e-02 3.173100000000000226e-02
6.666099999999999803e-02 -5.131200000000000344e-02 3.124400000000000094e-02
6.574099999999999389e-02 -5.117100000000000121e-02 3.075999999999999915e-02
6.482599999999999474e-02 -5.102099999999999691e-02 3.027900000000000036e-02
4.399900000000000339e-02 -4.447799999999999671e-02 1.996900000000000064e-02
4.334199999999999858e-02 -4.416599999999999693e-02 1.968100000000000058e-02
4.269799999999999984e-02 -4.385200000000000209e-02 1.940100000000000158e-02
4.206499999999999823e-02 -4.353699999999999931e-02 1.912900000000000017e-02
4.144400000000000167e-02 -4.322100000000000247e-02 1.886600000000000082e-02
-2.811533999999999978e+00 -3.623259999999999814e-01 2.250399999999999900e-01
-2.824428999999999856e+00 -4.967289999999999761e-01 -1.204490000000000005e-01
-2.842499000000000109e+00 -5.990069999999999562e-01 -4.443920000000000092e-01
-2.864507000000000136e+00 -6.714200000000000168e-01 -7.467409999999999881e-01
-2.889302999999999955e+00 -7.161960000000000548e-01 -1.027560000000000029e+00
-2.915823000000000054e+00 -7.355120000000000546e-01 -1.287007999999999930e+00
-2.943086999999999787e+00 -7.314869999999999983e-01 -1.525328000000000017e+00
-2.970196000000000058e+00 -7.061770000000000547e-01 -1.742826999999999904e+00
-2.996329999999999938e+00 -6.615659999999999874e-01 -1.939869999999999983e+00
-3.020745999999999931e+00 -5.995650000000000146e-01 -2.116868999999999890e+00
-3.042775999999999925e+00 -5.220059999999999700e-01 -2.274274999999999824e+00
-3.061818999999999846e+00 -4.306450000000000000e-01 -2.412571999999999939e+00
-3.077344000000000079e+00 -3.271589999999999776e-01 -2.532272999999999996e+00
-3.088884999999999881e+00 -2.131440000000000001e-01 -2.633916000000000146e+00
-3.096035999999999788e+00 -9.012199999999999378e-02 -2.718062000000000200e+00
-3.098450000000000149e+00 4.046199999999999797e-02 -2.785292000000000101e+00
-3.095836999999999950e+00 1.772410000000000097e-01 -2.836208000000000062e+00
-3.087956999999999841e+00 3.189150000000000040e-01 -2.871430000000000149e+00
-3.074622000000000188e+00 4.642609999999999792e-01 -2.891596999999999973e+00
-3.055690999999999935e+00 6.121199999999999974e-01 -2.897365000000000190e+00
-3.031067000000000178e+00 7.614039999999999697e-01 -2.889409999999999812e+00
-3.000694999999999890e+00 9.110880000000000090e-01 -2.868424000000000085e+00
-2.964560000000000084e+00 1.060213000000000072e+00 -2.835116000000000192e+00
-2.922683000000000142e+00 1.207883000000000040e+00 -2.790211000000000219e+00
-2.875121000000000038e+00 1.353263000000000105e+00 -2.734449000000000130e+00
-2.821960999999999942e+00 1.495578000000000074e+00 -2.668581999999999788e+00
-2.763320999999999916e+00 1.634117000000000042e+00 -2.593372000000000011e+00
-2.699346999999999941e+00 1.768223000000000100e+00 -2.509589000000000070e+00
-2.630209999999999937e+00 1.897304000000000102e+00 -2.418007999999999935e+00
-2.556102999999999792e+00 2.020821000000000200e+00 -2.319404000000000021e+00
-2.477240000000000109e+00 2.138297000000000114e+00 -2.214550000000000018e+00
-2.393853000000000009e+00 2.249311000000000060e+00 -2.104211999999999971e+00
-2.306192999999999937e+00 2.353498000000000090e+00 -1.989146000000000081e+00
-2.214520999999999962e+00 2.450552000000000064e+00 -1.870090999999999948e+00
-2.119111999999999885e+00 2.540217999999999865e+00 -1.747768999999999906e+00
-2.020251000000000019e+00 2.622297000000000100e+00 -1.622878999999999960e+00
-1.918228999999999962e+00 2.696642999999999901e+00 -1.496091999999999977e+00
-1.813344999999999985e+00 2.763160000000000061e+00 -1.368049000000000071e+00
-1.705899999999999972e+00 2.821797999999999806e+00 -1.239357999999999960e+00
-1.596197000000000088e+00 2.872558999999999862e+00 -1.110592999999999941e+00
-1.484539000000000053e+00 2.915483000000000047e+00 -9.822880000000000500e-01
-1.371229000000000031e+00 2.950654999999999806e+00 -8.549379999999999757e-01
-1.256564999999999932e+00 2.978196000000000065e+00 -7.289980000000000349e-01
-1.140840000000000076e+00 2.998263999999999818e+00 -6.048829999999999485e-01
-1.024343000000000004e+00 3.011047000000000029e+00 -4.829649999999999777e-01
-9.073529999999999651e-01 3.016760999999999804e+00 -3.635760000000000103e-01
-7.901439999999999575e-01 3.015648999999999802e+00 -2.470100000000000073e-01
-6.729770000000000474e-01 3.007975000000000065e+00 -1.335199999999999998e-01
-5.561059999999999892e-01 2.994021000000000043e+00 -2.332400000000000098e-02
-4.397719999999999962e-01 2.974082999999999810e+00 8.339699999999999891e-02
-3.242050000000000209e-01 2.948471000000000064e+00 1.864919999999999911e-01
-2.096250000000000058e-01 2.917501999999999818e+00 2.858450000000000157e-01
-9.623700000000000310e-02 2.881501000000000090e+00 3.813639999999999808e-01
1.576400000000000023e-02 2.840793999999999819e+00 4.729860000000000175e-01
1.261990000000000056e-01 2.795710000000000139e+00 5.606719999999999482e-01
2.348969999999999947e-01 2.746574999999999989e+00 6.444010000000000016e-01
3.417040000000000077e-01 2.693713999999999942e+00 7.241739999999999844e-01
4.464750000000000107e-01 2.637445000000000039e+00 8.000080000000000524e-01
5.490800000000000125e-01 2.578081000000000067e+00 8.719339999999999868e-01
6.493989999999999485e-01 2.515925999999999885e+00 9.399969999999999715e-01
7.473250000000000171e-01 2.451276000000000010e+00 1.004251000000000005e+00
8.427620000000000111e-01 2.384415999999999869e+00 1.064761000000000069e+00
9.356240000000000112e-01 2.315622999999999987e+00 1.121598000000000095e+00
1.025838000000000028e+00 2.245160999999999962e+00 1.174841000000000024e+00
1.113339000000000079e+00 2.173283000000000076e+00 1.224571999999999994e+00
1.198072000000000026e+00 2.100229999999999819e+00 1.270879000000000092e+00
1.279992000000000019e+00 2.026231000000000115e+00 1.313852999999999938e+00
1.359064000000000050e+00 1.951505999999999963e+00 1.353585000000000038e+00
1.435257999999999923e+00 1.876258999999999899e+00 1.390171000000000046e+00
1.508555000000000090e+00 1.800685000000000091e+00 1.423704000000000081e+00
1.578942000000000068e+00 1.724966999999999917e+00 1.454280999999999935e+00
1.646414000000000044e+00 1.649277000000000104e+00 1.481997000000000009e+00
1.710971000000000020e+00 1.573776999999999981e+00 1.506947999999999954e+00
1.772621999999999920e+00 1.498615000000000030e+00 1.529228999999999949e+00
1.831379000000000090e+00 1.423934000000000033e+00 1.548934000000000033e+00
1.887259999999999938e+00 1.349863000000000035e+00 1.566157000000000021e+00
1.940288999999999930e+00 1.276523999999999992e+00 1.580991999999999953e+00
1.990493999999999986e+00 1.204029000000000016e+00 1.593528000000000056e+00
2.037908999999999970e+00 1.132479999999999931e+00 1.603858000000000006e+00
2.082568000000000197e+00 1.061974999999999891e+00 1.612069999999999892e+00
2.124512999999999874e+00 9.925990000000000091e-01 1.618254000000000081e+00
2.163785999999999987e+00 9.244329999999999492e-01 1.622495999999999938e+00
2.200435000000000141e+00 8.575490000000000057e-01 1.624881999999999938e+00
2.234509000000000079e+00 7.920129999999999670e-01 1.625499000000000027e+00
2.266058999999999823e+00 7.278839999999999755e-01 1.624428999999999901e+00
2.295141000000000098e+00 6.652150000000000007e-01 1.621755999999999975e+00
2.321809000000000012e+00 6.040529999999999511e-01 1.617561000000000027e+00
2.346121999999999819e+00 5.444379999999999775e-01 1.611925000000000052e+00
2.368139999999999912e+00 4.864080000000000070e-01 1.604927999999999910e+00
2.387923999999999936e+00 4.299910000000000121e-01 1.596646999999999927e+00
2.405536000000000119e+00 3.752150000000000207e-01 1.587158999999999986e+00
2.421037999999999801e+00 3.220990000000000242e-01 1.576540000000000052e+00
2.434495000000000076e+00 2.706600000000000117e-01 1.564864999999999950e+00
2.445971999999999813e+00 2.209109999999999963e-01 1.552205999999999975e+00
2.455534000000000106e+00 1.728580000000000116e-01 1.538635999999999893e+00
2.463245000000000129e+00 1.265070000000000083e-01 1.524223000000000106e+00
2.469170999999999783e+00 8.185599999999999821e-02 1.509036999999999962e+00
2.473378999999999994e+00 3.890400000000000108e-02 1.493144999999999945e+00
2.475931999999999800e+00 -2.357999999999999853e-03 1.476612000000000036e+00
2.476897000000000126e+00 -4.193899999999999711e-02 1.459500000000000020e+00
2.476338000000000150e+00 -7.985200000000000631e-02 1.441872999999999960e+00
2.474318999999999935e+00 -1.161129999999999940e-01 1.423788999999999971e+00
2.470903999999999989e+00 -1.507419999999999871e-01 1.405307000000000084e+00
2.466155000000000097e+00 -1.837580000000000047e-01 1.386481999999999992e+00
2.460135999999999878e+00 -2.151879999999999904e-01 1.367366999999999999e+00
2.452906000000000031e+00 -2.450559999999999961e-01 1.348014999999999963e+00
2.444526000000000199e+00 -2.733900000000000219e-01 1.328475000000000072e+00
2.435055999999999887e+00 -3.002219999999999889e-01 1.308793000000000095e+00
2.424551999999999818e+00 -3.255830000000000113e-01 1.289015000000000022e+00
2.413072000000000106e+00 -3.495070000000000121e-01 1.269182999999999950e+00
2.400669999999999860e+00 -3.720289999999999986e-01 1.249336999999999920e+00
2.387401999999999802e+00 -3.931870000000000087e-01 1.229516000000000053e+00
2.373318999999999956e+00 -4.130159999999999942e-01 1.209753999999999996e+00
2.358471999999999902e+00 -4.315579999999999972e-01 1.190085000000000059e+00
2.342910999999999966e+00 -4.488510000000000000e-01 1.170539999999999914e+00
2.326684999999999892e+00 -4.649369999999999892e-01 1.151146999999999920e+00
2.309839000000000198e+00 -4.798560000000000048e-01 1.131933000000000078e+00
2.292419000000000207e+00 -4.936499999999999777e-01 1.112921000000000049e+00
2.274468000000000156e+00 -5.063619999999999788e-01 1.094135000000000080e+00
2.256027000000000005e+00 -5.180339999999999945e-01 1.075592000000000104e+00
2.237137000000000153e+00 -5.287089999999999845e-01 1.057310999999999890e+00
2.217835000000000001e+00 -5.384280000000000177e-01 1.039307999999999899e+00
2.198160000000000114e+00 -5.472350000000000270e-01 1.021595000000000031e+00
2.178145000000000220e+00 -5.551719999999999988e-01 1.004185000000000105e+00
2.157824999999999882e+00 -5.622800000000000020e-01 9.870870000000000477e-01
2.137232000000000021e+00 -5.686010000000000231e-01 9.703100000000000058e-01
2.116394999999999804e+00 -5.741749999999999909e-01 9.538590000000000124e-01
2.095343000000000178e+00 -5.790440000000000031e-01 9.377389999999999892e-01
2.074104000000000170e+00 -5.832450000000000134e-01 9.219530000000000225e-01
2.052703000000000166e+00 -5.868189999999999795e-01 9.065039999999999765e-01
2.031163999999999970e+00 -5.898029999999999662e-01 8.913919999999999622e-01
2.009510000000000129e+00 -5.922330000000000094e-01 8.766150000000000331e-01
1.987762999999999947e+00 -5.941459999999999519e-01 8.621720000000000494e-01
1.965942999999999996e+00 -5.955770000000000231e-01 8.480600000000000360e-01
1.944066999999999990e+00 -5.965589999999999504e-01 8.342739999999999601e-01
1.922153000000000000e+00 -5.971250000000000169e-01 8.208100000000000396e-01
1.900217999999999963e+00 -5.973070000000000324e-01 8.076609999999999623e-01
1.878276000000000057e+00 -5.971349999999999714e-01 7.948209999999999997e-01
1.856340000000000101e+00 -5.966369999999999729e-01 7.822829999999999506e-01
1.834422999999999915e+00 -5.958430000000000115e-01 7.700390000000000290e-01
1.812537000000000065e+00 -5.947789999999999466e-01 7.580810000000000048e-01
-5.848910000000000498e-01 -2.946829999999999727e-01 -2.611559999999999993e-01
-2.122177999999999898e+00 -1.215220000000000050e-01 -3.465784999999999894e+00
-2.125802000000000191e+00 1.247690000000000049e-01 -3.354047000000000001e+00
-2.119941999999999993e+00 3.601880000000000082e-01 -3.234001999999999821e+00
-2.105017999999999834e+00 5.843770000000000353e-01 -3.106524999999999981e+00
-2.081462000000000145e+00 7.970369999999999955e-01 -2.972481000000000151e+00
-2.049719000000000069e+00 9.979230000000000045e-01 -2.832724999999999937e+00
-2.010240000000000027e+00 1.186844999999999928e+00 -2.688096999999999959e+00
-1.963487999999999900e+00 1.363663999999999987e+00 -2.539423999999999904e+00
-1.909926999999999930e+00 1.528294999999999959e+00 -2.387513000000000218e+00
-1.850028000000000006e+00 1.680698000000000025e+00 -2.233150999999999886e+00
-1.784259999999999957e+00 1.820886000000000005e+00 -2.077097999999999889e+00
-1.713095000000000034e+00 1.948914999999999953e+00 -1.920085999999999959e+00
-1.637000999999999928e+00 2.064890999999999810e+00 -1.762815999999999939e+00
1.191480000000000095e+00 1.452015000000000056e+00 1.319728000000000012e+00
1.248442999999999969e+00 1.373059999999999947e+00 1.342689999999999939e+00
1.302364999999999995e+00 1.294275000000000064e+00 1.362254999999999994e+00
1.353253999999999957e+00 1.215864999999999974e+00 1.378565000000000040e+00
1.401124000000000036e+00 1.138022000000000089e+00 1.391764000000000001e+00
1.445996999999999977e+00 1.060923999999999978e+00 1.401995000000000102e+00
1.487900999999999918e+00 9.847329999999999695e-01 1.409397999999999929e+00
1.526871000000000089e+00 9.095990000000000464e-01 1.414110999999999896e+00
1.753853000000000106e+00 2.998720000000000274e-01 1.357415999999999956e+00
1.766455000000000108e+00 2.410259999999999903e-01 1.342406999999999906e+00
1.566508999999999929e+00 -5.823249999999999815e-01 7.986760000000000526e-01
1.545142999999999933e+00 -5.951239999999999863e-01 7.759239999999999471e-01
1.523285000000000000e+00 -6.066110000000000113e-01 7.535570000000000324e-01
1.500984000000000096e+00 -6.168430000000000302e-01 7.315970000000000528e-01
1.478290000000000104e+00 -6.258759999999999879e-01 7.100629999999999997e-01
1.455246999999999957e+00 -6.337660000000000515e-01 6.889720000000000288e-01
1.431901000000000090e+00 -6.405699999999999728e-01 6.683379999999999876e-01
1.408293000000000017e+00 -6.463419999999999721e-01 6.481700000000000239e-01
1.384462000000000081e+00 -6.511369999999999658e-01 6.284790000000000099e-01
1.360446999999999962e+00 -6.550110000000000099e-01 6.092699999999999783e-01
1.336283000000000110e+00 -6.580150000000000166e-01 5.905460000000000154e-01
1.312003000000000030e+00 -6.602019999999999555e-01 5.723120000000000429e-01
1.287638999999999978e+00 -6.616239999999999899e-01 5.545649999999999746e-01
1.263220999999999927e+00 -6.623299999999999743e-01 5.373050000000000326e-01
1.238774999999999959e+00 -6.623689999999999856e-01 5.205290000000000195e-01
1.214326999999999934e+00 -6.617870000000000141e-01 5.042299999999999560e-01
1.189902000000000015e+00 -6.606309999999999683e-01 4.884040000000000048e-01
-4.331343000000000387e+00 -2.827290000000000081e-01 -4.520287999999999862e+00
-4.341173000000000393e+00 -4.664700000000000096e-02 -4.520287999999999862e+00
-4.341912999999999911e+00 1.889139999999999986e-01 -4.520287999999999862e+00
-4.316186000000000078e+00 6.604149999999999743e-01 -4.520287999999999862e+00
-4.289703000000000266e+00 8.973250000000000393e-01 -4.520287999999999862e+00
-4.254096999999999795e+00 1.135653999999999941e+00 -4.520287999999999862e+00
-4.209316000000000280e+00 1.375888000000000000e+00 -4.520287999999999862e+00
-4.155285000000000117e+00 1.618513000000000090e+00 -4.520287999999999862e+00
-4.091911999999999772e+00 1.864017000000000035e+00 -4.520287999999999862e+00
-4.019085999999999714e+00 2.112890999999999853e+00 -4.520287999999999862e+00
-3.936678000000000122e+00 2.365626999999999924e+00 -4.520287999999999862e+00
-3.844539000000000151e+00 2.622720999999999858e+00 -4.520287999999999862e+00
-3.742500999999999856e+00 2.884670999999999985e+00 -4.520287999999999862e+00
-3.630377000000000187e+00 3.151978999999999864e+00 -4.374076999999999771e+00
-3.507960999999999885e+00 3.411646999999999874e+00 -3.994803000000000104e+00
-3.375548000000000215e+00 3.642473999999999990e+00 -3.618828000000000156e+00
-3.234246000000000176e+00 3.844952000000000147e+00 -3.247853000000000101e+00
-3.085148999999999919e+00 4.019655000000000200e+00 -2.883523999999999976e+00
-2.929324999999999957e+00 4.167253999999999792e+00 -2.527401999999999926e+00
-2.767818000000000112e+00 4.288513000000000019e+00 -2.180935999999999986e+00
-2.601643000000000150e+00 4.384298000000000251e+00 -1.845442999999999945e+00
-2.431779000000000135e+00 4.455568999999999669e+00 -1.522089000000000025e+00
-2.259170999999999818e+00 4.503377999999999659e+00 -1.211875000000000036e+00
-2.084722999999999882e+00 4.528858999999999746e+00 -9.156370000000000342e-01
-1.909292999999999907e+00 4.533218999999999888e+00 -6.340360000000000440e-01
-1.733694999999999986e+00 4.517725999999999686e+00 -3.675660000000000038e-01
-1.558694000000000024e+00 4.483694999999999986e+00 -1.165619999999999989e-01
-1.385003999999999902e+00 4.432471999999999746e+00 1.187959999999999988e-01
-1.213284999999999947e+00 4.365425000000000111e+00 3.384670000000000178e-01
-1.044148000000000076e+00 4.283924999999999983e+00 5.425330000000000430e-01
-8.781489999999999574e-01 4.189338000000000228e+00 7.311889999999999779e-01
-7.157919999999999838e-01 4.083008000000000415e+00 9.047230000000000549e-01
-5.575290000000000523e-01 3.966248999999999914e+00 1.063504000000000005e+00
-4.037609999999999810e-01 3.840338000000000029e+00 1.207962999999999898e+00
-2.548420000000000130e-01 3.706501999999999963e+00 1.338583999999999996e+00
-1.110749999999999932e-01 3.565916000000000086e+00 1.455891000000000046e+00
2.727900000000000116e-02 3.419697000000000209e+00 1.560430999999999901e+00
1.600020000000000053e-01 3.268899999999999917e+00 1.652771999999999908e+00
2.869200000000000084e-01 3.114517000000000202e+00 1.733490999999999893e+00
4.078930000000000056e-01 2.957475000000000076e+00 1.803166999999999964e+00
5.228199999999999514e-01 2.798637999999999959e+00 1.862376000000000031e+00
6.316310000000000535e-01 2.638802999999999788e+00 1.911685999999999996e+00
7.342889999999999695e-01 2.478706999999999994e+00 1.951656000000000057e+00
8.307820000000000205e-01 2.319027999999999867e+00 1.982831000000000010e+00
9.211260000000000003e-01 2.160381000000000107e+00 2.005739000000000161e+00
1.005363000000000007e+00 2.003330000000000055e+00 2.020897000000000165e+00
1.083552000000000071e+00 1.848384000000000027e+00 2.028799999999999937e+00
1.155775999999999915e+00 1.696002999999999927e+00 2.029929999999999790e+00
1.222132999999999914e+00 1.546597999999999917e+00 2.024753000000000025e+00
1.282737000000000016e+00 1.400536999999999921e+00 2.013714999999999922e+00
1.337717000000000045e+00 1.258146999999999904e+00 1.997251000000000110e+00
1.387215000000000087e+00 1.119714000000000098e+00 1.975778999999999952e+00
1.431383000000000072e+00 9.854899999999999771e-01 1.949699999999999989e+00
1.470382999999999996e+00 8.556899999999999507e-01 1.919405000000000028e+00
1.504385000000000083e+00 7.305000000000000382e-01 1.885270000000000001e+00
1.533566999999999902e+00 6.100729999999999764e-01 1.847655999999999965e+00
1.558111999999999941e+00 4.945379999999999776e-01 1.806913999999999909e+00
1.578208999999999973e+00 3.839929999999999732e-01 1.763382000000000005e+00
1.594049000000000049e+00 2.785170000000000146e-01 1.717384999999999939e+00
1.605828999999999951e+00 1.781610000000000138e-01 1.669235999999999942e+00
1.613744000000000067e+00 8.295900000000000496e-02 1.619234999999999980e+00
1.617993999999999932e+00 -7.078000000000000090e-03 1.567673000000000094e+00
1.618776999999999910e+00 -9.195699999999999708e-02 1.514826999999999924e+00
1.616292000000000062e+00 -1.717019999999999935e-01 1.460960000000000036e+00
1.610735999999999946e+00 -2.463529999999999887e-01 1.406327000000000105e+00
1.602306999999999926e+00 -3.159669999999999979e-01 1.351166000000000089e+00
1.591196999999999973e+00 -3.806140000000000079e-01 1.295706999999999942e+00
1.577598000000000056e+00 -4.403750000000000164e-01 1.240164000000000044e+00
1.561698000000000031e+00 -4.953469999999999818e-01 1.184741000000000044e+00
1.543681000000000081e+00 -5.456360000000000099e-01 1.129626000000000019e+00
1.523727999999999971e+00 -5.913570000000000215e-01 1.074996000000000063e+00
1.502015000000000100e+00 -6.326359999999999761e-01 1.021017000000000063e+00
1.478712000000000026e+00 -6.696060000000000345e-01 9.678400000000000336e-01
1.453986000000000001e+00 -7.024089999999999501e-01 9.156039999999999734e-01
1.427996999999999961e+00 -7.311900000000000066e-01 8.644340000000000357e-01
1.400900000000000034e+00 -7.561020000000000518e-01 8.144470000000000320e-01
1.372843000000000035e+00 -7.773029999999999662e-01 7.657429999999999515e-01
1.343970000000000109e+00 -7.949519999999999920e-01 7.184129999999999683e-01
1.314418000000000086e+00 -8.092139999999999889e-01 6.725370000000000514e-01
1.284316999999999931e+00 -8.202530000000000099e-01 6.281820000000000181e-01
1.253789999999999960e+00 -8.282380000000000297e-01 5.854059999999999819e-01
1.222955999999999932e+00 -8.333350000000000479e-01 5.442550000000000443e-01
1.191926000000000041e+00 -8.357120000000000104e-01 5.047679999999999945e-01
1.160803999999999947e+00 -8.355369999999999742e-01 4.669730000000000270e-01
1.129688999999999943e+00 -8.329729999999999634e-01 4.308890000000000220e-01
1.098673000000000011e+00 -8.281859999999999777e-01 3.965270000000000183e-01
1.067841000000000040e+00 -8.213359999999999550e-01 3.638899999999999912e-01
1.037272999999999890e+00 -8.125809999999999977e-01 3.329759999999999942e-01
1.007041999999999993e+00 -8.020760000000000112e-01 3.037730000000000152e-01
3.797200000000000131e+00 -4.674679999999999946e-01 4.508598000000000106e+00
3.780256000000000061e+00 -7.287620000000000209e-01 4.508598000000000106e+00
3.753252999999999950e+00 -9.909520000000000550e-01 4.508598000000000106e+00
3.716153999999999957e+00 -1.254569000000000045e+00 4.508598000000000106e+00
3.668905000000000083e+00 -1.520140000000000047e+00 4.508598000000000106e+00
3.611431000000000058e+00 -1.788194999999999979e+00 4.508598000000000106e+00
3.543635999999999786e+00 -2.059263000000000066e+00 4.508598000000000106e+00
3.465403999999999929e+00 -2.333876000000000062e+00 4.508598000000000106e+00
3.376599000000000128e+00 -2.612565000000000026e+00 4.508598000000000106e+00
3.277063000000000059e+00 -2.895865000000000133e+00 4.508598000000000106e+00
3.166618999999999851e+00 -3.184308999999999834e+00 4.508598000000000106e+00
3.045069999999999943e+00 -3.478432000000000190e+00 4.508598000000000106e+00
2.912195999999999785e+00 -3.778770000000000184e+00 4.258220999999999812e+00
2.767758000000000163e+00 -4.062297000000000047e+00 3.791389999999999816e+00
2.612404000000000170e+00 -4.308925999999999590e+00 3.333692999999999795e+00
2.447553000000000090e+00 -4.519663999999999682e+00 2.886995000000000200e+00
2.274589000000000194e+00 -4.695619999999999905e+00 2.453038999999999970e+00
2.094850000000000101e+00 -4.838013000000000119e+00 2.033406999999999965e+00
1.909628000000000103e+00 -4.948171000000000319e+00 1.629499999999999948e+00
1.720164999999999944e+00 -5.027529999999999610e+00 1.242510000000000003e+00
1.527646000000000059e+00 -5.077620999999999718e+00 8.734159999999999702e-01
1.333199000000000023e+00 -5.100062999999999569e+00 5.229759999999999964e-01
1.137887000000000093e+00 -5.096546000000000021e+00 1.917320000000000135e-01
9.427119999999999944e-01 -5.068810000000000038e+00 -1.199820000000000053e-01
7.486030000000000184e-01 -5.018633000000000344e+00 -4.120219999999999994e-01
5.564270000000000049e-01 -4.947807000000000066e+00 -6.844200000000000284e-01
3.669780000000000264e-01 -4.858126000000000388e+00 -9.373639999999999750e-01
1.809820000000000040e-01 -4.751358999999999888e+00 -1.171170999999999962e+00
-9.030000000000000483e-04 -4.629247000000000334e+00 -1.386269999999999891e+00
-1.780869999999999953e-01 -4.493477000000000388e+00 -1.583177000000000056e+00
-3.500429999999999930e-01 -4.345680999999999905e+00 -1.762478999999999907e+00
-5.163090000000000179e-01 -4.187420000000000364e+00 -1.924811999999999967e+00
-6.764809999999999990e-01 -4.020178999999999725e+00 -2.070842999999999989e+00
-8.302129999999999788e-01 -3.845362000000000169e+00 -2.201261999999999830e+00
-9.772149999999999448e-01 -3.664292000000000105e+00 -2.316765999999999881e+00
-1.117245000000000044e+00 -3.478203000000000156e+00 -2.418050000000000033e+00
-1.250110000000000054e+00 -3.288247000000000142e+00 -2.505797999999999970e+00
-1.375661999999999940e+00 -3.095489999999999853e+00 -2.580681999999999920e+00
-1.493791000000000091e+00 -2.900917999999999886e+00 -2.643353999999999981e+00
-1.604429000000000105e+00 -2.705439000000000149e+00 -2.694444999999999979e+00
-1.707540999999999976e+00 -2.509885999999999839e+00 -2.734563000000000077e+00
-1.803123000000000031e+00 -2.315021999999999913e+00 -2.764295999999999864e+00
-1.891202000000000050e+00 -2.121542999999999957e+00 -2.784206999999999876e+00
-1.971832000000000029e+00 -1.930080999999999936e+00 -2.794840000000000213e+00
-2.394270000000000120e+00 2.999890000000000057e-01 -2.237319999999999975e+00
-2.413229999999999986e+00 2.445479999999999876e-01 -4.520287999999999862e+00
-2.402759000000000089e+00 5.778619999999999868e-01 -4.520287999999999862e+00
-2.379453999999999958e+00 9.116990000000000371e-01 -4.520287999999999862e+00
-2.343294999999999906e+00 1.246690999999999994e+00 -4.520287999999999862e+00
-2.294238000000000000e+00 1.583469000000000015e+00 -4.520287999999999862e+00
-2.232215000000000060e+00 1.922660999999999953e+00 -4.520287999999999862e+00
-2.157131000000000132e+00 2.264892000000000127e+00 -4.520287999999999862e+00
-2.068871000000000127e+00 2.610786000000000051e+00 -4.366526000000000352e+00
-1.967292000000000041e+00 2.946210000000000218e+00 -3.813105000000000189e+00
-1.852799000000000085e+00 3.233322999999999947e+00 -3.280515999999999988e+00
-1.727251000000000092e+00 3.474496999999999947e+00 -2.769858999999999849e+00
-1.592416999999999971e+00 3.672111999999999821e+00 -2.282118000000000091e+00
-1.449975000000000014e+00 3.828561000000000103e+00 -1.818132000000000081e+00
-1.301509000000000027e+00 3.946260000000000101e+00 -1.378570999999999991e+00
-1.148511000000000060e+00 4.027641000000000027e+00 -9.639259999999999495e-01
-9.923800000000000399e-01 4.075148999999999688e+00 -5.744970000000000354e-01
-8.344190000000000218e-01 4.091226999999999947e+00 -2.104010000000000047e-01
-6.758389999999999675e-01 4.078312000000000381e+00 1.284250000000000114e-01
-5.177570000000000228e-01 4.038814000000000348e+00 4.422079999999999900e-01
-3.611960000000000170e-01 3.975106999999999946e+00 7.313250000000000028e-01
-2.070869999999999933e-01 3.889510000000000023e+00 9.962820000000000009e-01
-5.627399999999999763e-02 3.784279000000000170e+00 1.237695999999999907e+00
9.048699999999999799e-02 3.661592000000000180e+00 1.456274000000000068e+00
2.325250000000000095e-01 3.523540999999999812e+00 1.652792999999999957e+00
3.692469999999999919e-01 3.372123000000000204e+00 1.828084999999999960e+00
5.001390000000000002e-01 3.209232999999999780e+00 1.983015999999999890e+00
6.247589999999999533e-01 3.036662000000000194e+00 2.118473999999999968e+00
7.427350000000000341e-01 2.856094000000000133e+00 2.235361000000000153e+00
8.537580000000000169e-01 2.669103999999999921e+00 2.334575000000000067e+00
9.575820000000000443e-01 2.477161000000000168e+00 2.417012000000000160e+00
1.054014999999999924e+00 2.281629000000000129e+00 2.483550999999999842e+00
1.142919999999999936e+00 2.083769000000000204e+00 2.535057000000000116e+00
1.224207000000000045e+00 1.884744999999999893e+00 2.572375000000000078e+00
1.297830999999999957e+00 1.685626999999999986e+00 2.596328000000000191e+00
1.363788000000000000e+00 1.487392999999999965e+00 2.607718000000000202e+00
1.580908999999999898e+00 5.381150000000000100e-01 2.502850000000000019e+00
1.602683999999999997e+00 3.613370000000000193e-01 2.454565999999999804e+00
1.617652000000000090e+00 1.901789999999999869e-01 2.398782000000000192e+00
1.626030000000000086e+00 2.506200000000000094e-02 2.336151999999999784e+00
1.628049999999999997e+00 -1.336420000000000108e-01 2.267316000000000109e+00
1.623960000000000070e+00 -2.856150000000000078e-01 2.192896999999999874e+00
1.880295999999999967e+00 -1.810420000000000085e-01 -4.149447999999999581e+00
1.874381000000000075e+00 2.948859999999999815e-01 -3.520680000000000032e+00
1.886791000000000107e+00 7.101570000000000382e-01 -2.918090999999999990e+00
1.915189000000000030e+00 1.067914999999999948e+00 -2.342762000000000011e+00
1.957362999999999964e+00 1.371375999999999928e+00 -1.795446000000000097e+00
2.011219999999999786e+00 1.623788999999999927e+00 -1.276618000000000031e+00
2.074796000000000085e+00 1.828397999999999968e+00 -7.865159999999999929e-01
2.146250999999999909e+00 1.988420999999999994e+00 -3.251800000000000246e-01
2.223866000000000120e+00 2.107024000000000008e+00 1.075239999999999946e-01
2.306048000000000098e+00 2.187305999999999973e+00 5.118719999999999937e-01
2.391321000000000030e+00 2.232282000000000100e+00 8.882569999999999633e-01
2.478326000000000029e+00 2.244871999999999979e+00 1.237173000000000078e+00
2.565815999999999875e+00 2.227892000000000206e+00 1.559188000000000018e+00
2.652651999999999788e+00 2.184045999999999932e+00 1.854929000000000050e+00
2.737798999999999872e+00 2.115918999999999883e+00 2.125067000000000039e+00
2.820323999999999831e+00 2.025977000000000139e+00 2.370303999999999967e+00
2.899385999999999797e+00 1.916565999999999992e+00 2.591358000000000050e+00
2.974234000000000044e+00 1.789905999999999997e+00 2.788958000000000048e+00
3.044207000000000107e+00 1.648098999999999981e+00 2.963834999999999997e+00
3.108718999999999788e+00 1.493130000000000068e+00 3.116719999999999935e+00
3.167263999999999857e+00 1.326869999999999994e+00 3.248337999999999948e+00
3.219408000000000047e+00 1.151076999999999906e+00 3.359405999999999892e+00
3.264782999999999991e+00 9.674089999999999634e-01 3.450638000000000094e+00
3.303087000000000106e+00 7.774219999999999464e-01 3.522743000000000180e+00
3.334076000000000040e+00 5.825759999999999827e-01 3.576427999999999940e+00
3.357562000000000157e+00 3.842459999999999765e-01 3.612398000000000220e+00
3.381542000000000048e+00 -1.779299999999999979e-02 3.634047999999999945e+00
3.381911999999999807e+00 -2.191579999999999917e-01 3.621175000000000033e+00
3.374530000000000030e+00 -4.193109999999999893e-01 3.593490000000000073e+00
3.359440999999999899e+00 -6.172579999999999734e-01 3.551750000000000185e+00
3.336730000000000196e+00 -8.120680000000000121e-01 3.496732000000000173e+00
3.306519000000000208e+00 -1.002872999999999903e+00 3.429231999999999836e+00
3.268961000000000006e+00 -1.188868000000000036e+00 3.350064000000000153e+00
3.224241999999999830e+00 -1.369305999999999912e+00 3.260063000000000155e+00
3.172575000000000145e+00 -1.543501000000000012e+00 3.160079000000000082e+00
2.978413999999999895e+00 -2.022641999999999829e+00 2.808940999999999910e+00
2.901591999999999949e+00 -2.166174999999999962e+00 2.677780999999999967e+00
2.819243000000000166e+00 -2.300915999999999961e+00 2.541042000000000023e+00
2.731707000000000107e+00 -2.426533000000000051e+00 2.399604000000000070e+00
2.639333999999999847e+00 -2.542753999999999959e+00 2.254334000000000060e+00
2.542486999999999941e+00 -2.649366999999999805e+00 2.106078999999999812e+00
2.441533999999999871e+00 -2.746215999999999990e+00 1.955662999999999929e+00
2.336851999999999929e+00 -2.833206000000000113e+00 1.803879999999999928e+00
2.004236000000000129e+00 -3.034893999999999981e+00 1.347712000000000021e+00
1.888438999999999979e+00 -3.082584000000000213e+00 1.197634000000000087e+00
1.770806000000000102e+00 -3.120741000000000209e+00 1.049552000000000040e+00
1.651704999999999979e+00 -3.149570999999999898e+00 9.039960000000000218e-01
1.531492999999999993e+00 -3.169324000000000030e+00 7.614419999999999522e-01
-1.562362999999999946e+00 -1.073326999999999920e+00 -1.436101999999999990e+00
-1.602632999999999974e+00 -9.977599999999999802e-01 -1.436771999999999938e+00
-1.639993999999999952e+00 -9.238349999999999618e-01 -1.435310000000000086e+00
-1.674509000000000025e+00 -8.516359999999999486e-01 -1.431837999999999944e+00
-1.706244000000000094e+00 -7.812369999999999592e-01 -1.426476999999999995e+00
1.210464999999999902e+00 -3.482319999999999860e-01 4.508598000000000106e+00
1.198112000000000066e+00 -7.356819999999999471e-01 4.508598000000000106e+00
1.170841999999999938e+00 -1.123701000000000061e+00 4.508598000000000106e+00
1.128632000000000080e+00 -1.512969000000000008e+00 4.508598000000000106e+00
1.071433999999999997e+00 -1.904163000000000050e+00 4.508598000000000106e+00
9.991740000000000066e-01 -2.297951999999999995e+00 4.508598000000000106e+00
9.117520000000000069e-01 -2.695002000000000120e+00 4.508598000000000106e+00
8.090420000000000389e-01 -3.095963999999999938e+00 4.508598000000000106e+00
6.908940000000000081e-01 -3.501484000000000041e+00 4.508598000000000106e+00
5.571329999999999893e-01 -3.912189000000000139e+00 4.508598000000000106e+00
4.075579999999999758e-01 -4.328691000000000066e+00 4.508598000000000106e+00
2.419469999999999954e-01 -4.751580999999999833e+00 3.978546000000000138e+00
6.005300000000000221e-02 -5.129687999999999803e+00 3.103756999999999877e+00
-1.363989999999999925e-01 -5.429860999999999827e+00 2.277178999999999842e+00
-3.444090000000000207e-01 -5.657257999999999676e+00 1.499147999999999925e+00
-5.611739999999999506e-01 -5.817010999999999932e+00 7.696389999999999620e-01
-7.840899999999999537e-01 -5.914213000000000164e+00 8.825900000000000412e-02
-1.010747999999999980e+00 -5.953894000000000020e+00 -5.457290000000000196e-01
-1.238934999999999897e+00 -5.940987999999999936e+00 -1.133367999999999931e+00
-1.466623999999999928e+00 -5.880303999999999753e+00 -1.675961999999999952e+00
-1.691977000000000064e+00 -5.776491000000000042e+00 -2.175012999999999863e+00
-1.913332999999999950e+00 -5.634007999999999683e+00 -2.632168000000000063e+00
-2.129202999999999957e+00 -5.457101999999999897e+00 -3.049161999999999928e+00
-2.338261000000000145e+00 -5.249782999999999866e+00 -3.427761999999999976e+00
-2.539337000000000177e+00 -5.015817000000000192e+00 -3.769722999999999935e+00
-2.731405000000000083e+00 -4.758715999999999724e+00 -4.076753000000000071e+00
-2.913574000000000108e+00 -4.481736999999999860e+00 -4.350482000000000404e+00
-3.085078000000000209e+00 -4.187889000000000195e+00 -4.520287999999999862e+00
-3.245267999999999819e+00 -3.886709000000000191e+00 -4.520287999999999862e+00
-3.393861999999999934e+00 -3.593697999999999837e+00 -4.520287999999999862e+00
-3.531174000000000035e+00 -3.308321999999999985e+00 -4.520287999999999862e+00
-3.657497999999999916e+00 -3.030047000000000157e+00 -4.520287999999999862e+00
-3.773108000000000128e+00 -2.758344000000000129e+00 -4.520287999999999862e+00
-3.878255999999999926e+00 -2.492682999999999982e+00 -4.520287999999999862e+00
-3.973176000000000041e+00 -2.232543000000000166e+00 -4.520287999999999862e+00
-4.058080000000000354e+00 -1.977403999999999940e+00 -4.520287999999999862e+00
-4.133160000000000167e+00 -1.726752999999999982e+00 -4.520287999999999862e+00
-4.198589000000000127e+00 -1.480080999999999980e+00 -4.520287999999999862e+00
-4.254521000000000441e+00 -1.236885000000000012e+00 -4.520287999999999862e+00
-4.301089000000000162e+00 -9.966639999999999944e-01 -4.520287999999999862e+00
-4.366572999999999816e+00 -5.231759999999999744e-01 -4.520287999999999862e+00
-4.385660999999999810e+00 -2.889280000000000181e-01 -4.520287999999999862e+00
-4.395730000000000359e+00 -5.569899999999999851e-02 -4.520287999999999862e+00
-4.396818999999999811e+00 1.769959999999999867e-01 -4.520287999999999862e+00
-4.388948000000000071e+00 4.096369999999999734e-01 -4.520287999999999862e+00
-4.372119999999999784e+00 6.427049999999999708e-01 -4.520287999999999862e+00
-4.346319000000000266e+00 8.766770000000000396e-01 -4.520287999999999862e+00
-4.311509000000000036e+00 1.112033999999999967e+00 -4.520287999999999862e+00
-4.267636999999999681e+00 1.349256000000000011e+00 -4.520287999999999862e+00
-4.214630999999999794e+00 1.588824999999999932e+00 -4.520287999999999862e+00
-4.152401000000000231e+00 1.831223000000000045e+00 -4.520287999999999862e+00
-4.080837999999999965e+00 2.076937000000000033e+00 -4.520287999999999862e+00
-3.999814000000000203e+00 2.326452999999999882e+00 -4.520287999999999862e+00
-3.909183000000000074e+00 2.580261999999999833e+00 -4.520287999999999862e+00
-3.808780000000000054e+00 2.838858999999999799e+00 -4.520287999999999862e+00
-3.698420000000000041e+00 3.102739000000000136e+00 -4.520287999999999862e+00
-3.577901000000000220e+00 3.372402000000000122e+00 -4.520287999999999862e+00
-3.446997999999999784e+00 3.648350999999999900e+00 -4.520287999999999862e+00
-3.305470000000000130e+00 3.931087999999999916e+00 -4.520287999999999862e+00
-3.153055999999999859e+00 4.221119999999999983e+00 -4.431413000000000046e+00
-2.989475999999999800e+00 4.510631000000000057e+00 -3.989479000000000219e+00
-2.814747999999999806e+00 4.766849999999999810e+00 -3.550984000000000140e+00
-2.630154999999999799e+00 4.990204999999999558e+00 -3.118154000000000092e+00
-2.436961999999999851e+00 5.181257999999999697e+00 -2.693105000000000082e+00
-2.236413000000000206e+00 5.340720000000000134e+00 -2.277800000000000047e+00
-2.029723999999999862e+00 5.469449000000000005e+00 -1.874017000000000044e+00
-1.818079000000000001e+00 5.568448000000000064e+00 -1.483322999999999947e+00
-1.602621999999999991e+00 5.638856999999999786e+00 -1.107058000000000098e+00
-1.384454999999999991e+00 5.681943999999999662e+00 -7.463269999999999627e-01
-1.164627999999999997e+00 5.699086000000000318e+00 -4.019960000000000200e-01
-9.441410000000000080e-01 5.691751000000000005e+00 -7.470200000000000451e-02
-7.239370000000000527e-01 5.661480000000000068e+00 2.351389999999999869e-01
-5.048979999999999579e-01 5.609865000000000101e+00 5.273120000000000029e-01
-2.878459999999999908e-01 5.538528000000000340e+00 8.017830000000000235e-01
-7.354099999999999526e-02 5.449101999999999890e+00 1.058677000000000090e+00
1.373199999999999976e-01 5.343208999999999875e+00 1.298253000000000101e+00
3.441049999999999942e-01 5.222446999999999839e+00 1.520880999999999927e+00
5.462390000000000301e-01 5.088373999999999953e+00 1.727020999999999917e+00
7.432119999999999838e-01 4.942495000000000083e+00 1.917194000000000065e+00
9.345679999999999543e-01 4.786249999999999893e+00 2.091972999999999860e+00
1.119907999999999904e+00 4.621012999999999593e+00 2.251955000000000151e+00
1.298885999999999985e+00 4.448078999999999894e+00 2.397756000000000220e+00
1.471205000000000096e+00 4.268665999999999627e+00 2.529990999999999879e+00
1.636616999999999988e+00 4.083911999999999765e+00 2.649270000000000014e+00
1.794915000000000038e+00 3.894874000000000169e+00 2.756187000000000165e+00
1.945934000000000053e+00 3.702532999999999852e+00 2.851313000000000208e+00
2.089548000000000183e+00 3.507791000000000103e+00 2.935198000000000196e+00
2.225662999999999947e+00 3.311478999999999839e+00 3.008364999999999956e+00
2.354220999999999897e+00 3.114360000000000017e+00 3.071305999999999869e+00
2.475188000000000166e+00 2.917129999999999779e+00 3.124490000000000212e+00
2.588560999999999890e+00 2.720426999999999929e+00 3.168356999999999868e+00
2.694360999999999784e+00 2.524830999999999825e+00 3.203323999999999838e+00
2.792629999999999946e+00 2.330872999999999973e+00 3.229783999999999988e+00
2.883430999999999855e+00 2.139035999999999937e+00 3.248111000000000193e+00
2.966845999999999872e+00 1.949759999999999938e+00 3.258661000000000030e+00
3.042972999999999928e+00 1.763444000000000011e+00 3.261775999999999787e+00
3.111925999999999970e+00 1.580454000000000025e+00 3.257785000000000153e+00
3.228835999999999817e+00 1.225751000000000035e+00 3.229757000000000211e+00
3.277086999999999861e+00 1.054615999999999998e+00 3.206341000000000108e+00
3.318747999999999809e+00 8.879669999999999508e-01 3.177064999999999806e+00
3.353993000000000002e+00 7.260309999999999819e-01 3.142233000000000054e+00
3.383002999999999982e+00 5.690150000000000485e-01 3.102148999999999823e+00
3.405966999999999967e+00 4.171030000000000015e-01 3.057119999999999838e+00
3.423083000000000098e+00 2.704619999999999802e-01 3.007452999999999932e+00
3.434552000000000049e+00 1.292389999999999928e-01 2.953460000000000196e+00
3.440583999999999865e+00 -6.434999999999999748e-03 2.895455000000000112e+00
3.441390999999999867e+00 -1.364470000000000127e-01 2.833755000000000024e+00
3.437193000000000165e+00 -2.607019999999999893e-01 2.768680999999999948e+00
3.428211000000000119e+00 -3.791189999999999838e-01 2.700553999999999899e+00
3.414670000000000094e+00 -4.916360000000000174e-01 2.629700000000000149e+00
3.396796000000000149e+00 -5.982060000000000155e-01 2.556442000000000103e+00
3.374819000000000013e+00 -6.987999999999999767e-01 2.481104000000000198e+00
3.348968999999999863e+00 -7.934029999999999694e-01 2.404009999999999980e+00
3.319475999999999871e+00 -8.820189999999999975e-01 2.325476000000000099e+00
3.286572000000000049e+00 -9.646649999999999947e-01 2.245820000000000149e+00
3.250484999999999847e+00 -1.041377999999999915e+00 2.165347999999999828e+00
3.211444000000000187e+00 -1.112206999999999946e+00 2.084362000000000048e+00
3.169677000000000078e+00 -1.177219999999999933e+00 2.003153999999999879e+00
3.125405999999999906e+00 -1.236499000000000015e+00 1.922007000000000021e+00
3.078853000000000062e+00 -1.290138999999999925e+00 1.841188999999999965e+00
3.030234999999999790e+00 -1.338251999999999997e+00 1.760960000000000081e+00
2.979763999999999857e+00 -1.380962999999999941e+00 1.681562999999999919e+00
2.927648000000000028e+00 -1.418409000000000031e+00 1.603226000000000040e+00
2.874090999999999951e+00 -1.450739999999999919e+00 1.526162999999999936e+00
2.819288999999999934e+00 -1.478118000000000043e+00 1.450571999999999973e+00
-1.580511999999999917e+00 -4.144090000000000273e-01 4.298536000000000357e+00
-1.595412000000000052e+00 -8.938270000000000381e-01 3.633478000000000208e+00
-1.628772000000000109e+00 -1.309487000000000068e+00 2.996859999999999857e+00
-1.678134999999999932e+00 -1.664824999999999999e+00 2.389625000000000110e+00
-1.741179999999999950e+00 -1.963316000000000061e+00 1.812410000000000077e+00
-1.815717000000000025e+00 -2.208445000000000213e+00 1.265597000000000083e+00
-1.899693000000000076e+00 -2.403674000000000088e+00 7.493370000000000308e-01
-1.991185999999999900e+00 -2.552420999999999829e+00 2.635890000000000177e-01
-2.088405999999999985e+00 -2.658043000000000156e+00 -1.918569999999999998e-01
-2.189693000000000112e+00 -2.723815000000000097e+00 -6.173560000000000159e-01
-2.293512000000000217e+00 -2.752920000000000034e+00 -1.013379000000000030e+00
-2.398451000000000111e+00 -2.748435999999999879e+00 -1.380498000000000003e+00
-2.503217999999999943e+00 -2.713325000000000209e+00 -1.719357000000000024e+00
-2.606634000000000118e+00 -2.650424999999999809e+00 -2.030656000000000017e+00
-2.707627000000000006e+00 -2.562448999999999977e+00 -2.315135999999999861e+00
-2.805232999999999866e+00 -2.451976999999999851e+00 -2.573561000000000210e+00
-2.898585000000000189e+00 -2.321457999999999799e+00 -2.806706999999999841e+00
-2.986912999999999929e+00 -2.173207999999999807e+00 -3.015352000000000032e+00
-3.069532000000000149e+00 -2.009412000000000198e+00 -3.200267999999999891e+00
-3.215330999999999939e+00 -1.643300999999999901e+00 -3.501942999999999806e+00
-3.277547000000000210e+00 -1.444744000000000028e+00 -3.620185000000000208e+00
-3.332117999999999913e+00 -1.238167000000000018e+00 -3.717661999999999800e+00
-3.378735999999999962e+00 -1.025177000000000005e+00 -3.795084000000000124e+00
-3.417152000000000189e+00 -8.072780000000000511e-01 -3.853152999999999828e+00
-3.447179000000000215e+00 -5.858860000000000179e-01 -3.892567000000000110e+00
-3.468681999999999821e+00 -3.623259999999999814e-01 -3.914028000000000063e+00
-3.481577000000000144e+00 -1.378469999999999973e-01 -3.918241000000000085e+00
-3.485828999999999844e+00 8.637999999999999845e-02 -3.905921999999999894e+00
-3.447032000000000096e+00 7.468820000000000459e-01 -3.777197999999999833e+00
-3.417218999999999784e+00 9.597560000000000535e-01 -3.706278999999999879e+00
-3.379210000000000047e+00 1.167521000000000031e+00 -3.622704999999999842e+00
-3.333201999999999998e+00 1.369388000000000050e+00 -3.527324000000000126e+00
-3.279421000000000141e+00 1.564626000000000072e+00 -3.421009000000000189e+00
-3.218122000000000149e+00 1.752563000000000093e+00 -3.304654999999999898e+00
-3.149588000000000054e+00 1.932584000000000080e+00 -3.179177999999999837e+00
-3.074122000000000021e+00 2.104134999999999867e+00 -3.045507000000000186e+00
-2.869979999999999754e-01 -2.169820000000000082e-01 -2.809562000000000115e+00
-2.942960000000000020e-01 4.596999999999999698e-02 -2.491435000000000066e+00
-2.914709999999999801e-01 2.775670000000000082e-01 -2.186427999999999816e+00
-2.797279999999999767e-01 4.795079999999999898e-01 -1.894898999999999889e+00
-2.602099999999999969e-01 6.534799999999999498e-01 -1.617129000000000039e+00
-2.339930000000000065e-01 8.011439999999999673e-01 -1.353323999999999971e+00
-2.020919999999999939e-01 9.241359999999999575e-01 -1.103618999999999906e+00
-1.654539999999999900e-01 1.024064000000000085e+00 -8.680830000000000490e-01
-1.249689999999999968e-01 1.102503000000000011e+00 -6.467209999999999903e-01
-8.146399999999999475e-02 1.160989000000000049e+00 -4.394770000000000065e-01
5.376090000000000035e-01 5.519469999999999654e-01 1.149391999999999969e+00
5.599159999999999693e-01 4.623399999999999732e-01 1.171461000000000086e+00
5.787729999999999819e-01 3.715080000000000049e-01 1.185605000000000020e+00
5.941330000000000222e-01 2.800799999999999956e-01 1.192293000000000047e+00
6.059719999999999551e-01 1.886369999999999991e-01 1.191988000000000048e+00
6.142910000000000315e-01 9.771699999999999831e-02 1.185149999999999926e+00
-2.617900000000000088e-02 -5.138650000000000162e-01 -4.520287999999999862e+00
-4.490899999999999753e-02 -7.310899999999999344e-02 -4.520287999999999862e+00
-4.666800000000000115e-02 3.668790000000000107e-01 -4.520287999999999862e+00
-3.148600000000000010e-02 8.067940000000000111e-01 -4.331032000000000437e+00
6.329999999999999906e-04 1.228853999999999891e+00 -3.748453000000000035e+00
4.900299999999999795e-02 1.595342999999999956e+00 -3.191143999999999981e+00
1.114839999999999998e-01 1.909388000000000085e+00 -2.659682999999999797e+00
1.860570000000000002e-01 2.174080000000000013e+00 -2.154501999999999917e+00
2.708200000000000052e-01 2.392469999999999875e+00 -1.675888999999999962e+00
3.639930000000000110e-01 2.567563999999999957e+00 -1.223988000000000076e+00
4.639070000000000138e-01 2.702313999999999883e+00 -7.988070000000000448e-01
2.026186000000000043e+00 1.475300999999999974e+00 2.745906999999999876e+00
2.084045000000000147e+00 1.294732999999999912e+00 2.799958999999999865e+00
2.134952000000000183e+00 1.111593999999999971e+00 2.838985999999999787e+00
2.178806999999999938e+00 9.270239999999999592e-01 2.863741000000000092e+00
2.215555000000000163e+00 7.420769999999999866e-01 2.874969000000000108e+00
2.283202999999999872e+00 1.943670000000000120e-01 2.834791000000000061e+00
2.291742000000000168e+00 1.693899999999999920e-02 2.799176999999999804e+00
2.293449999999999989e+00 -1.567020000000000080e-01 2.753636999999999890e+00
2.288472000000000062e+00 -3.259199999999999875e-01 2.698875000000000135e+00
2.276978999999999864e+00 -4.901409999999999934e-01 2.635590000000000099e+00
2.259163000000000032e+00 -6.488429999999999476e-01 2.564477000000000118e+00
2.235236000000000001e+00 -8.015609999999999680e-01 2.486225999999999825e+00
-4.577339999999999742e-01 -9.943699999999999761e-02 4.508598000000000106e+00
-4.605069999999999997e-01 -5.576020000000000421e-01 4.508598000000000106e+00
-4.809209999999999874e-01 -1.015873000000000026e+00 4.508598000000000106e+00
-5.189789999999999681e-01 -1.474939000000000000e+00 4.508598000000000106e+00
-5.747130000000000294e-01 -1.935481999999999925e+00 4.508598000000000106e+00
-6.481789999999999496e-01 -2.398175999999999863e+00 4.114920999999999829e+00
-7.394600000000000062e-01 -2.825305999999999873e+00 3.389543000000000195e+00
-8.471870000000000234e-01 -3.185240999999999989e+00 2.699368999999999907e+00
-3.268362999999999907e+00 -2.688145000000000007e+00 -3.945495999999999892e+00
-3.370808999999999944e+00 -2.450439999999999952e+00 -4.084744999999999848e+00
-3.464102000000000015e+00 -2.204879000000000033e+00 -4.201970000000000205e+00
-3.843087000000000142e+00 -3.933599999999999874e-01 -4.467780000000000307e+00
-3.782782999999999785e+00 1.072899999999999965e+00 -4.049343999999999610e+00
-3.740416999999999881e+00 1.294337999999999989e+00 -3.933683999999999958e+00
-3.689525999999999861e+00 1.507295999999999969e+00 -3.807158999999999960e+00
-3.407570000000000210e+00 2.262952999999999992e+00 -3.211281000000000052e+00
-1.332273000000000041e+00 -5.519309999999999494e-01 -3.309193000000000051e+00
-1.352468999999999921e+00 -2.851150000000000073e-01 -3.033491000000000160e+00
-2.011035000000000128e+00 -5.418960000000000443e-01 -4.520287999999999862e+00
-2.030844000000000094e+00 -1.892530000000000046e-01 -4.520287999999999862e+00
-2.037075000000000191e+00 1.624390000000000001e-01 -4.520287999999999862e+00
-2.029764999999999819e+00 5.138359999999999594e-01 -4.520287999999999862e+00
-2.008925000000000072e+00 8.655899999999999705e-01 -4.520287999999999862e+00
-1.926576000000000066e+00 1.572781999999999902e+00 -4.520287999999999862e+00
-1.864964000000000066e+00 1.929516000000000009e+00 -4.520287999999999862e+00
-1.789617000000000013e+00 2.289200999999999819e+00 -4.520287999999999862e+00
-1.700420000000000043e+00 2.652476000000000056e+00 -4.520287999999999862e+00
-1.597237000000000018e+00 3.019972999999999796e+00 -4.520287999999999862e+00
-1.479902999999999968e+00 3.392316999999999805e+00 -4.520287999999999862e+00
-1.348233999999999932e+00 3.770122000000000195e+00 -4.520287999999999862e+00
-1.202018000000000031e+00 4.153995000000000104e+00 -4.520287999999999862e+00
-1.041020999999999974e+00 4.544524000000000008e+00 -4.520287999999999862e+00
-8.649879999999999791e-01 4.942281999999999620e+00 -3.693913999999999920e+00
-6.736410000000000453e-01 5.267375999999999614e+00 -2.897835999999999856e+00
-4.697760000000000269e-01 5.523077999999999932e+00 -2.144133000000000067e+00
-2.560660000000000158e-01 5.713764000000000287e+00 -1.433516000000000012e+00
-3.501400000000000345e-02 5.843831999999999915e+00 -7.663290000000000379e-01
1.910459999999999936e-01 5.917690000000000339e+00 -1.425470000000000070e-01
4.199490000000000167e-01 5.939733000000000374e+00 4.382090000000000152e-01
6.497020000000000017e-01 5.914310000000000400e+00 9.766420000000000101e-01
8.784750000000000059e-01 5.845693999999999946e+00 1.473735000000000017e+00
1.104606999999999895e+00 5.738048000000000037e+00 1.930698999999999943e+00
1.326594000000000051e+00 5.595390000000000086e+00 2.348918999999999979e+00
1.543088000000000015e+00 5.421570000000000000e+00 2.729896999999999796e+00
1.752888999999999919e+00 5.220250000000000057e+00 3.075209000000000081e+00
1.954939999999999900e+00 4.994880000000000209e+00 3.386451999999999796e+00
2.148312000000000221e+00 4.748695999999999806e+00 3.665213000000000054e+00
2.332205999999999779e+00 4.484712000000000032e+00 3.913034999999999819e+00
2.505936000000000163e+00 4.205720000000000347e+00 4.131395000000000373e+00
2.668924000000000074e+00 3.914299000000000195e+00 4.321690000000000254e+00
2.820692000000000199e+00 3.612817000000000167e+00 4.485228000000000215e+00
2.960850999999999900e+00 3.303449000000000080e+00 4.508598000000000106e+00
3.089099000000000039e+00 2.998959000000000152e+00 4.508598000000000106e+00
3.205623000000000111e+00 2.700994000000000117e+00 4.508598000000000106e+00
3.310674999999999812e+00 2.408993999999999858e+00 4.508598000000000106e+00
3.404482999999999926e+00 2.122400999999999982e+00 4.508598000000000106e+00
3.487258000000000191e+00 1.840656000000000070e+00 4.508598000000000106e+00
3.559184000000000125e+00 1.563207000000000013e+00 4.508598000000000106e+00
3.620426999999999840e+00 1.289501000000000008e+00 4.508598000000000106e+00
3.671133000000000202e+00 1.018990999999999980e+00 4.508598000000000106e+00
3.711422000000000221e+00 7.511330000000000506e-01 4.508598000000000106e+00
3.741398999999999919e+00 4.853830000000000089e-01 4.508598000000000106e+00
3.761143000000000125e+00 2.212040000000000117e-01 4.508598000000000106e+00
3.481578999999999979e+00 -2.164130999999999805e+00 4.182545000000000179e+00
3.399309000000000136e+00 -2.411747999999999781e+00 3.954222000000000126e+00
3.307506000000000057e+00 -2.642358000000000207e+00 3.719574999999999854e+00
3.206822999999999979e+00 -2.855719999999999814e+00 3.479912999999999812e+00
3.097925000000000040e+00 -3.051658999999999899e+00 3.236552999999999791e+00
2.981482999999999883e+00 -3.230068999999999857e+00 2.990806000000000076e+00
2.858172000000000157e+00 -3.390918999999999794e+00 2.743961999999999790e+00
2.728667000000000176e+00 -3.534256000000000064e+00 2.497273999999999994e+00
2.593643999999999838e+00 -3.660207000000000210e+00 2.251943999999999946e+00
2.453771000000000146e+00 -3.768975999999999882e+00 2.009113000000000149e+00
4.990089999999999804e-01 -3.792788999999999966e+00 3.526143999999999945e+00
3.540309999999999846e-01 -4.115943999999999825e+00 2.811367999999999867e+00
-2.077341999999999800e+00 -3.745366999999999891e+00 -3.307369000000000003e+00
-2.220493999999999968e+00 -3.511626999999999832e+00 -3.501555999999999891e+00
-2.354645999999999795e+00 -3.265900999999999943e+00 -3.669811999999999852e+00
2.813280000000000225e-01 5.536969999999999947e-01 4.508598000000000106e+00
3.037030000000000007e-01 1.256279999999999897e-01 4.508598000000000106e+00
3.095950000000000091e-01 -3.014959999999999862e-01 4.425658999999999565e+00
2.990430000000000033e-01 -7.202769999999999451e-01 3.950143999999999878e+00
2.723650000000000237e-01 -1.093096000000000068e+00 3.490232999999999919e+00
2.313340000000000118e-01 -1.422149000000000107e+00 3.046720000000000095e+00
1.776330000000000131e-01 -1.709626000000000090e+00 2.620296999999999876e+00
-4.389900000000000052e-02 -2.344320999999999877e+00 1.448887999999999954e+00
-1.331060000000000021e-01 -2.487128999999999923e+00 1.095615999999999923e+00
-2.278119999999999867e-01 -2.599082000000000114e+00 7.612999999999999767e-01
1.784127999999999936e+00 4.187690000000000023e-01 4.508598000000000106e+00
1.801306999999999992e+00 5.778500000000000303e-02 4.508598000000000106e+00
1.804588000000000081e+00 -3.023839999999999861e-01 4.508598000000000106e+00
1.794000999999999957e+00 -6.624020000000000463e-01 4.508598000000000106e+00
-2.188590000000000035e+00 -4.649461999999999762e+00 -3.417590000000000128e+00
-2.842423999999999840e+00 -3.593932000000000127e+00 -4.338621999999999979e+00
-3.494254000000000193e+00 -1.828467000000000064e+00 -4.520287999999999862e+00
-3.563598999999999961e+00 -1.548824999999999896e+00 -4.520287999999999862e+00
-3.622177999999999898e+00 -1.272786999999999891e+00 -4.520287999999999862e+00
-3.670128000000000057e+00 -9.998000000000000220e-01 -4.520287999999999862e+00
-3.707568000000000197e+00 -7.293150000000000466e-01 -4.520287999999999862e+00
-3.753829999999999778e+00 3.384900000000000131e-01 -4.520287999999999862e+00
-3.739742000000000122e+00 6.046120000000000383e-01 -4.520287999999999862e+00
-3.715406999999999904e+00 8.714790000000000036e-01 -4.520287999999999862e+00
-3.680797000000000097e+00 1.139626999999999946e+00 -4.520287999999999862e+00
-3.635861999999999927e+00 1.409594000000000014e+00 -4.520287999999999862e+00
-2.956558999999999937e+00 -5.359270000000000422e-01 -4.520287999999999862e+00
-2.409441000000000166e+00 3.208959000000000117e+00 -4.520287999999999862e+00
-2.284831000000000056e+00 3.542961000000000027e+00 -4.520287999999999862e+00
1.444965999999999973e+00 3.586953999999999976e+00 2.810283999999999782e+00
1.584130000000000038e+00 3.374112999999999918e+00 2.923310999999999993e+00
1.715098999999999929e+00 3.156498000000000026e+00 3.019579999999999931e+00
1.837688999999999906e+00 2.935442999999999802e+00 3.099930000000000074e+00
1.951767000000000030e+00 2.712171999999999805e+00 3.165170999999999957e+00
