1.347294999999999909e+00 -3.001386000000000109e+00
4.853560000000000096e-01 -9.381869999999999932e-01
1.327659999999999951e-01 -1.161500000000000032e-02
-1.518100000000000005e-01 3.122999999999999908e-03
-8.251990000000000158e-01 6.547500000000000542e-01
-3.396999999999999846e-03 -4.078000000000000028e-03
1.516672000000000020e+00 -1.151116999999999946e+00
5.521589999999999554e-01 -1.736030000000000073e-01
1.171460000000000001e-01 2.892499999999999932e-02
-8.429300000000000681e-02 -3.153299999999999853e-02
-1.752539999999999931e-01 5.884000000000000341e-03
-2.581720000000000126e-01 -2.954599999999999935e-02
1.371999999999999956e-02 -4.401999999999999663e-03
1.194199999999999949e-02 -6.931999999999999794e-03
1.000388999999999973e+00 -1.118111000000000077e+00
3.302763000000000115e+00 -3.370206000000000035e+00
6.467199999999999338e-02 -7.670999999999999867e-03
-2.102000000000000049e-02 -2.641800000000000051e-02
1.486850000000000116e-01 -5.983999999999999736e-03
2.424659999999999871e-01 -5.647539999999999782e-01
-1.324900000000000036e-02 -1.453800000000000057e-02
1.499500000000000000e-01 -1.120999999999999948e-02
1.512479999999999936e-01 -1.114300000000000013e-02
1.371269999999999989e-01 -1.030599999999999919e-02
1.030099999999999939e-02 -7.492999999999999661e-03
9.916600000000000414e-02 -9.051999999999999283e-03
1.925359000000000043e+00 -1.926377000000000006e+00
2.353820000000000079e-01 -2.129459999999999964e-01
8.428499999999999881e-02 -2.961799999999999849e-02
-2.376046999999999798e+00 2.217299000000000131e+00
1.249399999999999990e-02 -4.898999999999999709e-03
-4.565960000000000019e-01 6.990680000000000227e-01
1.562400000000000073e-02 -5.036999999999999811e-03
5.976999999999999674e-03 -5.612999999999999934e-03
-6.955200000000000271e-02 1.495499999999999954e-02
-1.289999999999999914e-03 -5.301000000000000156e-03
1.531471000000000027e+00 -6.638500000000000512e-01
3.095200000000000035e-02 -2.980000000000000010e-03
4.597011000000000180e+00 -6.102699999999999569e+00
-4.319999999999999838e-04 -5.760000000000000363e-03
-3.116590000000000193e-01 7.013199999999999990e-02
-1.394927999999999946e+00 9.874439999999999884e-01
1.962129999999999985e-01 2.116200000000000025e-02
4.577699999999999825e-02 -1.595999999999999979e-03
1.023400000000000004e-02 1.722500000000000073e-02
1.495060000000000000e-01 -1.120600000000000068e-02
-1.921523000000000092e+00 2.061050999999999966e+00
4.516619999999999635e+00 -4.432140999999999664e+00
1.272299999999999993e-02 3.164100000000000246e-02
1.381509999999999960e-01 -1.003800000000000005e-02
1.042284999999999906e+00 -1.384632000000000085e+00
9.773190000000000488e-01 -1.352368000000000015e+00
-1.198000000000000063e-03 -3.771399999999999753e-02
-8.245679999999999676e-01 7.384439999999999893e-01
4.970000000000000459e-04 -4.951999999999999805e-03
-6.101800000000000279e-02 2.658399999999999999e-02
-1.594969999999999999e-01 7.002000000000000411e-03
1.360470000000000013e-01 -9.754000000000000517e-03
-4.911399999999999794e-02 -4.008000000000000278e-03
6.693699999999999650e-02 -5.701999999999999603e-03
-3.071099999999999872e-02 -4.531999999999999570e-03
3.100870000000000015e-01 9.588499999999999801e-02
1.035459999999999992e-01 -8.406000000000000277e-03
-4.792259999999999853e-01 2.734899999999999831e-02
-1.995460000000000012e-01 -5.894800000000000040e-02
-7.110700000000000354e-02 -1.574599999999999958e-02
1.186149999999999982e-01 -9.318999999999999159e-03
6.672599999999999365e-02 -1.223619999999999985e-01
3.118446000000000051e+00 -5.458886999999999823e+00
1.557399999999999930e-02 2.256650000000000045e-01
-4.895700000000000052e-02 -3.779999999999999940e-03
-1.085109999999999963e-01 -5.087400000000000255e-02
5.314000000000000147e-03 -5.165999999999999585e-03
3.926709999999999923e-01 2.181079999999999963e-01
4.509081000000000117e+00 -4.329308000000000156e+00
1.434209999999999929e-01 -1.080599999999999963e-02
2.174419999999999964e-01 -2.599299999999999874e-02
-5.091839999999999700e-01 5.384449999999999514e-01
-2.785999999999999848e-03 -4.207999999999999935e-03
2.330079999999999929e-01 7.469800000000000051e-02
-7.626299999999999746e-02 1.020599999999999979e-02
1.661299999999999930e-02 -5.050999999999999934e-03
-2.862230999999999970e+00 3.102796999999999805e+00
1.300300000000000067e-02 -3.733999999999999906e-03
-1.652059999999999917e-01 3.749999999999999861e-03
6.275899999999999535e-02 4.067500000000000282e-02
7.144000000000000176e-03 -1.667300000000000032e-02
-2.061899999999999844e-02 -4.826400000000000134e-02
3.097679999999999989e+00 -2.556760999999999839e+00
-5.390909999999999869e-01 5.257540000000000546e-01
8.380100000000000049e-02 -1.037700000000000081e-02
-1.480703000000000102e+00 1.016113000000000044e+00
3.876999999999999804e-03 -1.050399999999999945e-02
1.258680999999999939e+00 -2.132960000000000134e-01
1.316600000000000062e-02 -3.949000000000000253e-03
-2.598139999999999894e-01 1.843099999999999947e-02
-1.180589999999999973e-01 6.276559999999999917e-01
-2.776899999999999855e-02 -1.454999999999999913e-03
-1.991054000000000102e+00 1.406155999999999962e+00
2.069020000000000026e-01 -2.408700000000000077e-02
3.568000000000000338e-02 -6.490000000000000109e-03
-1.668779999999999930e+00 1.101657000000000108e+00
-3.285839999999999872e-01 3.251400000000000123e-02
-6.743590000000000417e-01 2.076510000000000022e-01
1.575566000000000022e+00 -1.103024999999999922e+00
4.862400000000000055e-02 -4.939999999999999947e-03
-2.751699999999999979e-02 -3.083800000000000083e-02
-5.400859999999999550e-01 4.170100000000000195e-02
2.047779999999999878e-01 -5.542810000000000237e-01
-2.941509999999999958e-01 3.768500000000000322e-02
-3.359389999999999876e-01 3.114300000000000054e-02
5.708400000000000279e-02 -7.759999999999999971e-04
1.354370000000000018e-01 -9.658999999999999184e-03
1.334329999999999961e-01 -7.972999999999999185e-03
8.250000000000000389e-03 -1.051000000000000024e-02
1.194800000000000029e-02 -5.512000000000000406e-03
2.695359999999999978e-01 -3.990500000000000297e-02
2.133180000000000076e-01 -1.353599999999999942e-02
2.161210000000000075e-01 2.569300000000000056e-02
8.071420000000000261e-01 -1.839600000000000124e-01
-1.711550000000000016e-01 1.071000000000000077e-02
-1.445190000000000086e-01 6.674000000000000245e-03
7.600600000000000411e-02 -9.771000000000000171e-03
5.447689999999999477e-01 -5.101699999999999985e-02
1.625700000000000062e-02 -5.082999999999999845e-03
1.607199999999999948e-02 -5.078000000000000048e-03
1.403810999999999920e+00 -1.010818999999999912e+00
-8.068640000000000256e-01 3.599149999999999849e-01
5.688000000000000347e-03 -5.475999999999999965e-03
4.508500000000000008e-02 -4.795999999999999916e-03
5.956399999999999889e-02 -6.734000000000000402e-03
6.696199999999999375e-02 -2.961899999999999950e-02
-4.574600000000000194e-02 -3.977999999999999765e-03
2.896670000000000078e-01 -2.156599999999999837e-02
4.478300000000000336e-02 1.531949999999999978e-01
1.642879999999999896e-01 -1.171719999999999984e-01
-1.297700000000000069e-02 -1.367900000000000019e-02
1.004649999999999987e-01 -2.579100000000000142e-02
1.473970000000000002e-01 -6.894999999999999740e-02
1.218329999999999969e-01 -1.331899999999999924e-02
-1.871939999999999993e-01 1.210699999999999971e-02
1.569711000000000078e+00 -7.254249999999999865e-01
-1.383449999999999958e-01 7.867999999999999994e-03
-6.026000000000000106e-03 1.040300000000000079e-02
1.206200000000000050e-01 1.986900000000000124e-02
1.316360000000000030e-01 -7.969000000000000389e-03
2.002629999999999966e-01 -1.136000000000000031e-02
-2.267795000000000005e+00 1.747406999999999933e+00
-4.480731999999999715e+00 3.610221000000000124e+00
2.440920000000000034e-01 -2.273610000000000075e-01
5.532340000000000035e-01 -5.240100000000000313e-02
-5.229489999999999972e-01 3.061099999999999932e-02
-4.597080000000000055e-01 1.202420000000000017e-01
-8.976000000000000645e-02 -4.338499999999999995e-02
6.637960000000000527e-01 2.887629999999999919e-01
-3.694395999999999791e+00 3.916996999999999840e+00
6.886999999999999893e-03 -5.060000000000000261e-03
3.147079999999999878e-01 -2.144400000000000125e-02
3.307800000000000323e-02 5.399999999999999798e-05
1.758369999999999933e-01 -1.197299999999999927e-02
3.783500000000000058e-02 -2.739999999999999923e-04
-3.521799999999999931e-02 -3.611400000000000027e-02
1.363860000000000072e-01 -1.084000000000000068e-02
1.526419999999999999e-01 -9.995999999999999677e-03
-3.652880000000000016e-01 2.051100000000000145e-02
3.353670000000000262e-01 7.076899999999999857e-02
5.546000000000000235e-02 -3.352600000000000025e-02
5.287779999999999703e-01 -4.879599999999999910e-02
3.114660000000000206e-01 -2.122599999999999834e-02
7.634000000000000161e-03 -1.173399999999999964e-02
6.896219999999999573e-01 3.306699999999999917e-02
-1.115900000000000052e-02 -4.412000000000000123e-03
-1.361836999999999964e+00 1.281455999999999928e+00
-1.645919999999999883e-01 3.700999999999999863e-03
8.489000000000000018e-03 -9.428000000000000616e-03
4.995160000000000156e-01 -1.589299999999999879e-01
-1.059100000000000041e-01 -1.079000000000000098e-03
6.266199999999999548e-02 3.899999999999999929e-04
1.596559999999999979e+00 -1.051115000000000022e+00
1.356529999999999958e-01 -1.039799999999999926e-02
2.962960000000000038e-01 -4.467999999999999750e-02
-1.211999999999999970e-03 -4.257999999999999632e-03
3.093330000000000246e-01 -2.924500000000000016e-02
-1.157900000000000075e-02 -4.655000000000000283e-03
1.939799999999999858e-02 -5.819999999999999653e-03
-1.033680000000000015e-01 -7.739999999999999485e-04
1.326130000000000086e-01 -1.264299999999999972e-02
2.398209000000000035e+00 -2.912046999999999830e+00
1.250709999999999877e-01 -9.502000000000000030e-03
1.170500000000000013e-01 -1.993400000000000033e-02
-4.222305000000000419e+00 4.217293999999999876e+00
9.769600000000000506e-02 -8.149999999999999259e-03
1.336090000000000055e-01 3.129170000000000007e-01
2.500000000000000120e-05 -5.917999999999999650e-03
5.137699999999999906e-02 -5.059000000000000129e-03
-9.756639999999999757e-01 6.398800000000000321e-02
1.533660000000000023e-01 -3.363900000000000223e-02
-5.145020000000000149e-01 3.049699999999999980e-02
4.091049999999999964e-01 6.864099999999999369e-02
-3.057750000000000190e-01 5.072820000000000107e-01
2.735500000000000084e-02 -5.729999999999999850e-03
-4.638754999999999740e+00 6.747385000000000410e+00
5.208720000000000017e-01 -6.939399999999999735e-02
-8.567310000000000203e-01 1.359127999999999892e+00
-9.867660000000000320e-01 7.342189999999999550e-01
5.952999999999999958e-03 -5.046000000000000138e-03
-1.898497000000000101e+00 9.468140000000000445e-01
1.337480000000000058e-01 -9.572000000000000647e-03
7.808999999999999969e-03 -1.145099999999999937e-02
4.369100000000000067e-02 1.500199999999999971e-02
1.346499999999999954e-02 -1.374000000000000004e-03
1.398060000000000136e-01 -1.051400000000000078e-02
1.123590000000000005e-01 -2.181699999999999959e-02
4.447500000000000064e-02 -6.850000000000000186e-03
1.133318000000000048e+00 -1.350948999999999955e+00
6.812999999999999612e-03 -6.114999999999999776e-03
-1.607425000000000104e+00 1.136290000000000022e+00
1.360319999999999863e-01 -1.019300000000000067e-02
1.345560000000000089e-01 1.537299999999999951e-02
-1.470128000000000101e+00 7.934050000000000269e-01
1.349299999999999979e-02 -4.754999999999999678e-03
9.638700000000000045e-02 1.032300000000000058e-02
-4.450408000000000364e+00 4.014559000000000211e+00
-7.811209999999999543e-01 2.515169999999999906e-01
-1.072799999999999969e-02 -3.969000000000000306e-03
-3.841829999999999967e-01 3.245100000000000068e-02
-1.435422999999999893e+00 1.096087999999999951e+00
-1.332959999999999978e-01 -4.939999999999999730e-04
-7.950800000000000090e-01 1.519449999999999967e-01
1.621710000000000096e-01 -1.146800000000000076e-02
1.319710000000000050e-01 -1.193600000000000043e-02
-2.298128999999999866e+00 2.396485999999999894e+00
4.562550000000000217e-01 -7.051200000000000523e-02
3.647399999999999948e-02 -6.003999999999999788e-03
2.652999999999999976e-03 -4.678999999999999999e-03
3.831400000000000083e-02 -3.299999999999999982e-04
3.141289999999999916e-01 -2.138599999999999876e-02
3.428300000000000097e-02 1.500000000000000038e-05
-7.552799999999999792e-02 -5.168999999999999984e-03
4.082100000000000312e-02 -6.819999999999999890e-04
1.029550000000000048e-01 1.061899999999999997e-02
2.334710000000000119e-01 -2.292100000000000040e-02
-3.612509999999999888e-01 1.938199999999999992e-02
1.426300000000000068e-01 -1.073600000000000075e-02
1.205435999999999952e+00 -1.400366999999999917e+00
5.690739999999999688e-01 -6.470099999999999463e-02
3.241235000000000088e+00 -2.910029999999999895e+00
9.277000000000000524e-02 -4.872999999999999728e-03
3.888800000000000034e-01 -6.176949999999999941e-01
2.234328999999999787e+00 -1.641223000000000098e+00
2.160899999999999974e-02 -4.991999999999999910e-03
-1.041006000000000098e+00 7.715250000000000163e-01
1.409999999999999865e-01 -8.838000000000000370e-03
-2.627979999999999761e-01 1.868399999999999922e-02
-4.579449999999999577e+00 5.515937000000000090e+00
9.124100000000000266e-02 -1.142899999999999992e-02
5.123440000000000216e-01 -6.970500000000000307e-02
5.767999999999999794e-01 -6.143599999999999756e-02
6.505539999999999656e-01 3.218599999999999933e-02
-4.339830000000000076e-01 9.639000000000000346e-02
2.219579999999999886e-01 -1.419100000000000049e-02
3.605895999999999990e+00 -4.964927000000000312e+00
1.661800000000000083e-02 -5.036999999999999811e-03
-3.557370000000000254e-01 -1.584150000000000003e-01
-8.120000000000000048e-04 -4.653000000000000018e-03
2.723899999999999932e-02 -1.827999999999999981e-03
1.638999999999999832e-02 -5.080999999999999579e-03
-2.157239999999999991e-01 1.256499999999999978e-02
1.401802999999999910e+00 -1.073865000000000069e+00
2.693150000000000266e-01 -3.228099999999999720e-02
2.491669999999999996e-01 -2.726100000000000051e-02
-2.969600000000000017e-02 -4.568000000000000012e-03
-9.450999999999999332e-03 -3.749000000000000162e-03
-1.653979999999999895e-01 5.200999999999999894e-03
-4.192969999999999753e-01 2.748600000000000002e-02
-9.037950000000000150e-01 4.938210000000000099e-01
1.060200000000000031e-01 -2.407400000000000165e-02
-7.440489999999999604e-01 3.782929999999999904e-01
1.912924000000000069e+00 -1.861043000000000003e+00
-4.324819999999999776e-01 1.321759999999999879e-01
8.529399999999999482e-02 -2.966900000000000093e-02
1.856909999999999950e-01 2.502800000000000163e-02
4.198000000000000342e-02 -3.333000000000000025e-03
-3.727699999999999764e-02 -3.708199999999999691e-02
9.062900000000000122e-02 -2.830299999999999830e-02
-9.932100000000000650e-02 4.187370000000000259e-01
3.045610000000000261e-01 -7.045099999999999973e-02
-5.424259999999999637e-01 4.248500000000000193e-02
2.161400000000000127e-02 -3.849999999999999798e-04
-8.055700000000000360e-02 -2.207000000000000194e-03
2.843100000000000141e-02 -5.543000000000000184e-03
-1.557369999999999866e-01 -6.488999999999999976e-03
-5.900699999999999695e-02 -3.305000000000000212e-03
6.119000000000000307e-03 -5.687000000000000215e-03
2.563540000000000263e-01 6.331199999999999328e-02
1.065539999999999959e-01 -3.223000000000000170e-02
1.065180000000000016e-01 1.090499999999999976e-02
5.180999999999999842e-03 -5.268000000000000113e-03
3.590550000000000130e-01 -4.966479999999999784e-01
-2.197639999999999871e-01 -1.354099999999999922e-02
-5.721999999999999656e-03 -3.350000000000000113e-04
-1.659710000000000074e-01 -1.545000000000000019e-02
5.080799999999999900e-02 -6.450000000000000004e-03
5.757099999999999718e-02 6.002000000000000390e-03
-2.526689999999999769e-01 -7.196800000000000419e-02
-7.356489999999999974e-01 5.111339999999999772e-01
-1.033300000000000017e-02 -3.857000000000000185e-03
-1.603809999999999958e-01 3.471000000000000127e-03
1.779599999999999932e-02 7.999999999999999638e-06
-4.485452999999999690e+00 3.682485999999999926e+00
2.784799000000000024e+00 -2.405736999999999792e+00
-2.206930000000000003e-01 1.297799999999999995e-02
-2.385819999999999885e-01 -7.009200000000000153e-02
6.813099999999999712e-02 -7.023999999999999862e-03
2.951509999999999856e+00 -3.018009999999999859e+00
1.417170000000000096e-01 -7.886999999999999914e-03
1.302400000000000085e-02 -3.765999999999999816e-03
2.166369999999999962e-01 -1.374500000000000027e-02
1.928999999999999942e-03 -4.493999999999999731e-03
1.542600000000000048e-02 -5.006000000000000033e-03
-6.597870000000000124e-01 -4.366899999999999948e-02
-1.052511999999999892e+00 8.497710000000000541e-01
-2.357899999999999996e-01 -3.172500000000000320e-02
1.513990000000000058e-01 -1.112199999999999994e-02
3.636999999999999955e-02 -5.784000000000000079e-03
1.799906999999999924e+00 -1.189160999999999913e+00
-8.371999999999999234e-03 -3.736000000000000171e-03
-1.621224999999999916e+00 1.485980000000000079e+00
2.295689999999999953e-01 -2.377100000000000046e-02
-3.959999999999999978e-03 -1.750900000000000026e-02
2.829969999999999986e-01 -3.698099999999999998e-02
1.805200000000000138e-01 -1.928500000000000006e-02
2.281330000000000024e-01 2.590800000000000047e-02
5.254099999999999743e-02 2.518199999999999952e-02
6.610000000000000424e-03 -5.976000000000000409e-03
-4.459219999999999851e-01 3.323399999999999965e-02
2.347940000000000027e-01 -2.348000000000000087e-02
3.190300000000000080e-02 -3.271000000000000036e-03
1.201480000000000048e-01 -1.687699999999999964e-02
-2.956100000000000047e-02 -3.179499999999999688e-02
-2.545919999999999850e-01 1.798500000000000099e-02
5.770739999999999759e-01 -6.010299999999999671e-02
-4.990209999999999924e-01 -5.764299999999999979e-02
-1.066600000000000013e-02 -3.946999999999999988e-03
-1.607210000000000027e-01 3.487000000000000082e-03
1.055139999999999967e-01 -9.320999999999999425e-03
-3.609433999999999809e+00 3.102965000000000195e+00
7.855830000000000313e-01 -7.629999999999999630e-03
1.278127999999999931e+00 -3.366359999999999908e-01
-2.358928000000000136e+00 2.155863000000000085e+00
2.001759999999999928e-01 6.291299999999999670e-02
-4.937500000000000222e-01 2.832600000000000048e-02
5.770000000000000389e-04 -1.253499999999999927e-02
-8.579299999999999427e-02 4.324000000000000066e-02
-3.450199999999999934e-01 1.720999999999999960e-02
-7.490499999999999936e-02 -5.115999999999999888e-03
1.994000000000000113e-03 -4.618999999999999842e-03
1.313999999999999890e-01 -1.323700000000000050e-02
-1.946070000000000022e-01 -2.030720000000000025e-01
8.260000000000000675e-02 7.060000000000000303e-04
1.429640000000000077e-01 -8.044000000000000802e-03
-1.662160000000000026e-01 4.918999999999999762e-03
1.429850000000000010e-01 -8.030999999999999944e-03
-4.592399999999999954e-02 -3.917000000000000343e-03
7.794299999999999840e-02 -5.151000000000000197e-03
-2.266160000000000119e-01 1.555300000000000085e-02
1.653399999999999870e-01 -7.271069999999999478e-01
1.452630000000000032e-01 1.962700000000000000e-01
1.342599999999999905e-01 -1.184499999999999963e-02
6.616700000000000359e-02 -3.238400000000000306e-02
1.184010000000000062e-01 -9.128000000000000697e-03
8.558300000000000629e-02 -2.924699999999999869e-02
-7.742699999999999583e-02 2.677999999999999825e-03
-4.984279999999999822e-01 2.996499999999999858e-02
-2.958282000000000078e+00 3.919919000000000153e+00
8.301180000000000225e-01 -2.059580000000000022e-01
1.445120000000000016e-01 -1.089399999999999917e-02
-1.659049999999999969e-01 3.820000000000000045e-03
2.174540000000000084e-01 -1.848599999999999896e-02
1.027560000000000001e-01 -9.292999999999999178e-03
1.397648000000000001e+00 -1.098414999999999919e+00
-3.658250000000000113e-01 2.631899999999999865e-02
-2.390190000000000092e-01 1.663600000000000148e-02
-3.548020000000000063e-01 1.832900000000000154e-02
3.003509999999999791e-01 -1.187389999999999973e-01
4.294900000000000106e-02 -1.224000000000000045e-03
1.032939999999999969e-01 -8.389000000000000623e-03
-5.101300000000000279e-02 -1.489799999999999978e-02
-3.896600000000000064e-02 -3.549999999999999684e-02
-5.849229999999999707e-01 2.536979999999999791e-01
-4.478988000000000191e+00 3.574981999999999882e+00
-6.771800000000000042e-02 -4.520500000000000212e-02
-9.294499999999999984e-02 -7.297999999999999800e-03
4.097300000000000247e-02 -4.151000000000000176e-03
9.086199999999999832e-02 -7.867999999999999994e-03
-4.491382999999999903e+00 3.766589999999999883e+00
-2.810648000000000035e+00 2.169712999999999781e+00
1.353459999999999941e-01 -9.650999999999999857e-03
3.142679999999999918e-01 -2.139699999999999935e-02
3.684279999999999777e-01 9.556800000000000017e-02
8.151999999999999524e-02 -8.349999999999999784e-03
-1.071499999999999952e-01 -1.198999999999999979e-03
1.747399999999999995e-02 -5.211999999999999619e-03
-1.370000000000000037e-02 -1.576299999999999923e-02
5.238700000000000301e-02 1.811199999999999963e-02
-1.180419999999999942e-01 -1.610000000000000103e-03
-2.377309999999999979e-01 1.652400000000000049e-02
-1.846100000000000171e-02 3.305600000000000205e-02
4.493833000000000411e+00 -4.083804999999999907e+00
-1.188771000000000022e+00 6.061530000000000529e-01
2.630910000000000193e-01 2.749499999999999861e-02
1.226769999999999944e-01 -2.809199999999999892e-02
-1.468230000000000091e-01 -3.253999999999999948e-02
5.326000000000000005e-03 -5.322999999999999607e-03
-5.227779999999999649e-01 3.063400000000000151e-02
-1.216099999999999959e-01 2.037100000000000022e-02
-1.240630000000000066e-01 1.891000000000000103e-03
-3.002790000000000181e-01 -8.277199999999999835e-02
4.394980999999999582e+00 -4.061893999999999672e+00
2.696649999999999880e-01 2.808300000000000032e-02
1.299444000000000043e+00 -3.602960000000000051e-01
1.055610000000000021e-01 -9.315000000000000363e-03
-2.795909999999999784e-01 3.932000000000000078e-02
-3.375595000000000123e+00 2.927348999999999979e+00
7.283730000000000482e-01 -1.618880000000000041e-01
1.150751000000000079e+00 -2.702720000000000122e-01
1.489550000000000041e-01 -5.075999999999999783e-03
4.172000000000000014e-02 -7.074999999999999692e-03
2.541349999999999998e-01 -2.833799999999999861e-02
1.253529999999999922e-01 -2.798799999999999899e-02
-1.003599999999999978e-02 -3.804999999999999789e-03
5.607299999999999784e-02 -5.268000000000000113e-03
3.736400000000000138e-02 -2.220000000000000022e-04
1.600100000000000133e-02 -5.074000000000000385e-03
-5.384499999999999703e-02 -4.436299999999999966e-02
7.985399999999999443e-02 3.310000000000000008e-03
9.530000000000000276e-03 -5.062999999999999792e-03
1.057570000000000038e-01 -9.244999999999999746e-03
1.544659999999999922e-01 1.250300000000000022e-02
-5.277979999999999894e-01 1.892340000000000133e-01
3.948675999999999853e+00 -4.287053000000000225e+00
1.159560000000000035e-01 -2.334699999999999970e-02
1.320189999999999975e-01 -1.293399999999999932e-02
7.895800000000000041e-02 7.612999999999999975e-03
4.994290000000000118e-01 -4.542800000000000310e-02
1.433180000000000009e-01 2.144400000000000125e-02
-2.158500000000000002e-02 4.462599999999999900e-02
8.182499999999999496e-02 9.244000000000000480e-03
-8.930499999999999550e-02 -2.141500000000000001e-02
5.345300000000000051e-02 -6.533999999999999878e-03
-4.505326000000000164e+00 4.095106000000000357e+00
1.511550000000000116e-01 -3.333200000000000052e-02
-3.185450000000000226e-01 3.422300000000000342e-02
2.619025000000000158e+00 -2.929183000000000092e+00
1.810259999999999925e-01 5.694599999999999662e-02
-1.101000000000000069e-02 -1.813299999999999981e-02
1.925327000000000011e+00 -1.765870000000000051e+00
1.407750000000000112e-01 -8.928000000000000172e-03
7.959900000000000309e-02 4.103799999999999809e-02
-1.407499999999999862e-01 -5.238600000000000201e-02
-5.816470000000000251e-01 1.181119999999999948e-01
-1.207100000000000013e-02 -2.160899999999999974e-02
1.286594999999999933e+00 -6.746929999999999872e-01
-4.300189999999999846e-01 3.128000000000000225e-02
2.360904000000000114e+00 -1.364989999999999926e+00
1.661500000000000130e-02 -5.049999999999999802e-03
-1.380919999999999925e-01 2.622000000000000025e-02
-2.901020000000000265e-01 -8.067699999999999871e-02
8.980999999999999400e-03 -8.004000000000000697e-03
1.991999000000000075e+00 -1.749786999999999981e+00
7.855099999999999583e-02 5.883000000000000208e-03
-3.603819999999999801e-01 2.541200000000000056e-02
2.617249999999999854e-01 -4.117099999999999926e-02
-3.301270000000000038e-01 3.223499999999999976e-02
-1.038999999999999993e-03 -5.604999999999999739e-03
4.000000000000000327e-05 -5.928000000000000110e-03
9.645900000000000307e-02 -8.996000000000000524e-03
3.611934000000000200e+00 -3.097840999999999845e+00
3.574478000000000044e+00 -5.055449000000000304e+00
-6.793799999999999839e-02 -2.858999999999999996e-03
2.800210000000000199e-01 -4.122699999999999976e-02
1.053439999999999932e-01 -9.334000000000000283e-03
-1.339430000000000065e-01 -3.669999999999999760e-04
-9.206950000000000411e-01 2.762100000000000111e-01
7.620000000000000037e-03 -6.834999999999999930e-03
1.388200000000000024e-02 -4.494999999999999864e-03
-3.655919999999999725e-01 -8.937799999999999911e-02
2.223680000000000101e-01 -1.703299999999999953e-02
1.630900000000000058e-02 -5.082999999999999845e-03
-3.248399999999999899e-02 3.148900000000000310e-02
1.205519000000000007e+00 -6.414940000000000087e-01
1.457199999999999988e-02 -4.791000000000000120e-03
-1.304154999999999953e+00 5.932309999999999528e-01
3.815359999999999863e-01 6.045099999999999779e-02
-4.168209999999999971e-01 2.324000000000000024e-02
-6.864999999999999575e-03 4.010999999999999809e-03
1.351509999999999934e-01 -9.634999999999999468e-03
-5.133480000000000265e-01 2.970300000000000024e-02
2.268519999999999981e-01 -1.509399999999999978e-02
-1.034690000000000054e-01 -9.929999999999999591e-04
2.229899999999999938e-02 -4.922000000000000160e-03
8.618199999999999472e-02 -8.498000000000000345e-03
1.998189999999999966e-01 -2.001000000000000001e-02
-7.436600000000000155e-02 1.153000000000000032e-02
2.740750000000000131e-01 -2.175900000000000056e-02
2.075130000000000030e-01 6.689699999999999813e-02
1.408889999999999865e-01 -8.881999999999999271e-03
-4.258959999999999968e-01 1.434950000000000114e-01
3.726000000000000145e-02 -3.499599999999999933e-02
1.697039999999999937e-01 -1.135410000000000030e-01
3.765000000000000117e-03 -4.859999999999999737e-03
-2.645480000000000054e-01 1.662699999999999942e-02
2.345927999999999791e+00 -1.684190999999999994e+00
-5.252529999999999699e-01 7.052100000000000035e-02
5.248979999999999757e-01 -6.446640000000000148e-01
3.556700000000000139e-02 -5.976999999999999674e-03
3.162809999999999788e-01 1.358419999999999905e-01
-4.869500000000000217e-02 3.131360000000000254e-01
-9.273499999999999799e-02 -4.936999999999999722e-02
-2.380000000000000117e-04 -4.334000000000000179e-03
3.030610000000000248e-01 3.333099999999999952e-02
-2.599540000000000184e+00 2.345809000000000033e+00
4.970999999999999724e-03 -4.844000000000000215e-03
1.030879999999999991e-01 -9.306000000000000036e-03
5.031879999999999686e-01 -6.996299999999999741e-02
-1.372730000000000061e-01 -1.821499999999999855e-02
3.101500000000000090e-02 -5.839999999999999705e-03
4.165061999999999820e+00 -4.477841999999999878e+00
-4.942280000000000006e-01 2.981999999999999929e-02
-9.571560000000000068e-01 2.130499999999999894e-01
2.143288000000000082e+00 -3.099647000000000041e+00
-1.732213000000000003e+00 1.254990000000000050e+00
2.103899999999999937e-01 -2.159600000000000061e-02
-7.696610000000000396e-01 5.140839999999999854e-01
1.174703999999999970e+00 -2.300240000000000062e-01
-5.560329999999999995e-01 2.817910000000000137e-01
5.765689999999999982e-01 -6.169899999999999690e-02
-6.648600000000000343e-02 1.709199999999999955e-02
-4.848399999999999932e-01 2.134759999999999991e-01
5.144109999999999516e-01 4.269000000000000225e-03
-4.483677000000000135e+00 4.177749999999999631e+00
-4.373049999999999993e-01 2.798199999999999993e-02
7.525999999999999704e-03 -5.066000000000000190e-03
-1.199299999999999949e-01 -3.178399999999999975e-02
1.321819999999999939e-01 -9.537999999999999604e-03
-3.461919999999999997e-01 6.883610000000000007e-01
-1.914260000000000128e-01 -5.949700000000000127e-02
1.542370000000000130e-01 1.239679999999999949e-01
-3.649950000000000139e-01 2.039300000000000140e-02
1.499870000000000092e-01 -8.564999999999999697e-03
9.177229999999999555e-01 -1.405156999999999989e+00
7.902700000000000002e-02 4.693000000000000123e-03
1.246209999999999957e-01 -2.273670000000000135e-01
-1.940000000000000101e-03 -4.872999999999999728e-03
9.562400000000000067e-02 1.030200000000000039e-02
6.510599999999999721e-02 -6.996599999999999486e-01
-2.852499999999999827e-02 -3.131699999999999762e-02
6.047000000000000292e-03 -5.048000000000000403e-03
1.199830000000000063e-01 -1.866500000000000103e-02
4.491044999999999732e+00 -4.036717000000000333e+00
8.941300000000000636e-02 -2.857200000000000017e-02
-1.443427000000000016e+00 1.224452000000000096e+00
-6.899999999999999883e-03 4.582000000000000135e-03
-8.993099999999999705e-02 2.598000000000000049e-03
-1.485670000000000046e-01 -1.533600000000000067e-02
1.715300000000000158e-02 -4.054399999999999671e-02
1.277200000000000037e-02 -3.070999999999999945e-03
-1.438319999999999876e-01 2.795999999999999874e-03
2.238080000000000069e-01 -1.665000000000000160e-02
5.755200000000000315e-01 -6.247799999999999881e-02
6.969189999999999552e-01 3.364099999999999729e-02
-9.999999999999999547e-07 -5.904999999999999659e-03
2.265729999999999966e-01 -1.580799999999999914e-02
-3.217209999999999792e-01 1.208900000000000079e-02
-2.828220000000000178e-01 -8.451999999999999444e-03
-1.660580000000000112e-01 3.837999999999999832e-03
2.456831999999999905e+00 -2.190415999999999919e+00
-5.208289999999999864e-01 3.030599999999999961e-02
2.406200000000000006e-02 -5.411000000000000011e-03
-4.528082999999999636e+00 4.375370000000000203e+00
1.761832999999999982e+00 -1.623788999999999927e+00
-1.003000000000000003e-01 -2.910000000000000260e-04
2.861000000000000001e-02 -1.320000000000000101e-04
1.308950000000000113e-01 -1.028899999999999954e-02
6.582200000000000550e-02 -5.612999999999999934e-03
-4.955729999999999857e-01 3.753399999999999792e-02
-4.514520000000000199e-01 2.840499999999999969e-02
6.677999999999999908e-03 -6.021000000000000310e-03
3.769000000000000128e-02 -3.601000000000000034e-03
9.107000000000000511e-03 -5.067999999999999589e-03
5.739269999999999650e-01 -6.324000000000000454e-02
8.590999999999999678e-03 -5.069999999999999854e-03
1.122360000000000024e-01 -9.565999999999999850e-03
-4.636350000000000193e-01 3.751700000000000174e-02
3.499999999999999693e-05 -5.932999999999999906e-03
-6.899999999999999883e-03 5.793999999999999671e-03
1.325129999999999919e-01 1.959899999999999837e-02
1.278970000000000107e-01 -1.495499999999999954e-02
-9.594500000000000250e-01 7.243429999999999591e-01
-7.015580000000000149e-01 4.106879999999999975e-01
5.108999999999999826e-03 -5.240999999999999999e-03
-1.025900000000000034e+00 5.291709999999999470e-01
3.526880000000000015e-01 -3.264199999999999741e-02
-1.029019999999999935e-01 -4.377500000000000141e-02
-9.106200000000000405e-02 3.645240000000000147e-01
-9.694899999999999629e-01 -3.013109999999999955e-01
1.321779999999999899e-01 -1.185199999999999969e-02
-2.941000000000000038e-03 -4.115999999999999867e-03
-2.308400000000000035e-02 -3.886000000000000131e-03
-7.477999999999999925e-02 -2.507999999999999813e-03
1.013519999999999976e-01 -7.199309999999999876e-01
-4.468699999999999894e-01 2.826499999999999846e-02
2.655440000000000023e-01 -4.017699999999999744e-02
2.799536999999999942e+00 -3.145554000000000183e+00
1.428319999999999868e-01 -7.891999999999999710e-03
-1.621700000000000086e-01 2.602099999999999899e-02
2.705989999999999784e-01 -1.772110000000000074e-01
-8.725800000000000223e-02 -3.452290000000000081e-01
1.049582999999999933e+00 -2.633119999999999905e-01
6.807839999999999447e-01 2.674800000000000094e-02
-4.447428999999999633e+00 3.935258000000000145e+00
-2.094250000000000000e-01 -3.299699999999999855e-02
3.672799999999999954e-01 4.648869999999999947e-01
-6.934139999999999748e-01 2.654259999999999953e-01
1.751600000000000101e-01 -3.374900000000000122e-02
1.361690000000000123e-01 -9.795999999999999153e-03
3.164830000000000143e-01 -7.041899999999999549e-02
1.507080999999999893e+00 -2.039641000000000037e+00
1.280040000000000067e-01 -2.788200000000000053e-02
-1.376219999999999943e-01 2.100099999999999884e-02
-5.925899999999999918e-02 -4.416899999999999993e-02
1.224579999999999974e-01 -9.393999999999999573e-03
-5.341590000000000504e-01 4.206800000000000123e-02
-2.108609999999999929e-01 -6.285000000000000309e-02
9.381100000000000549e-02 -8.840000000000000635e-03
-2.430876000000000037e+00 1.882827000000000028e+00
-1.869596999999999953e+00 1.512826999999999922e+00
8.462000000000000771e-03 -8.590000000000000413e-03
9.007300000000000029e-02 -3.697000000000000199e-03
-7.717999999999999861e-02 -1.713399999999999992e-02
2.999820000000000264e-01 -2.065699999999999828e-02
4.653579999999999939e-01 -4.092569999999999819e-01
1.221109999999999973e-01 -1.770499999999999852e-02
-3.078350000000000253e-01 -1.320890000000000120e-01
-1.128119999999999956e-01 -4.989999999999999861e-04
3.610209999999999808e-01 -3.330199999999999827e-02
1.064700000000000021e-02 2.435650000000000037e-01
-6.706399999999999861e-02 -4.160599999999999715e-02
1.155029999999999946e-01 -1.884200000000000111e-02
-1.444550000000000001e-01 2.822999999999999989e-03
8.667359999999999509e-01 -1.407000000000000048e-03
1.536114999999999897e+00 -2.223567000000000071e+00
4.223000000000000191e-03 -5.057999999999999996e-03
-1.301269999999999927e-01 -1.619800000000000059e-02
-3.522779999999999800e-01 2.935300000000000062e-02
1.408900000000000083e-02 -8.729999999999999696e-04
-4.194824999999999804e+00 3.859068999999999861e+00
1.165179999999999966e-01 -9.273999999999999258e-03
2.808539999999999925e-01 -5.923260000000000192e-01
7.105400000000000604e-02 4.930999999999999620e-03
9.135699999999999377e-02 1.019199999999999967e-02
2.934610000000000274e-01 -2.997920000000000029e-01
1.461969999999999936e-01 -1.102500000000000008e-02
-3.781960999999999906e+00 3.124324999999999797e+00
-1.674170000000000103e-01 5.393000000000000224e-03
-3.613999999999999851e-02 -3.984999999999999827e-03
-1.265320000000000056e-01 2.011000000000000201e-03
1.363971999999999962e+00 -4.356590000000000185e-01
1.168659999999999977e-01 -1.293500000000000032e-02
-1.648050000000000070e-01 3.716999999999999818e-03
1.980349999999999888e-01 -1.281700000000000027e-02
8.462799999999999490e-02 4.091299999999999798e-02
1.784459000000000017e+00 -1.448198000000000096e+00
1.461040000000000116e-01 -1.521999999999999915e-02
-1.485879999999999979e-01 2.993000000000000001e-03
-3.695419999999999816e-01 2.544529999999999847e-01
-9.767829999999999568e-01 1.452134999999999954e+00
-5.230800000000000033e-02 -3.914600000000000024e-02
-1.289319999999999911e-01 5.392000000000000091e-03
2.217210000000000014e-01 -1.720899999999999860e-02
-1.016289999999999971e-01 -5.169999999999999899e-04
1.171729999999999994e-01 1.240100000000000056e-02
-9.619500000000000273e-02 5.929999999999999941e-04
1.802199999999999983e-02 3.052099999999999952e-02
-9.469279999999999919e-01 4.482280000000000153e-01
1.359400000000000018e-02 -4.321000000000000188e-03
1.186930000000000068e-01 -1.749500000000000013e-02
3.091439999999999744e-01 -2.110599999999999976e-02
-6.160199999999999704e-02 -4.316000000000000392e-03
-2.091459999999999986e-01 -4.651999999999999885e-02
-6.460200000000000664e-02 -4.530399999999999705e-02
9.393700000000000661e-02 -5.337999999999999863e-03
-3.652580000000000271e-01 2.350400000000000059e-02
1.569399999999999962e-02 -5.046000000000000138e-03
4.590525000000000411e+00 -5.979682000000000386e+00
-1.055083999999999911e+00 4.292569999999999997e-01
-1.886093999999999937e+00 1.487915000000000099e+00
-4.815929999999999933e-01 3.630800000000000000e-02
-1.318350000000000077e-01 -7.129999999999999836e-04
1.364319999999999977e-01 -3.020499999999999921e-02
-1.413179999999999992e-01 -5.116249999999999964e-01
1.205959999999999949e-01 -9.358999999999999264e-03
-6.278550000000000519e-01 3.556739999999999902e-01
-2.099999999999999870e-03 -4.756999999999999944e-03
2.076109999999999900e-01 9.936000000000000387e-03
1.190399999999999965e-02 -4.956999999999999601e-03
1.650000000000000078e-02 -3.887999999999999963e-03
1.364499999999999880e-01 -6.989700000000000080e-02
-4.415964999999999918e+00 5.143557000000000379e+00
3.285199999999999926e-02 -3.552000000000000036e-03
-5.531850000000000378e-01 3.645090000000000274e-01
2.522260000000000058e-01 -5.294000000000000095e-02
-7.311689999999999579e-01 3.152530000000000054e-01
6.129400000000000126e-02 -6.791000000000000161e-03
1.044739999999999974e-01 -8.729999999999999913e-03
4.802300000000000318e-02 1.900200000000000153e-02
2.202079999999999871e-01 -2.235399999999999887e-02
-1.556800000000000128e-01 -1.551199999999999975e-02
2.836387000000000214e+00 -2.728158999999999779e+00
5.366699999999999943e-02 -3.367000000000000201e-03
1.002170000000000005e-01 1.854799999999999852e-02
1.740399999999999933e-02 -3.520999999999999824e-03
5.338899999999999896e-02 -1.458000000000000095e-03
-2.968000000000000152e-03 -4.047000000000000250e-03
2.980070000000000219e-01 -2.152300000000000046e-02
-1.616900000000000004e-01 3.531999999999999983e-03
-1.831359999999999932e-01 -6.370500000000000052e-01
2.208064999999999944e+00 -1.925707999999999975e+00
1.759819999999999995e-01 2.176099999999999909e-02
8.057599999999999485e-02 2.497999999999999787e-03
1.043609999999999954e-01 -8.696999999999999870e-03
2.128079999999999972e-01 -1.350600000000000064e-02
6.376400000000000123e-02 -2.966999999999999846e-02
1.256500000000000117e-01 -9.535999999999999338e-03
-1.792710000000000137e-01 4.381199999999999678e-02
1.154922000000000004e+00 -3.682579999999999742e-01
-2.368069999999999897e-01 -1.358099999999999932e-02
4.047100000000000003e-02 -3.304000000000000079e-03
6.301600000000000257e-02 -6.849000000000000053e-03
1.013779999999999959e-01 -8.309000000000000413e-03
-4.524230000000000196e-01 -2.794139999999999957e-01
2.562450000000000006e-01 -1.851900000000000074e-02
2.858700000000000130e-01 -2.159900000000000014e-02
1.806200999999999945e+00 -1.874411999999999967e+00
-1.910290000000000044e-01 1.244199999999999993e-02
8.918000000000000579e-03 -3.011600000000000041e-02
-1.492999999999999969e-03 -5.509000000000000008e-03
2.395847999999999978e+00 -2.146938000000000013e+00
-5.008000000000000299e-03 1.286999999999999950e-02
2.101329999999999865e-01 -1.336099999999999961e-02
4.507226000000000177e+00 -4.282422000000000395e+00
3.144190000000000040e-01 -2.149799999999999975e-02
2.044703000000000159e+00 -2.383090000000000153e+00
1.654800000000000021e-02 -5.752000000000000168e-03
1.428999999999999932e-03 -4.978999999999999919e-03
4.063100000000000045e-02 1.619879999999999931e-01
3.062700000000000145e-02 -3.545299999999999840e-02
4.980970000000000120e-01 5.088700000000000168e-02
2.121359999999999912e-01 -2.246539999999999926e-01
1.024000000000000049e-01 -2.521899999999999836e-02
4.218700000000000228e-02 -3.057999999999999954e-03
1.137458999999999998e+00 -1.539706000000000019e+00
2.681950000000000167e-01 -3.992899999999999922e-02
-3.060000000000000111e-04 -5.797000000000000069e-03
-3.145080000000000098e-01 2.844400000000000053e-02
2.838040000000000007e-01 -2.397769999999999901e-01
-2.221674999999999844e+00 1.785052000000000083e+00
-4.322860000000000036e-01 2.425300000000000025e-02
-2.918390000000000151e-01 3.796499999999999875e-02
-2.223370000000000068e-01 -6.059900000000000009e-02
1.081479999999999941e-01 -2.973200000000000148e-02
3.934499999999999803e-02 -4.608000000000000117e-03
-4.564869999999999761e-01 -7.380100000000000549e-02
5.635000000000000252e-03 -1.384499999999999967e-02
-1.517399999999999999e-02 -1.886300000000000129e-02
4.907719999999999860e-01 -5.138880000000000114e-01
-1.262109999999999899e-01 -4.405900000000000094e-02
-4.770869999999999833e-01 3.840400000000000064e-02
-4.458999999999999769e-02 -1.484999999999999992e-03
-5.523000000000000131e-02 2.388499999999999998e-02
2.315599999999999950e-02 -1.253999999999999906e-03
2.481540000000000135e-01 9.162499999999999811e-02
-1.327899999999999914e-01 2.307000000000000023e-03
2.126600000000000018e-02 -5.028999999999999616e-03
-2.439439999999999942e-01 -6.991300000000000292e-02
-9.261500000000000288e-02 3.961000000000000111e-03
1.295759999999999967e-01 1.156899999999999942e-02
2.650029999999999886e-01 -3.104799999999999921e-02
-1.421828000000000092e+00 1.200965999999999978e+00
-1.531199999999999922e-02 2.994099999999999887e-02
-4.572610000000000063e+00 5.407850999999999964e+00
-4.843790000000000040e-01 2.769299999999999887e-02
-4.214999999999999997e-03 -2.733999999999999885e-03
3.813309999999999755e-01 -3.492699999999999971e-02
2.807540000000000036e-01 -2.165800000000000017e-02
1.485599999999999941e-02 -4.878000000000000391e-03
-1.221853999999999996e+00 1.292486000000000024e+00
-5.204699999999999882e-01 7.508899999999999464e-01
2.056109999999999882e-01 -2.063560000000000116e-01
8.604799999999999949e-02 9.924000000000000529e-03
-2.741830000000000100e-01 -1.006709999999999966e-01
1.075100000000000014e-02 -5.028999999999999616e-03
5.840000000000000052e-02 -5.372000000000000039e-03
2.793300000000000227e-01 -7.350050000000000194e-01
2.411837999999999926e+00 -2.539193000000000033e+00
1.244870000000000004e-01 -9.466999999999999721e-03
-2.581138999999999850e+00 2.801235999999999837e+00
1.497355999999999909e+00 -2.249143999999999810e+00
2.825969999999999871e-01 -1.981600000000000028e-02
1.709198999999999913e+00 -1.037800999999999974e+00
1.405180000000000040e-01 2.329229999999999912e-01
4.050199999999999911e-01 8.823100000000000387e-02
-7.828610000000000291e-01 4.013240000000000141e-01
-3.394599999999999701e-02 -1.654900000000000121e-02
-3.218099999999999850e-01 1.525699999999999973e-02
3.601440000000000197e-01 9.651500000000000357e-02
-4.525692000000000270e+00 4.423567000000000249e+00
2.628699999999999926e-01 -1.884800000000000017e-02
2.146280000000000132e-01 -1.947499999999999926e-02
2.052700000000000080e-01 2.413170000000000037e-01
8.328000000000000333e-03 -5.069999999999999854e-03
8.295390000000000263e-01 -1.377439999999999998e+00
-2.073599999999999888e-01 1.386899999999999938e-02
2.034260999999999875e+00 -2.005249000000000059e+00
9.364000000000000101e-02 -8.857000000000000289e-03
2.078369999999999940e-01 -1.324600000000000083e-02
-1.037204999999999933e+00 9.097690000000000499e-01
1.514221000000000039e+00 -1.510164999999999980e+00
3.856350000000000056e-01 6.188300000000000051e-02
7.864100000000000257e-02 2.472500000000000045e-02
7.387999999999999602e-03 -6.591999999999999769e-03
-3.642610000000000015e-01 2.399099999999999844e-02
3.223480000000000234e-01 -7.040599999999999636e-02
1.463878000000000013e+00 -1.174968999999999930e+00
1.215309999999999890e+00 -2.702860000000000262e-01
1.780549999999999911e-01 -3.329599999999999921e-02
-7.200000000000000182e-05 -5.876000000000000147e-03
-5.123560000000000336e-01 4.071999999999999925e-02
-8.563579999999999526e-01 2.103359999999999952e-01
1.413149999999999962e-01 -8.713000000000000259e-03
-1.727090000000000014e+00 1.463122999999999951e+00
