-1.815717000000000025e+00 -2.208445000000000213e+00 1.265597000000000083e+00
-3.959340000000000082e-01 5.946699999999999903e-02 4.616529999999999800e-01
3.073529999999999873e-01 -1.214400000000000028e-02 1.382420000000000038e-01
-3.763040000000000274e-01 5.054999999999999598e-03 -1.585570000000000035e-01
-9.368030000000000523e-01 -4.864600000000000035e-01 -8.308140000000000525e-01
-1.893799999999999997e-02 -1.818699999999999831e-02 -3.746000000000000198e-03
1.772621999999999920e+00 1.498615000000000030e+00 1.529228999999999949e+00
1.071361999999999925e+00 -2.278706000000000120e+00 5.676459999999999839e-01
3.376230000000000064e-01 -2.438200000000000089e-02 1.238900000000000001e-01
-2.673119999999999941e-01 5.406250000000000222e-01 -8.964400000000000146e-02
-4.299399999999999888e-01 1.334760000000000113e-01 -1.829300000000000093e-01
-6.964839999999999920e-01 3.119600000000000151e-01 -2.713329999999999909e-01
2.315599999999999950e-02 -2.620199999999999960e-02 1.413400000000000073e-02
1.440899999999999993e-02 -1.667999999999999995e-03 1.215100000000000034e-02
5.778020000000000378e-01 -4.881809999999999761e-01 9.913469999999999782e-01
2.321890999999999927e+00 1.818068000000000017e+00 3.290080000000000116e+00
1.445110000000000006e-01 -1.170510000000000023e-01 6.724299999999999722e-02
-1.009680000000000022e-01 2.284200000000000119e-02 -2.326100000000000043e-02
3.565820000000000101e-01 -2.474600000000000063e-02 1.551599999999999924e-01
-3.634600000000000053e-01 1.255840999999999985e+00 2.260560000000000069e-01
-6.133299999999999863e-02 -8.233000000000000734e-03 -1.455700000000000049e-02
3.508169999999999900e-01 -4.147599999999999898e-02 1.562270000000000048e-01
3.541599999999999748e-01 -3.858299999999999924e-02 1.575870000000000049e-01
3.204420000000000046e-01 -5.601699999999999735e-02 1.428659999999999930e-01
9.364000000000000795e-03 -8.779999999999999827e-04 1.040899999999999985e-02
2.280669999999999920e-01 -1.112520000000000037e-01 1.032389999999999974e-01
1.470382999999999996e+00 8.556899999999999507e-01 1.919405000000000028e+00
2.194359999999999922e-01 3.346099999999999769e-02 2.356979999999999908e-01
1.559180000000000010e-01 6.950099999999999334e-02 8.667700000000000404e-02
-2.059426999999999897e+00 -8.598510000000000320e-01 -2.377210999999999963e+00
1.925500000000000128e-02 -3.249599999999999711e-02 1.282800000000000086e-02
5.184799999999999826e-02 -2.053833000000000020e+00 -4.432949999999999946e-01
2.681800000000000156e-02 -2.603700000000000112e-02 1.609400000000000067e-02
1.796999999999999986e-03 -3.048299999999999968e-02 5.978999999999999940e-03
-1.512749999999999928e-01 -9.729400000000000548e-02 -7.198000000000000231e-02
-1.577500000000000083e-02 -2.495100000000000096e-02 -1.603000000000000041e-03
2.603781000000000123e+00 5.550000000000000072e-02 1.569533999999999985e+00
6.851599999999999357e-02 -5.156399999999999872e-02 3.221899999999999764e-02
9.929419999999999913e-01 -1.791797000000000084e+00 4.508598000000000106e+00
-1.441899999999999953e-02 -2.918199999999999961e-02 -7.280000000000000230e-04
-6.595050000000000079e-01 5.174140000000000406e-01 -3.223690000000000166e-01
-1.761652999999999913e+00 -6.460850000000000204e-01 -1.410552000000000028e+00
5.211050000000000404e-01 -4.558440000000000270e-01 2.061520000000000019e-01
1.078100000000000031e-01 -5.945899999999999797e-02 4.778600000000000209e-02
5.137699999999999906e-02 -4.077830000000000066e-01 1.154299999999999944e-02
3.497179999999999733e-01 -4.230600000000000332e-02 1.557630000000000126e-01
-1.249527999999999972e+00 -4.644881999999999955e+00 -1.903251999999999944e+00
3.277063000000000059e+00 -2.895865000000000133e+00 4.508598000000000106e+00
8.218000000000000305e-02 -2.037130000000000052e-01 1.485099999999999962e-02
3.234469999999999845e-01 -1.258699999999999923e-02 1.439489999999999936e-01
2.298769999999999980e-01 2.647943999999999853e+00 1.021714000000000011e+00
1.234880000000000005e-01 2.735736999999999863e+00 9.555059999999999665e-01
-7.085800000000000431e-02 1.512830000000000008e-01 -3.089000000000000166e-03
-7.938600000000000101e-01 -7.646330000000000071e-01 -8.260009999999999852e-01
-1.072500000000000016e-02 -8.653399999999999981e-02 2.829999999999999942e-04
-1.101729999999999932e-01 -3.751720000000000055e-01 -6.248900000000000288e-02
-3.888210000000000277e-01 -5.668100000000000221e-02 -1.664039999999999964e-01
3.186950000000000061e-01 -3.005800000000000138e-02 1.417630000000000001e-01
-1.327160000000000006e-01 1.631799999999999917e-02 -5.153800000000000048e-02
1.535140000000000116e-01 -6.149299999999999905e-02 6.970800000000000607e-02
-8.776200000000000667e-02 -9.144299999999999651e-02 -3.232399999999999857e-02
9.311000000000000387e-01 -4.645779999999999910e-01 3.288200000000000012e-01
2.400770000000000126e-01 -7.249700000000000588e-02 1.078490000000000004e-01
-1.147056000000000076e+00 8.178799999999999959e-02 -4.996849999999999903e-01
-6.009120000000000017e-01 3.076459999999999750e-01 -2.114769999999999983e-01
-2.075339999999999963e-01 6.121000000000000052e-02 -7.510500000000000509e-02
2.760389999999999788e-01 -5.355599999999999944e-02 1.235590000000000022e-01
-4.607499999999999790e-02 8.698699999999999488e-02 6.379100000000000048e-02
-1.628772000000000109e+00 -1.309487000000000068e+00 2.996859999999999857e+00
4.204490000000000172e-01 -2.412539999999999962e-01 2.729200000000000029e-02
-1.319369999999999987e-01 -9.068299999999999972e-02 -5.136299999999999893e-02
-3.606219999999999981e-01 1.611809999999999909e-01 -1.159209999999999963e-01
9.089999999999999773e-04 -9.109499999999999542e-02 5.308000000000000218e-03
1.343290000000000095e+00 -1.952206000000000108e+00 4.200220000000000065e-01
3.404482999999999926e+00 2.122400999999999982e+00 4.508598000000000106e+00
3.352559999999999985e-01 -5.040900000000000242e-02 1.494209999999999983e-01
4.935010000000000230e-01 -1.409950000000000092e-01 2.260669999999999902e-01
-3.528410000000000157e-01 -8.924119999999999830e-01 -5.060059999999999558e-01
-1.763699999999999990e-02 -2.501700000000000104e-02 -3.114000000000000015e-03
7.037970000000000059e-01 -3.748909999999999743e-01 2.472300000000000053e-01
-1.760960000000000025e-01 -8.583999999999999964e-02 -7.922800000000000675e-02
2.925799999999999929e-02 -2.726599999999999857e-02 1.712699999999999986e-02
-1.766350000000000087e+00 -4.167212000000000138e+00 -2.836238999999999955e+00
2.251099999999999976e-02 -2.748300000000000048e-02 1.341700000000000011e-02
-4.085739999999999927e-01 -1.548700000000000077e-02 -1.725309999999999899e-01
2.222399999999999931e-01 -3.035240000000000160e-01 6.759900000000000631e-02
-1.416700000000000077e-02 4.859299999999999731e-02 6.660000000000000121e-03
-1.372460000000000069e-01 5.272480000000000500e-01 -2.390000000000000110e-02
3.108718999999999788e+00 1.493130000000000068e+00 3.116719999999999935e+00
-4.486749999999999905e-01 -7.869000000000000439e-01 -5.378990000000000160e-01
1.875410000000000132e-01 -1.861810000000000132e-01 8.710900000000000587e-02
-1.918228999999999962e+00 2.696642999999999901e+00 -1.496091999999999977e+00
-1.178099999999999981e-02 4.210000000000000200e-03 3.544999999999999974e-03
2.706707000000000196e+00 -1.518707000000000029e+00 1.304505999999999943e+00
2.254799999999999860e-02 -2.702099999999999988e-02 1.357700000000000053e-02
-6.188129999999999464e-01 -7.502999999999999947e-02 -2.707269999999999954e-01
7.747209999999999930e-01 -1.730054999999999898e+00 -9.334900000000000142e-02
-7.518400000000000083e-02 -1.895910000000000095e-01 -2.909799999999999887e-02
-2.472974999999999923e+00 1.236434999999999951e+00 -2.013644000000000212e+00
4.705420000000000158e-01 9.900100000000000566e-02 2.151399999999999979e-01
7.430399999999999505e-02 -1.200149999999999967e-01 3.699100000000000305e-02
-2.220368999999999815e+00 9.819250000000000478e-01 -1.691370999999999958e+00
-7.655530000000000390e-01 -1.391209999999999947e-01 -3.419369999999999910e-01
-1.321612000000000009e+00 2.712049999999999739e-01 -6.949250000000000149e-01
1.990493999999999986e+00 1.204029000000000016e+00 1.593528000000000056e+00
1.091950000000000004e-01 -2.701999999999999975e-03 5.059899999999999815e-02
-1.246950000000000003e-01 5.733200000000000102e-02 -3.026900000000000077e-02
-1.272669999999999968e+00 1.839599999999999916e-02 -5.626200000000000090e-01
-4.395990000000000175e-01 1.034165000000000001e+00 1.871510000000000118e-01
-6.712949999999999751e-01 -1.861220000000000097e-01 -3.056829999999999825e-01
-7.861280000000000490e-01 -1.271329999999999960e-01 -3.496940000000000048e-01
1.373759999999999981e-01 -9.513099999999999334e-02 5.964699999999999863e-02
3.173380000000000090e-01 -3.291299999999999781e-02 1.411300000000000054e-01
3.152249999999999774e-01 -4.337599999999999789e-02 1.391169999999999907e-01
-8.949999999999999623e-04 -1.896499999999999922e-02 8.116999999999999216e-03
1.684799999999999839e-02 -1.212600000000000067e-01 1.222700000000000002e-02
5.992429999999999701e-01 5.784299999999999858e-02 2.798530000000000184e-01
5.044809999999999572e-01 -5.899800000000000183e-02 2.223640000000000061e-01
5.783179999999999987e-01 -2.186190000000000078e-01 2.272029999999999883e-01
1.677869999999999973e+00 -5.287049999999999805e-01 8.348759999999999515e-01
-4.115110000000000157e-01 -1.528720000000000079e-01 -1.784100000000000130e-01
-3.520980000000000221e-01 -3.430449999999999888e-01 -1.507539999999999991e-01
1.691610000000000058e-01 -1.872240000000000015e-01 7.899000000000000465e-02
1.260923999999999934e+00 -1.324990000000000057e-01 5.670690000000000452e-01
2.831399999999999889e-02 -2.654300000000000062e-02 1.675300000000000053e-02
2.786299999999999888e-02 -2.635399999999999895e-02 1.655999999999999833e-02
1.735500000000000043e+00 5.731779999999999653e-01 1.418738000000000055e+00
-1.388967999999999980e+00 1.173180000000000056e-01 -8.260990000000000277e-01
1.312999999999999931e-03 -3.067100000000000035e-02 5.684999999999999949e-03
1.006259999999999932e-01 -2.690000000000000117e-03 4.690699999999999731e-02
1.333880000000000066e-01 -8.227600000000000191e-02 6.194899999999999712e-02
1.127670000000000061e-01 1.801260000000000083e-01 6.856500000000000095e-02
-1.242759999999999976e-01 1.659300000000000011e-02 -4.801600000000000312e-02
6.804599999999999538e-01 3.142500000000000154e-02 3.017940000000000067e-01
3.694879999999999831e-01 -1.377659999999999996e-01 5.429799999999999904e-02
2.057869999999999977e-01 3.201400000000000079e-02 1.660449999999999982e-01
-5.918899999999999856e-02 -1.007199999999999936e-02 -1.422999999999999959e-02
2.027470000000000105e-01 4.848899999999999738e-02 1.037799999999999973e-01
2.459830000000000072e-01 4.576680000000000192e-01 1.507269999999999999e-01
2.772290000000000032e-01 -1.792239999999999944e-01 1.267280000000000073e-01
-4.490370000000000195e-01 -1.444449999999999901e-01 -1.951110000000000066e-01
2.592128000000000210e+00 1.473780000000000090e-01 1.606562000000000046e+00
-3.346910000000000163e-01 -1.666080000000000061e-01 -1.442469999999999863e-01
-7.749999999999999728e-04 -5.290299999999999864e-02 -5.786999999999999610e-03
3.308220000000000049e-01 -2.609819999999999918e-01 1.270759999999999945e-01
3.107590000000000074e-01 -4.480399999999999661e-02 1.372389999999999999e-01
4.757299999999999862e-01 -1.449880000000000058e-01 2.088200000000000056e-01
-2.557981999999999978e+00 1.019406999999999952e+00 -2.287053999999999920e+00
-4.341912999999999911e+00 1.889139999999999986e-01 -4.520287999999999862e+00
2.165340000000000042e-01 4.795900000000000163e-02 2.440990000000000104e-01
1.279392000000000085e+00 -1.171859999999999985e-01 5.758539999999999770e-01
-1.249290999999999929e+00 -2.991699999999999915e-02 -5.452430000000000332e-01
-9.411019999999999941e-01 2.684440000000000159e-01 -4.747410000000000241e-01
-3.011510000000000020e-01 1.384710000000000107e-01 -9.595299999999999663e-02
2.126793000000000156e+00 -1.489797999999999956e+00 7.068600000000000438e-01
-2.354645999999999795e+00 -3.265900999999999943e+00 -3.669811999999999852e+00
5.010999999999999829e-03 -3.334100000000000258e-02 6.957999999999999775e-03
7.427930000000000366e-01 -3.050399999999999986e-02 3.279799999999999938e-01
7.898800000000000265e-02 -5.219599999999999934e-02 3.459000000000000269e-02
4.139309999999999934e-01 -8.593699999999999950e-02 1.832540000000000002e-01
9.027899999999999814e-02 -5.560500000000000165e-02 3.954699999999999882e-02
-1.528839999999999921e-01 5.753799999999999887e-02 -3.857700000000000018e-02
3.176860000000000239e-01 -9.286000000000000851e-03 1.420639999999999958e-01
3.595860000000000167e-01 -3.097899999999999959e-02 1.591009999999999924e-01
-8.769700000000000273e-01 -1.376699999999999972e-02 -3.808980000000000143e-01
9.509579999999999700e-01 -6.263680000000000359e-01 3.539910000000000001e-01
7.744600000000000095e-02 1.011169999999999985e-01 5.634999999999999731e-02
1.225351999999999997e+00 -1.560610000000000053e-01 5.504569999999999741e-01
7.351250000000000284e-01 -4.879700000000000010e-02 3.246020000000000016e-01
-4.518999999999999580e-03 -1.524799999999999940e-02 7.413000000000000318e-03
1.757687999999999917e+00 -5.114910000000000290e-01 7.224939999999999696e-01
-3.884599999999999859e-02 1.894900000000000057e-02 -1.187700000000000040e-02
-1.194555999999999951e+00 -1.638995999999999897e+00 -1.360870999999999942e+00
-4.071310000000000207e-01 -1.381100000000000036e-02 -1.718919999999999892e-01
1.547999999999999897e-03 -2.200099999999999972e-02 8.420000000000000401e-03
9.664249999999999785e-01 -1.471057999999999977e+00 5.140639999999999654e-01
-2.691910000000000136e-01 -5.617899999999999977e-02 -1.107739999999999975e-01
1.532590000000000063e-01 -9.697999999999999676e-02 6.553599999999999703e-02
2.124512999999999874e+00 9.925990000000000091e-01 1.618254000000000081e+00
3.166160000000000085e-01 -2.092400000000000163e-02 1.413200000000000012e-01
6.575480000000000214e-01 -1.613399999999999904e-02 3.075979999999999825e-01
-1.380100000000000077e-02 -1.756800000000000028e-02 -1.469999999999999953e-03
7.161809999999999565e-01 -3.008020000000000138e-01 3.219690000000000052e-01
-4.030799999999999661e-02 -2.317100000000000062e-02 -1.232800000000000042e-02
3.488299999999999734e-02 -1.209800000000000042e-01 2.000100000000000142e-02
-2.623409999999999909e-01 -5.771500000000000241e-02 -1.081020000000000036e-01
3.052199999999999913e-01 -2.534999999999999927e-03 1.380319999999999880e-01
9.810029999999999584e-01 4.181841999999999615e+00 2.361822000000000088e+00
2.918009999999999771e-01 -6.363000000000000600e-02 1.302999999999999992e-01
2.540350000000000108e-01 2.370099999999999985e-02 1.214049999999999990e-01
-3.012856000000000201e+00 -1.375388000000000055e+00 -4.214075000000000237e+00
2.259450000000000069e-01 -7.429700000000000193e-02 1.017460000000000031e-01
8.632060000000000288e-01 -5.929809999999999803e-01 1.548609999999999987e-01
-1.355100000000000054e-02 -2.772900000000000018e-02 -2.570000000000000127e-04
1.158489999999999936e-01 -2.771000000000000026e-03 5.347099999999999770e-02
-2.293512000000000217e+00 -2.752920000000000034e+00 -1.013379000000000030e+00
3.210660000000000180e-01 1.000500000000000000e-01 1.587030000000000107e-01
-1.228679000000000077e+00 -7.611199999999999910e-02 -5.364160000000000039e-01
1.129688999999999943e+00 -8.329729999999999634e-01 4.308890000000000220e-01
1.003610000000000058e-01 -1.639219999999999899e+00 -2.949800000000000200e-01
5.485999999999999904e-02 -8.556400000000000117e-02 2.832399999999999848e-02
-4.666800000000000115e-02 3.668790000000000107e-01 -4.520287999999999862e+00
1.170963999999999894e+00 1.505749999999999866e-01 5.411869999999999736e-01
1.816139999999999977e-01 -3.681783999999999946e+00 -8.299349999999999783e-01
-1.198596999999999912e+00 2.470566999999999958e+00 -9.944070000000000409e-01
2.706000000000000072e-03 -3.348000000000000281e-02 5.982000000000000338e-03
-2.996329999999999938e+00 -6.615659999999999874e-01 -1.939869999999999983e+00
3.132820000000000049e-01 -3.726800000000000251e-02 1.393679999999999919e-01
-3.599000000000000202e-03 -1.613699999999999857e-02 7.609999999999999577e-03
1.309369999999999978e-01 -7.108299999999999341e-02 4.641599999999999893e-02
2.768899999999999834e-02 -3.415300000000000280e-02 1.401600000000000068e-02
3.267559999999999909e-01 -5.383299999999999891e-02 1.456560000000000077e-01
2.391409999999999925e-01 3.107199999999999893e-02 1.164079999999999976e-01
9.560100000000000542e-02 -1.192880000000000051e-01 4.616800000000000070e-02
5.119249999999999634e-01 6.396469999999999656e-01 1.118927000000000005e+00
3.027000000000000177e-03 -2.967499999999999999e-02 6.830000000000000134e-03
-2.020251000000000019e+00 2.622297000000000100e+00 -1.622878999999999960e+00
3.179089999999999971e-01 -2.306199999999999917e-02 1.417259999999999909e-01
3.578419999999999934e-01 -1.199719999999999953e-01 1.414289999999999992e-01
-2.258703000000000127e+00 1.542283000000000071e+00 -1.497794000000000070e+00
2.199100000000000013e-02 -3.250800000000000217e-02 1.387999999999999998e-02
2.542010000000000103e-01 -7.767899999999999805e-02 1.012789999999999940e-01
-3.740645000000000220e+00 -1.175945999999999936e+00 -4.465751000000000026e+00
-1.508707999999999938e+00 3.153255000000000141e+00 -8.012519999999999643e-01
-3.701600000000000029e-02 -2.248199999999999851e-02 -1.140500000000000021e-02
-9.034560000000000368e-01 -2.598719999999999919e-01 -4.000609999999999999e-01
-1.678841999999999945e+00 9.138119999999999576e-01 -1.447416999999999954e+00
-3.363829999999999876e-01 -3.345499999999999863e-02 -1.393770000000000009e-01
-1.710340999999999889e+00 4.353110000000000035e-01 -8.238189999999999680e-01
3.807900000000000174e-01 -9.223299999999999554e-02 1.689920000000000033e-01
3.048270000000000146e-01 -1.032699999999999937e-02 1.373949999999999894e-01
-1.592416999999999971e+00 3.672111999999999821e+00 -2.282118000000000091e+00
1.009708000000000050e+00 2.314130000000000076e-01 4.735650000000000137e-01
7.711099999999999899e-02 -8.488600000000000312e-02 3.784400000000000264e-02
-4.887999999999999984e-03 -3.111399999999999930e-02 2.550000000000000183e-03
9.137599999999999889e-02 -5.589899999999999730e-02 4.004499999999999726e-02
7.414560000000000040e-01 -3.698599999999999804e-02 3.273769999999999736e-01
8.192399999999999682e-02 -5.314800000000000080e-02 3.584799999999999792e-02
-2.005000000000000115e-01 1.526899999999999959e-02 -7.921100000000000363e-02
9.702299999999999813e-02 -5.730199999999999877e-02 4.264899999999999941e-02
2.710609999999999964e-01 -8.565599999999999603e-02 1.081600000000000061e-01
5.385809999999999764e-01 8.075599999999999445e-02 2.429749999999999965e-01
-8.688879999999999937e-01 2.413000000000000214e-03 -3.767320000000000113e-01
3.334050000000000069e-01 -9.961000000000000409e-02 1.485970000000000069e-01
6.059719999999999551e-01 1.886369999999999991e-01 1.191988000000000048e+00
1.297481000000000106e+00 4.459300000000000069e-02 5.918179999999999552e-01
2.883430999999999855e+00 2.139035999999999937e+00 3.248111000000000193e+00
2.192689999999999917e-01 -1.368600000000000025e-02 9.675599999999999479e-02
-8.871900000000000619e-02 1.025748000000000104e+00 3.764290000000000136e-01
2.639333999999999847e+00 -2.542753999999999959e+00 2.254334000000000060e+00
4.180500000000000188e-02 -3.544999999999999974e-03 2.235300000000000134e-02
-1.268150000000000110e+00 -5.643559999999999688e-01 -1.050816999999999890e+00
3.325870000000000215e-01 -1.854099999999999845e-02 1.469860000000000055e-01
-6.257960000000000189e-01 -6.894000000000000128e-02 -2.738340000000000218e-01
-1.864964000000000066e+00 1.929516000000000009e+00 -4.520287999999999862e+00
2.042760000000000131e-01 -5.790599999999999914e-02 9.483800000000000563e-02
1.149429999999999952e+00 1.632329999999999892e-01 5.322540000000000049e-01
1.321986000000000105e+00 -4.857000000000000206e-03 6.000560000000000338e-01
1.660946999999999951e+00 -5.817480000000000429e-01 6.815870000000000539e-01
-9.180049999999999599e-01 2.839479999999999782e-01 -4.490049999999999875e-01
5.248429999999999485e-01 -4.664100000000000190e-02 2.313649999999999873e-01
4.990089999999999804e-01 -3.792788999999999966e+00 3.526143999999999945e+00
2.929199999999999859e-02 -2.745300000000000171e-02 1.713200000000000139e-02
-1.157798000000000105e+00 4.826719999999999899e-01 -3.795459999999999945e-01
-1.347800000000000040e-02 -3.007699999999999957e-02 -1.070999999999999903e-03
6.122899999999999870e-02 -5.032699999999999674e-02 2.839300000000000157e-02
2.865099999999999938e-02 -2.671700000000000116e-02 1.689200000000000076e-02
-5.192179999999999573e-01 -3.300339999999999940e-01 -2.249069999999999958e-01
1.626614999999999922e+00 6.918579999999999730e-01 1.413477000000000094e+00
6.116810000000000302e-01 -1.001699999999999952e-01 2.799940000000000206e-01
5.701859999999999706e-01 -1.213869999999999949e-01 2.591729999999999867e-01
-8.529599999999999682e-02 -9.146100000000000063e-02 -3.126500000000000112e-02
-3.345800000000000163e-02 -2.137599999999999917e-02 -1.005900000000000023e-02
-4.065790000000000237e-01 -4.178199999999999970e-02 -1.726620000000000099e-01
-9.987920000000000131e-01 -1.958050000000000068e-01 -4.370189999999999908e-01
-1.400117999999999974e+00 -5.539299999999999780e-02 -9.209540000000000504e-01
2.195080000000000087e-01 4.057899999999999702e-02 1.096710000000000046e-01
-1.204279000000000099e+00 8.515350000000000419e-01 -7.593140000000000445e-01
1.547625999999999946e+00 2.111374999999999780e+00 1.908358999999999916e+00
-8.534730000000000372e-01 -5.714999999999999594e-03 -4.457099999999999951e-01
1.583450000000000135e-01 6.425799999999999568e-02 8.772900000000000142e-02
5.015300000000000313e-01 -1.969220000000000137e-01 1.953580000000000039e-01
9.538699999999999957e-02 -5.290600000000000164e-02 4.373200000000000004e-02
-1.596660000000000024e-01 6.170799999999999896e-02 -4.077700000000000075e-02
1.739610000000000045e-01 6.159900000000000098e-02 9.337299999999999767e-02
4.639420000000000210e-01 -2.231437000000000115e+00 -8.391700000000000548e-02
6.341790000000000482e-01 3.596420000000000172e-01 3.149609999999999910e-01
-1.277101000000000042e+00 -6.151100000000000317e-02 -5.650290000000000035e-01
4.967799999999999994e-02 -4.689399999999999819e-02 2.258299999999999891e-02
-2.079699999999999882e-01 -8.690699999999999814e-02 -8.432299999999999518e-02
5.785900000000000071e-02 1.856500000000000164e-02 2.945800000000000154e-02
-4.024730000000000252e-01 1.080050000000000038e-01 -1.631299999999999972e-01
-1.561629999999999963e-01 -8.985500000000000431e-02 -6.184699999999999920e-02
2.027000000000000156e-03 -3.037499999999999922e-02 6.125000000000000236e-03
7.423589999999999911e-01 -1.488620999999999972e+00 2.707499999999999907e-01
2.069229999999999958e-01 -9.552700000000000080e-02 1.098309999999999981e-01
2.804220000000000046e-01 -8.972900000000000320e-02 1.118999999999999995e-01
4.060000000000000024e-04 -3.091899999999999857e-02 5.165000000000000320e-03
4.353599999999999831e-02 4.524440000000000128e-01 3.511389999999999789e-01
-5.737679999999999447e-01 7.966199999999999670e-02 -2.304130000000000067e-01
-1.834200000000000066e-02 -2.979000000000000051e-02 -5.994000000000000196e-03
-4.432229999999999781e-01 5.780799999999999828e-02 -1.742680000000000062e-01
1.120609999999999939e-01 -8.342600000000000016e-02 5.280900000000000177e-02
1.501530000000000087e-01 1.268600000000000005e-01 6.048599999999999810e-02
-7.551069999999999727e-01 3.016289999999999805e-01 -2.676459999999999950e-01
-9.592460000000000431e-01 -7.418040000000000189e-01 -7.441250000000000364e-01
-3.584199999999999886e-02 -2.212199999999999930e-02 -1.098700000000000024e-02
-3.970420000000000060e-01 -5.570000000000000298e-03 -1.675010000000000110e-01
4.083599999999999730e-02 -4.290499999999999869e-02 1.861000000000000154e-02
-4.254096999999999795e+00 1.135653999999999941e+00 -4.520287999999999862e+00
2.667092999999999936e+00 -3.258650000000000158e-01 2.797090999999999994e+00
-5.308699999999999530e-01 -3.289009999999999989e-01 -2.300820000000000087e-01
-7.169250000000000345e-01 2.745319999999999983e-01 -2.528309999999999724e-01
1.542330000000000090e-01 -8.093899999999999706e-02 7.089199999999999668e-02
2.089548000000000183e+00 3.507791000000000103e+00 2.935198000000000196e+00
3.359940000000000149e-01 -3.328799999999999815e-02 1.477829999999999977e-01
2.250800000000000023e-02 -2.741000000000000034e-02 1.343800000000000029e-02
5.123760000000000536e-01 -5.497799999999999909e-02 2.258239999999999970e-01
-6.376999999999999856e-03 -1.698799999999999963e-02 1.801999999999999999e-03
2.637600000000000014e-02 -2.594300000000000078e-02 1.588799999999999935e-02
-1.710618999999999890e+00 6.740909999999999958e-01 -6.917229999999999768e-01
-1.164965000000000028e+00 -7.797169999999999934e-01 -1.058948999999999918e+00
-6.445950000000000291e-01 3.052830000000000266e-01 -2.480410000000000115e-01
3.545740000000000003e-01 -3.817399999999999960e-02 1.577469999999999983e-01
7.722800000000000498e-02 1.798200000000000146e-02 3.774700000000000277e-02
2.372898000000000174e+00 2.434610000000000107e-01 1.824905999999999917e+00
-3.074800000000000103e-02 -2.058499999999999913e-02 -8.930000000000000437e-03
-1.479195000000000038e+00 -2.117219999999999935e-01 -1.622962000000000016e+00
5.274320000000000119e-01 -1.362770000000000092e-01 2.388530000000000098e-01
-4.325999999999999984e-02 1.149299999999999974e-02 -4.989999999999999644e-03
6.376469999999999638e-01 -7.867200000000000581e-02 2.940690000000000248e-01
4.131130000000000080e-01 -3.354639999999999844e-01 1.877850000000000075e-01
6.085329999999999906e-01 -2.266100000000000059e-01 2.397710000000000119e-01
1.703500000000000014e-01 -2.297440000000000038e-01 5.616299999999999765e-02
2.756000000000000203e-03 -2.991500000000000062e-02 6.623999999999999680e-03
-1.054836000000000107e+00 1.560300000000000020e-01 -4.645750000000000157e-01
5.409129999999999772e-01 -3.234609999999999985e-01 2.443210000000000104e-01
7.038800000000000612e-02 -5.177699999999999664e-02 3.319899999999999934e-02
2.669639999999999791e-01 1.145799999999999944e-02 1.247930000000000011e-01
-1.314210000000000100e-01 6.081400000000000000e-02 -3.245300000000000268e-02
-6.065979999999999706e-01 -8.402800000000000546e-02 -2.652880000000000238e-01
1.324915999999999983e+00 -2.312000000000000166e-02 6.004070000000000240e-01
-1.340100000000000069e+00 4.803749999999999964e-01 -5.244360000000000133e-01
-3.682599999999999763e-02 -2.242500000000000049e-02 -1.133900000000000012e-02
-3.978619999999999934e-01 -6.113000000000000378e-03 -1.678550000000000042e-01
2.434169999999999945e-01 -3.098700000000000065e-02 1.098630000000000023e-01
-3.375548000000000215e+00 3.642473999999999990e+00 -3.618828000000000156e+00
1.922153000000000000e+00 -5.971250000000000169e-01 8.208100000000000396e-01
2.549091000000000218e+00 -3.368340000000000223e-01 1.320170000000000066e+00
-2.117954000000000114e+00 -5.720260000000000344e-01 -2.362530000000000019e+00
6.021360000000000046e-01 -3.362209999999999921e-01 2.123390000000000000e-01
-1.181218000000000101e+00 6.258700000000000374e-02 -5.148230000000000306e-01
-2.346900000000000028e-02 8.172000000000000444e-03 -3.999999999999999819e-06
-1.434690000000000132e-01 -3.582879999999999954e-01 -8.757600000000000107e-02
-8.323599999999999888e-01 3.412099999999999855e-02 -3.598680000000000212e-01
-1.988560000000000050e-01 1.524799999999999940e-02 -7.855600000000000083e-02
-6.428999999999999819e-03 -3.097700000000000106e-02 1.863999999999999988e-03
3.011849999999999805e-01 -4.049999999999999781e-04 1.367339999999999944e-01
-8.344190000000000218e-01 4.091226999999999947e+00 -2.104010000000000047e-01
2.034590000000000010e-01 -1.965099999999999833e-02 8.639600000000000057e-02
3.388280000000000181e-01 -2.545800000000000146e-02 1.490779999999999883e-01
-4.090940000000000132e-01 -3.854899999999999993e-02 -1.735299999999999898e-01
3.389030000000000098e-01 -2.566600000000000131e-02 1.491010000000000113e-01
-1.246150000000000035e-01 -9.087199999999999445e-02 -4.819899999999999879e-02
1.818670000000000009e-01 -6.051299999999999735e-02 8.124099999999999377e-02
-5.412059999999999649e-01 -1.164670000000000011e-01 -2.361580000000000068e-01
-8.340480000000000116e-01 4.004781999999999620e+00 1.402700000000000058e-01
6.930739999999999679e-01 -4.379560000000000120e-01 1.614119999999999999e-01
3.106820000000000137e-01 -5.452000000000000249e-03 1.397930000000000006e-01
1.060689999999999966e-01 9.008499999999999841e-02 6.759999999999999343e-02
2.758340000000000236e-01 -6.684900000000000564e-02 1.233459999999999973e-01
1.597830000000000084e-01 1.704970000000000097e-01 8.805000000000000326e-02
-1.918400000000000105e-01 -1.829699999999999938e-01 -8.081199999999999495e-02
-1.189969000000000054e+00 -1.103959999999999941e-01 -5.196340000000000403e-01
-6.736410000000000453e-01 5.267375999999999614e+00 -2.897835999999999856e+00
1.696666999999999925e+00 -5.156009999999999760e-01 8.578400000000000469e-01
3.378209999999999824e-01 -4.923099999999999699e-02 1.505579999999999974e-01
-4.101949999999999763e-01 -1.773699999999999929e-02 -1.732589999999999963e-01
5.063260000000000538e-01 7.086000000000000285e-03 2.264460000000000084e-01
2.365960000000000008e-01 -3.830499999999999877e-02 1.069810000000000066e-01
1.576106999999999925e+00 -9.274740000000000206e-01 1.407818999999999932e+00
-8.684190000000000520e-01 -2.329660000000000064e-01 -3.811689999999999801e-01
-5.701960000000000361e-01 -1.042190000000000061e-01 -2.490729999999999889e-01
-8.547000000000000153e-01 1.788299999999999959e-02 -3.700410000000000088e-01
5.414959999999999773e-01 -8.178900000000000059e-02 3.082239999999999980e-01
1.013990000000000030e-01 -5.394100000000000283e-02 4.484699999999999798e-02
2.394789999999999974e-01 -1.967199999999999852e-02 1.075880000000000031e-01
-1.560300000000000020e-01 5.066699999999999676e-02 -5.405499999999999888e-02
-1.611740000000000117e-01 7.596100000000000074e-02 -4.246599999999999681e-02
-1.023797000000000068e+00 1.536430000000000018e-01 -5.991739999999999844e-01
-4.385660999999999810e+00 -2.889280000000000181e-01 -4.520287999999999862e+00
-2.493569999999999953e-01 2.102120000000000100e-01 -7.299600000000000533e-02
-2.475140000000000118e-01 1.768199999999999980e-02 -9.752399999999999958e-02
9.148100000000000676e-02 -5.260299999999999698e-02 4.263800000000000229e-02
2.094070000000000098e-01 -7.616499999999999659e-02 9.461500000000000465e-02
-4.152401000000000231e+00 1.831223000000000045e+00 -4.520287999999999862e+00
-3.095836999999999950e+00 1.772410000000000097e-01 -2.836208000000000062e+00
3.171269999999999922e-01 -3.322699999999999959e-02 1.410359999999999947e-01
7.417829999999999702e-01 -3.590700000000000142e-02 3.275230000000000086e-01
1.074962999999999891e+00 -5.176330000000000098e-01 3.897749999999999826e-01
1.853190000000000115e-01 -1.145479999999999970e-01 8.482399999999999662e-02
-2.724849999999999772e-01 -5.545200000000000129e-02 -1.120769999999999961e-01
3.112799999999999942e-02 1.907999999999999974e-02 1.802000000000000129e-02
-6.454600000000000615e-02 -5.507999999999999875e-03 -1.508699999999999972e-02
1.579059999999999908e-01 -9.042400000000000437e-02 5.565900000000000014e-02
-3.003069999999999906e-01 -4.912899999999999906e-02 -1.234839999999999965e-01
-5.671859999999999680e-01 -1.056109999999999965e-01 -2.477320000000000078e-01
6.899999999999999883e-03 -1.743220000000000047e-01 -1.768199999999999980e-02
3.711422000000000221e+00 7.511330000000000506e-01 4.508598000000000106e+00
-1.900628999999999902e+00 -6.668000000000000316e-03 -1.213624999999999954e+00
6.980610000000000426e-01 -2.491369999999999973e-01 2.763929999999999998e-01
2.541280000000000205e-01 1.502469999999999917e-01 1.268880000000000008e-01
-4.247179999999999844e-01 2.724309999999999787e-01 -1.550759999999999916e-01
6.719999999999999628e-04 -3.085800000000000001e-02 5.314000000000000147e-03
-1.248831999999999942e+00 -3.453799999999999926e-02 -5.450629999999999642e-01
-2.716939999999999911e-01 -1.175199999999999995e-01 -1.261410000000000031e-01
-3.093279999999999919e-01 2.490799999999999959e-02 -1.296080000000000010e-01
-8.916579999999999506e-01 3.492480000000000029e-01 -3.179350000000000231e-01
3.553671000000000024e+00 -1.899809000000000081e+00 4.403258000000000116e+00
7.153810000000000446e-01 -2.534069999999999934e-01 2.832939999999999903e-01
2.560112999999999861e+00 -3.136749999999999816e-01 1.341339999999999977e+00
2.435430000000000095e-01 -3.069500000000000006e-02 1.099119999999999958e-01
-6.323530000000000539e-01 -2.031219999999999970e-01 -2.903810000000000002e-01
-3.152620999999999896e+00 2.884691999999999812e+00 -3.385739000000000054e+00
1.523285000000000000e+00 -6.066110000000000113e-01 7.535570000000000324e-01
2.358471999999999902e+00 -4.315579999999999972e-01 1.190085000000000059e+00
3.588000000000000078e-01 -2.483499999999999944e-02 1.554860000000000131e-01
8.835400000000000198e-02 -1.903539999999999954e-01 4.327600000000000197e-02
5.806940000000000435e-01 -1.168649999999999967e-01 2.643150000000000222e-01
2.609690000000000065e-01 1.487320000000000031e-01 1.296910000000000007e-01
-3.501100000000000045e-02 -2.186000000000000096e-02 -1.067300000000000020e-02
1.271909999999999985e-01 -3.017000000000000150e-03 5.837099999999999927e-02
8.919399999999999551e-02 -5.530800000000000299e-02 3.905700000000000144e-02
2.769299999999999887e-02 -2.629199999999999940e-02 1.648600000000000065e-02
-2.133649999999999991e-01 1.997780000000000111e-01 -5.845299999999999802e-02
2.010639999999999927e-01 -2.552700000000000108e-02 8.365200000000000413e-02
1.158799999999999934e-02 -3.289600000000000163e-02 9.721000000000000474e-03
2.441510000000000069e-01 -2.838099999999999998e-02 1.101199999999999957e-01
4.024980000000000224e-01 -4.375620000000000065e-01 1.620910000000000128e-01
-9.921879999999999589e-01 2.145600000000000007e-01 -5.425780000000000047e-01
2.332205999999999779e+00 4.484712000000000032e+00 3.913034999999999819e+00
2.454880000000000118e-01 1.223230000000000012e-01 1.200930000000000053e-01
3.032440000000000135e-01 -1.490000000000000005e-03 1.373959999999999904e-01
2.061739999999999962e-01 -4.124099999999999988e-02 8.292599999999999971e-02
1.158790999999999904e+00 -1.892230000000000023e-01 5.199329999999999785e-01
3.900060000000000193e-01 -1.616700000000000081e-01 1.508859999999999923e-01
1.886200000000000029e-02 -3.962510000000000199e-01 -2.038399999999999934e-02
2.160960000000000103e-01 -5.258899999999999686e-02 8.600199999999999512e-02
-2.625310000000000143e-01 7.447800000000000253e-02 -9.440600000000000380e-02
1.185049999999999992e-01 -8.310099999999999432e-02 5.557000000000000134e-02
-3.734592999999999829e+00 -4.607870000000000021e-01 -4.520287999999999862e+00
3.160870000000000068e-01 1.019059999999999966e-01 1.564069999999999905e-01
-7.377399999999999514e-01 -1.541109999999999980e-01 -3.313579999999999859e-01
1.472873000000000099e+00 1.097080999999999973e+00 2.595912999999999915e+00
5.443550000000000333e-01 -3.149589999999999890e-01 1.920310000000000072e-01
-6.189000000000000057e-02 2.086299999999999960e-02 -1.239099999999999924e-02
1.731627999999999945e+00 3.919899999999999773e-02 1.927661000000000069e+00
3.318729999999999736e-01 -1.801200000000000023e-02 1.467469999999999886e-01
2.647999999999999798e-01 -2.101069999999999882e-01 8.522499999999999520e-02
-4.434560000000000168e-01 2.642660000000000009e-01 -1.496949999999999947e-01
-1.245432000000000095e+00 3.389880000000000115e-01 -6.023260000000000280e-01
-7.046199999999999686e-02 2.930200000000000166e-02 -1.366999999999999986e-02
2.011613999999999791e+00 -3.995426000000000144e+00 1.305832000000000104e+00
-1.018855000000000066e+00 3.149000000000000132e-01 -4.480259999999999798e-01
3.348968999999999863e+00 -7.934029999999999694e-01 2.404009999999999980e+00
2.926399999999999835e-02 -2.727999999999999869e-02 1.712899999999999839e-02
-3.027549999999999963e-01 -3.445810000000000262e-01 -1.430810000000000137e-01
-8.628489999999999771e-01 3.391609999999999903e-01 -3.071949999999999958e-01
5.203000000000000159e-03 -1.050000000000000044e-04 9.003999999999999851e-03
1.913224000000000036e+00 1.518750000000000044e+00 1.997365999999999975e+00
2.022079999999999989e-01 -3.361700000000000105e-02 8.241600000000000315e-02
-8.564760000000000151e-01 -7.327799999999999592e-02 -3.755299999999999749e-01
5.776839999999999753e-01 7.174700000000000522e-02 2.716239999999999766e-01
-7.698540000000000383e-01 -1.366880000000000039e-01 -3.435630000000000073e-01
-1.566899999999999890e-02 -3.001200000000000048e-02 -1.355000000000000085e-03
-1.353099999999999963e-02 -2.751699999999999979e-02 -2.429999999999999977e-04
2.214220000000000077e-01 -4.591699999999999948e-02 1.004120000000000013e-01
3.373412000000000077e+00 1.837199999999999944e-01 3.631365000000000176e+00
2.723650000000000237e-01 -1.093096000000000068e+00 3.490232999999999919e+00
-1.776500000000000024e-01 -8.883900000000000130e-02 -7.116200000000000303e-02
6.230290000000000550e-01 3.935199999999999809e-02 2.907509999999999817e-01
2.429699999999999915e-01 -3.186400000000000343e-02 1.096850000000000047e-01
-3.377800000000000247e-01 -3.144799999999999679e-02 -1.400480000000000058e-01
-1.806216000000000044e+00 3.466339999999999977e-01 -9.491849999999999454e-01
3.807000000000000054e-03 -2.828100000000000058e-02 7.637999999999999824e-03
2.340000000000000066e-02 -2.607200000000000142e-02 1.429799999999999995e-02
-1.064688999999999997e+00 4.083789999999999920e-01 -3.865179999999999727e-01
5.210179999999999811e-01 -3.848999999999999991e-03 2.316549999999999998e-01
2.844500000000000153e-02 -2.660600000000000118e-02 1.680699999999999902e-02
-3.071199999999999972e-02 -1.572890000000000121e-01 -3.241800000000000237e-02
1.873455000000000092e+00 -1.067970000000000030e-01 1.229443000000000064e+00
2.461599999999999899e-02 -2.580999999999999961e-02 1.500600000000000024e-02
-2.196575000000000166e+00 3.405079999999999774e-01 -1.334945999999999966e+00
1.047641999999999962e+00 -3.494760000000000089e-01 4.018070000000000253e-01
-9.998879999999999990e-01 1.371340000000000059e-01 -4.346380000000000243e-01
-1.377300000000000052e-02 -3.800699999999999912e-02 -6.976000000000000430e-03
3.166669999999999763e-01 -3.385400000000000215e-02 1.408320000000000127e-01
-1.227184000000000053e+00 2.498999999999999833e-02 -5.352479999999999460e-01
5.354680000000000550e-01 -3.066299999999999928e-02 2.364370000000000083e-01
-2.629670000000000063e-01 -8.165600000000000636e-02 -1.082189999999999958e-01
4.364300000000000124e-02 -3.563000000000000195e-03 2.307800000000000129e-02
1.966779999999999917e-01 -5.333700000000000246e-02 8.969199999999999395e-02
4.598809999999999842e-01 -1.529840000000000089e-01 2.079340000000000077e-01
-1.691100000000000103e-01 -8.895200000000000329e-02 -7.717999999999999861e-02
6.414239999999999942e-01 4.785600000000000270e-02 2.854829999999999868e-01
6.271640000000000548e-01 -4.139390000000000014e-01 2.201950000000000018e-01
3.322350000000000025e-01 -1.827799999999999911e-02 1.468679999999999986e-01
-8.179279999999999884e-01 4.575190000000000090e-01 -4.382320000000000104e-01
2.959799999999999931e-02 1.184270000000000045e-01 3.724999999999999839e-02
2.254619999999999957e-01 -5.106800000000000228e-02 1.718840000000000090e-01
-2.428000000000000037e-03 -3.119800000000000004e-02 3.703999999999999827e-03
-6.336460000000000425e-01 -3.174960000000000004e-01 -2.757530000000000259e-01
2.820323999999999831e+00 2.025977000000000139e+00 2.370303999999999967e+00
-1.187278000000000056e+00 3.661860000000000115e-01 -5.456729999999999636e-01
2.039189999999999892e-01 1.173848999999999920e+00 5.172360000000000291e-01
7.489800000000000624e-02 -8.496199999999999586e-02 3.689699999999999924e-02
1.014477999999999991e+00 -5.655000000000000027e-01 3.372100000000000097e-01
4.096980000000000066e-01 -1.418069000000000024e+00 -3.580799999999999955e-02
-3.187719999999999998e-01 1.434259999999999979e-01 -9.935599999999999987e-02
-1.150400000000000034e-02 -1.735300000000000037e-02 -4.560000000000000251e-04
8.071730000000000294e-01 -2.765070000000000028e-01 3.184609999999999941e-01
-2.362172999999999856e+00 -5.296729999999999494e-01 -2.605426000000000020e+00
6.040000000000000447e-04 1.927500000000000047e-02 4.964999999999999795e-03
2.374010000000000009e-01 -3.772299999999999959e-02 1.073270000000000057e-01
1.126430000000000042e+00 1.759459999999999913e-01 5.226669999999999927e-01
-3.765120000000000133e-01 1.057649999999999979e-01 -1.443989999999999996e-01
6.379200000000000148e-02 -8.531400000000000095e-02 3.214499999999999996e-02
2.505936000000000163e+00 4.205720000000000347e+00 4.131395000000000373e+00
-1.179861999999999966e+00 -1.171809999999999935e-01 -5.152510000000000145e-01
-1.999922999999999895e+00 6.116219999999999990e-01 -9.902619999999999756e-01
4.689800000000000219e-02 -5.085392999999999830e+00 2.089040999999999926e+00
-2.119111999999999885e+00 2.540217999999999865e+00 -1.747768999999999906e+00
4.834620000000000029e-01 -3.292889999999999984e-01 2.189000000000000112e-01
-1.037875000000000103e+00 -6.405889999999999640e-01 -7.795760000000000467e-01
2.481765000000000221e+00 -4.305100000000000038e-01 1.217071000000000014e+00
-9.048899999999999721e-01 2.584744999999999848e+00 -5.663110000000000088e-01
1.320975000000000010e+00 -1.152000000000000029e-03 5.998019999999999463e-01
-1.399900000000000033e-01 -1.027980000000000005e-01 -6.866999999999999493e-02
-8.448940000000000339e-01 -1.000950000000000034e-01 -4.964879999999999849e-01
1.279976999999999920e+00 -4.699519999999999809e-01 5.379620000000000513e-01
-3.580532999999999966e+00 1.681915000000000049e+00 -4.490942000000000434e+00
-1.042467000000000033e+00 -1.809659999999999880e-01 -4.558229999999999782e-01
6.591999999999999769e-03 -3.323899999999999771e-02 7.625999999999999966e-03
-3.564840000000000231e-01 2.617260000000000142e-01 -1.269250000000000100e-01
3.094419999999999948e-01 -4.003400000000000014e-02 1.377329999999999943e-01
3.090200000000000169e-01 2.124683000000000099e+00 -3.286689999999999889e-01
-5.816590000000000371e-01 2.422910000000000064e-01 -2.030200000000000060e-01
5.920419999999999572e-01 -3.611150000000000193e-01 1.672859999999999903e-01
-8.764450000000000296e-01 -1.211500000000000077e-02 -3.805979999999999919e-01
3.554200000000000137e-01 -2.328399999999999914e-02 1.563950000000000062e-01
-1.149509999999999976e-01 5.011757000000000239e+00 8.913520000000000332e-01
2.013639999999999874e-01 -1.051570000000000005e-01 8.285499999999999809e-02
-8.102199999999999680e-02 1.560179999999999900e-01 1.191929999999999934e-01
-1.666400000000000173e-02 -2.481300000000000172e-02 -2.260999999999999989e-03
2.522659999999999902e-01 -7.669099999999999528e-02 1.004810000000000009e-01
-1.037204000000000015e+00 1.418698999999999932e+00 3.449499999999999789e-02
-1.280239999999999989e-01 5.905699999999999839e-02 -3.134599999999999886e-02
2.938000000000000073e-03 -3.346699999999999675e-02 6.080999999999999600e-03
2.635040000000000160e-01 1.895200000000000010e-02 1.245340000000000058e-01
3.770156000000000063e+00 -3.045889999999999986e-01 4.508598000000000106e+00
1.704749999999999877e-01 6.314500000000000668e-02 9.208900000000000419e-02
-1.485778999999999961e+00 1.516869999999999885e-01 -1.449751999999999930e+00
-1.288800000000000015e-02 -3.921600000000000086e-02 -6.986000000000000022e-03
-2.231210000000000138e-01 -6.807399999999999562e-02 -9.388900000000000023e-02
-3.997160000000000157e-01 4.809999999999999692e-02 -1.560670000000000113e-01
-2.996499999999999858e-02 1.408270000000000077e-01 1.595900000000000096e-02
2.306599999999999970e-02 -2.907600000000000115e-02 1.320799999999999925e-02
-3.570019999999999860e-01 1.218600000000000065e-02 -1.502320000000000044e-01
5.252510000000000234e-01 -7.768999999999999864e-03 2.331799999999999984e-01
1.317079000000000111e+00 1.006300000000000076e-02 5.986669999999999492e-01
1.776423000000000085e+00 -5.139979999999999549e-01 7.301480000000000192e-01
-1.359499999999999945e-02 -2.793899999999999856e-02 -2.849999999999999886e-04
5.335590000000000055e-01 -1.889899999999999913e-02 2.361109999999999876e-01
-7.833029999999999715e-01 9.191000000000000558e-02 -3.357570000000000277e-01
-7.217569999999999819e-01 9.656700000000000006e-02 -2.960900000000000198e-01
-4.105460000000000220e-01 -1.830199999999999882e-02 -1.734189999999999898e-01
2.274589000000000194e+00 -4.695619999999999905e+00 2.453038999999999970e+00
-1.244587000000000110e+00 -2.291000000000000068e-03 -5.430409999999999959e-01
4.720300000000000190e-02 1.881000000000000033e-02 2.489799999999999999e-02
-3.393861999999999934e+00 -3.593697999999999837e+00 -4.520287999999999862e+00
1.578208999999999973e+00 3.839929999999999732e-01 1.763382000000000005e+00
-2.538759999999999906e-01 -5.969000000000000000e-02 -1.048710000000000059e-01
6.754000000000000281e-02 -4.808799999999999880e-02 2.990999999999999909e-02
3.049569999999999781e-01 -1.033219999999999972e-01 1.363499999999999990e-01
1.508879999999999943e-01 -6.160199999999999704e-02 6.854699999999999682e-02
-1.170085999999999959e+00 1.059729999999999978e-01 -5.162790000000000434e-01
-1.076700999999999908e+00 -1.680669999999999942e-01 -4.705940000000000123e-01
2.850000000000000103e-03 -2.983799999999999994e-02 6.693000000000000164e-03
8.424099999999999644e-02 -9.161700000000000399e-02 3.923299999999999704e-02
1.052799999999999916e-02 -3.296899999999999831e-02 9.279000000000000789e-03
1.311876000000000042e+00 2.142799999999999913e-02 5.969640000000000502e-01
9.237000000000000419e-03 -3.305899999999999811e-02 8.739000000000000240e-03
2.597369999999999957e-01 -1.083220000000000016e-01 1.168779999999999958e-01
-1.091310000000000002e+00 -1.976199999999999901e-01 -4.828859999999999819e-01
-1.355300000000000081e-02 -2.716100000000000111e-02 -2.480000000000000108e-04
-1.081900000000000049e-02 -4.186700000000000144e-02 -6.925999999999999865e-03
3.599649999999999794e-01 -1.516869999999999885e-01 1.395000000000000129e-01
2.895360000000000156e-01 5.662999999999999631e-03 1.329889999999999961e-01
-1.148511000000000060e+00 4.027641000000000027e+00 -9.639259999999999495e-01
-1.045215999999999923e+00 -2.514109999999999956e-01 -7.134749999999999703e-01
2.709999999999999735e-04 -3.094699999999999881e-02 5.089999999999999906e-03
-1.637173999999999907e+00 1.419645000000000046e+00 -1.046246000000000009e+00
8.178860000000000019e-01 -2.836759999999999837e-01 3.671309999999999851e-01
-3.345449999999999813e-01 1.511109999999999953e-01 -1.097120000000000040e-01
3.918820000000000081e-01 2.169846000000000164e+00 -7.784499999999999753e-02
-2.889302999999999955e+00 -7.161960000000000548e-01 -1.027560000000000029e+00
3.054850000000000065e-01 -1.078899999999999998e-02 1.376159999999999883e-01
-1.786700000000000094e-02 -1.804000000000000048e-02 -3.271000000000000036e-03
-6.765799999999999592e-02 1.548410000000000064e-01 -2.431799999999999934e-02
-1.940959999999999908e-01 -8.786700000000000066e-02 -7.829899999999999360e-02
-9.815239999999999521e-01 1.373431000000000068e+00 7.133799999999999863e-02
-1.065620999999999929e+00 -1.723850000000000104e-01 -4.658100000000000018e-01
5.888660000000000005e-01 6.472300000000000275e-02 2.756660000000000221e-01
1.544567000000000023e+00 -2.154889999999999972e+00 2.773169999999999913e+00
3.387580000000000036e-01 -2.971800000000000136e-02 1.489469999999999961e-01
-3.630360000000000253e-01 -3.344889999999999808e-01 -1.682639999999999969e-01
3.679529999999999745e-01 2.465600000000000014e-01 2.742569999999999730e-01
-8.101699999999999458e-01 1.268821999999999894e+00 -1.077560000000000046e-01
2.129316999999999904e+00 -7.318980000000000485e-01 1.084456000000000087e+00
1.725492000000000026e+00 -5.883110000000000284e-01 7.129210000000000269e-01
-3.843087000000000142e+00 -3.933599999999999874e-01 -4.467780000000000307e+00
-5.812279999999999669e-01 2.963250000000000051e-01 -2.205409999999999870e-01
1.700973000000000068e+00 -1.288804999999999978e+00 4.058450000000000113e-01
-1.270718000000000014e+00 7.520499999999999408e-02 -7.120589999999999975e-01
3.751129999999999742e-01 7.712099999999999511e-02 1.814830000000000054e-01
3.189259999999999873e-01 -2.909300000000000080e-02 1.418879999999999864e-01
6.638209999999999944e-01 3.510940000000000172e-01 3.274279999999999968e-01
2.695819999999999883e-01 4.807470000000000354e+00 1.474598999999999993e+00
2.677510000000000168e-01 1.472239999999999938e-01 1.324680000000000024e-01
-3.104879999999999862e-01 -3.674049999999999816e-01 -1.428439999999999988e-01
-2.265199999999999991e-01 9.937000000000000000e-02 -6.410499999999999532e-02
2.854809999999999848e-01 -5.060900000000000121e-02 1.275739999999999930e-01
-1.257462999999999997e+00 -9.221500000000000530e-02 -5.564050000000000384e-01
-6.356939999999999813e-01 2.607300000000000173e-01 -2.234990000000000032e-01
2.150930000000000064e-01 -1.123289999999999983e-01 9.765000000000000069e-02
-2.709741999999999873e+00 2.696626999999999885e+00 -2.447722999999999871e+00
-2.021206999999999976e+00 -9.968369999999999731e-01 -1.881453000000000042e+00
2.909000000000000127e-03 -2.419599999999999876e-02 8.432000000000000259e-03
2.145600000000000007e-01 -1.404099999999999966e-02 9.399399999999999422e-02
-2.250280000000000058e-01 6.501800000000000634e-02 -8.152099999999999624e-02
7.076040000000000108e-01 -7.193599999999999994e-02 3.126220000000000110e-01
4.566580000000000084e-01 2.815989999999999882e-01 4.665529999999999955e-01
2.704389999999999850e-01 1.544300000000000013e-02 1.268050000000000010e-01
-9.943819999999999881e-01 3.988459999999999783e-01 -3.282200000000000117e-01
-2.853890000000000038e-01 -7.873600000000000043e-02 -1.179619999999999974e-01
8.374059999999999837e-01 -2.799889999999999879e-01 3.758110000000000062e-01
4.387400000000000189e-01 -2.730429999999999802e-01 2.301200000000000120e-02
-2.415889999999999982e-01 1.138020000000000004e-01 -7.213899999999999479e-02
2.520470000000000210e-01 1.914000000000000076e-02 1.198410000000000031e-01
-3.585079999999999933e-01 1.168600000000000021e-02 -1.508819999999999883e-01
2.128538999999999959e+00 -5.480770000000000364e-01 9.059629999999999628e-01
2.919899999999999926e-02 -4.575440999999999647e+00 1.497179999999999955e+00
-1.624999999999999925e-03 -8.648699999999999444e-02 4.172999999999999626e-03
-3.552830000000000155e-01 5.451589999999999492e-01 -1.368070000000000119e-01
-8.296839999999999771e-01 3.160830000000000028e-01 -3.668440000000000034e-01
3.009600000000000122e-02 -3.610700000000000021e-02 1.469200000000000020e-02
-3.464102000000000015e+00 -2.204879000000000033e+00 -4.201970000000000205e+00
2.708949999999999969e-01 -5.500900000000000234e-02 1.213690000000000047e-01
-3.148110000000000075e-01 5.856970000000000232e-01 2.647450000000000081e-01
1.819119999999999904e-01 -1.004879999999999940e-01 7.453100000000000003e-02
2.414520000000000000e-01 -7.079000000000000570e-02 9.601400000000000212e-02
2.159099999999999908e-01 4.159439999999999804e-01 2.921690000000000120e-01
3.417899999999999827e-01 -4.723299999999999721e-02 1.523120000000000029e-01
-3.689525999999999861e+00 1.507295999999999969e+00 -3.807158999999999960e+00
-4.112759999999999749e-01 1.355409999999999948e-01 -1.747609999999999997e-01
-1.003539999999999988e-01 1.738599999999999868e-02 -3.797299999999999981e-02
-3.152699999999999947e-01 2.357700000000000073e-02 -1.321829999999999949e-01
2.587206999999999812e+00 -2.344729999999999870e-01 1.405245999999999995e+00
2.655170000000000030e-01 -1.803170000000000051e-01 1.215529999999999944e-01
-4.076339999999999963e-01 -1.436899999999999983e-02 -1.721139999999999892e-01
4.677040000000000086e-01 -7.259799999999999587e-02 2.064199999999999924e-01
2.771089999999999942e-01 -3.183849999999999736e-01 9.047299999999999787e-02
1.917774000000000090e+00 -1.674506999999999968e+00 1.794775000000000009e+00
3.344039999999999790e-01 -1.730170000000000041e-01 1.520090000000000052e-01
-3.685039999999999982e-01 8.146999999999999728e-03 -1.551939999999999986e-01
-4.894029999999999769e-01 -7.530799999999999994e-02 -3.739299999999999846e-01
4.091100000000000292e-02 -3.592919999999999892e+00 -9.504850000000000243e-01
-2.006340000000000068e-01 9.516299999999999759e-02 -5.659299999999999747e-02
-3.154770000000000074e-01 -3.451279999999999903e-01 -1.345210000000000017e-01
5.191099999999999604e-01 -2.243000000000000202e-03 2.309700000000000086e-01
-2.575700000000000212e-01 -5.881600000000000023e-02 -1.062710000000000043e-01
3.095010000000000261e-01 -1.015319999999999973e-01 1.231109999999999982e-01
-2.421419999999999961e-01 -6.262900000000000411e-02 -1.005349999999999994e-01
9.346899999999999653e-02 -1.237179999999999946e-01 2.033700000000000091e-02
-1.581458000000000030e+00 1.454436999999999980e+00 -9.675719999999999876e-01
2.298100000000000143e-02 -2.632999999999999924e-02 1.400599999999999935e-02
2.622869999999999924e-01 1.389100000000000057e-02 1.232420000000000043e-01
7.295709999999999695e-01 -5.518300000000000288e-02 3.221800000000000219e-01
-1.643540000000000001e-01 1.545400000000000072e-02 -6.461000000000000076e-02
-6.035920000000000174e-01 3.049749999999999961e-01 -2.209079999999999933e-01
-2.417670000000000097e-01 1.072059999999999957e-01 -6.974600000000000244e-02
2.213819999999999955e-01 -1.374099999999999974e-02 9.795399999999999940e-02
-8.718010000000000481e-01 -5.223900000000000071e-02 -3.807200000000000029e-01
2.697599999999999998e-02 -2.607599999999999849e-02 1.616599999999999981e-02
1.170841999999999938e+00 -1.123701000000000061e+00 4.508598000000000106e+00
-1.874373000000000067e+00 2.027289999999999925e-01 -1.082352999999999899e+00
-2.099870999999999821e+00 6.644309999999999938e-01 -1.900172999999999890e+00
-1.137685999999999975e+00 1.223410000000000053e-01 -5.017220000000000013e-01
-3.331200000000000272e-01 -3.648499999999999660e-02 -1.378600000000000103e-01
2.847720000000000251e-01 1.124040000000000039e-01 1.411669999999999869e-01
-1.229014000000000051e+00 3.428923000000000165e+00 -1.695059999999999900e-01
2.809019999999999850e-01 -5.208900000000000335e-02 1.256279999999999897e-01
-9.568569999999999576e-01 -4.292440000000000144e-01 -6.390639999999999654e-01
-1.686400000000000052e-02 -2.481999999999999831e-02 -2.422999999999999807e-03
5.303060000000000551e-01 -4.458710000000000173e-01 2.175219999999999931e-01
1.768499999999999933e-02 -3.254100000000000048e-02 1.220899999999999937e-02
3.096099999999999894e-02 -3.378500000000000253e-02 1.706600000000000131e-02
2.171130000000000004e-01 -1.506500000000000027e-02 1.392490000000000117e-01
-2.068871000000000127e+00 2.610786000000000051e+00 -4.366526000000000352e+00
7.227400000000000491e-02 -5.195400000000000018e-02 3.417800000000000005e-02
-7.575070000000000414e-01 -3.333289999999999864e-01 -5.605630000000000335e-01
5.340319999999999512e-01 9.879000000000000281e-02 2.611180000000000168e-01
-1.279120999999999952e+00 -3.318999999999999902e-03 -7.491160000000000041e-01
1.375979999999999981e-01 -8.202399999999999969e-02 6.375500000000000611e-02
2.418339999999999934e-01 -2.184600000000000083e-02 1.088039999999999979e-01
1.485509999999999886e-01 -8.430899999999999506e-02 5.113899999999999696e-02
5.065779999999999728e-01 -3.270310000000000161e-01 2.291269999999999973e-01
-4.177199999999999802e-01 5.224899999999999683e-02 -1.635119999999999907e-01
2.283202999999999872e+00 1.943670000000000120e-01 2.834791000000000061e+00
1.244409999999999961e-01 -6.142199999999999743e-02 5.594799999999999773e-02
2.777709999999999901e-01 -2.516889999999999961e-01 1.056819999999999982e-01
3.383900000000000102e-02 -3.460699999999999887e-02 1.802899999999999989e-02
1.270070000000000088e-01 -9.414000000000000146e-02 5.575000000000000094e-02
-1.781599999999999850e-02 -2.511499999999999844e-02 -3.295999999999999885e-03
7.012289999999999912e-01 2.054299999999999876e-02 3.105160000000000142e-01
-4.001970000000000249e-01 -7.746000000000000281e-03 -1.688669999999999893e-01
-1.547458000000000000e+00 -4.119169000000000302e+00 -2.168450000000000100e-01
2.129175000000000040e+00 -1.219929000000000041e+00 2.215431000000000150e+00
4.718140000000000112e-01 -4.507240000000000135e-01 1.850330000000000030e-01
2.014749999999999874e-01 -2.348199999999999940e-02 8.436699999999999755e-02
2.416099999999999914e-01 -2.159499999999999961e-02 1.086880000000000068e-01
5.032649999999999624e-01 -5.956499999999999989e-02 2.218330000000000024e-01
1.047130000000000005e-01 1.817439999999999889e-01 6.521899999999999920e-02
2.931830000000000269e-01 -6.332400000000000528e-02 1.309029999999999916e-01
-3.752579999999999805e-01 -2.952400000000000024e-01 -1.852759999999999962e-01
2.205940000000000012e+00 -6.678819999999999757e-01 1.189604000000000106e+00
-6.161950000000000482e-01 8.533000000000000307e-02 -2.482320000000000082e-01
9.167799999999999561e-02 -9.189700000000000646e-02 4.215599999999999903e-02
1.417879999999999974e-01 -8.176400000000000334e-02 6.555199999999999916e-02
2.348429999999999962e-01 -7.318800000000000305e-02 1.055880000000000013e-01
-1.602101999999999915e+00 1.711487999999999898e+00 -4.854919999999999791e-01
6.026639999999999775e-01 -1.126869999999999955e-01 2.669989999999999863e-01
6.709779999999999633e-01 3.578900000000000137e-02 2.978219999999999756e-01
1.272461000000000064e+00 2.476609999999999978e+00 1.795665000000000067e+00
-4.580060000000000242e-01 -1.422259999999999913e-01 -1.991040000000000032e-01
-3.268599999999999978e-02 2.079270000000000007e-01 7.858999999999999667e-03
-1.663500000000000048e-02 -3.043600000000000125e-02 -1.825000000000000016e-03
2.205429000000000084e+00 -9.478820000000000023e-01 2.401518999999999959e+00
5.971999999999999878e-03 -5.941699999999999759e-02 -4.602000000000000188e-03
4.968589999999999951e-01 -6.236900000000000083e-02 2.190419999999999867e-01
3.465403999999999929e+00 -2.333876000000000062e+00 4.508598000000000106e+00
7.419860000000000344e-01 -2.074799999999999908e-02 3.276749999999999940e-01
1.005363000000000007e+00 2.003330000000000055e+00 2.020897000000000165e+00
2.789799999999999919e-02 -3.036000000000000070e-03 1.702400000000000094e-02
-8.449999999999999178e-03 -8.652500000000000469e-02 1.255999999999999955e-03
3.741550000000000153e-01 -1.486349999999999894e-01 5.038600000000000023e-02
1.229399999999999937e-02 1.243810000000000054e-01 3.029400000000000148e-02
1.318915000000000060e+00 -5.817870000000000541e-01 5.231329999999999592e-01
1.416040000000000076e-01 1.740049999999999930e-01 2.108200000000000074e-01
2.085390000000000021e-01 4.577799999999999925e-02 1.058309999999999945e-01
9.637300000000000033e-02 -5.302300000000000069e-02 4.396200000000000108e-02
2.024489999999999901e-01 3.495687000000000211e+00 1.113429000000000002e+00
5.958719999999999573e-01 6.012900000000000189e-02 2.784499999999999753e-01
-1.417000000000000030e-02 -2.893599999999999992e-02 -5.980000000000000072e-04
-7.375610000000000221e-01 -2.988319999999999865e-01 -3.274090000000000056e-01
2.941730000000000178e-01 3.278289999999999815e-01 2.850050000000000083e-01
-2.394270000000000120e+00 2.999890000000000057e-01 -2.237319999999999975e+00
-1.036399000000000070e+00 1.259250000000000091e-01 -4.507570000000000188e-01
-6.650770000000000293e-01 -1.889109999999999956e-01 -3.032520000000000215e-01
-6.603799999999999670e-01 2.545859999999999790e-01 -2.353870000000000129e-01
2.151540000000000119e-01 -4.704300000000000148e-02 1.116199999999999970e-01
8.664700000000000180e-02 -5.245299999999999963e-02 4.091499999999999998e-02
-1.262734999999999941e+00 4.648889999999999967e-01 -4.807620000000000227e-01
-1.310200000000000080e-02 -7.941999999999999407e-03 5.219999999999999814e-03
-7.350900000000000489e-02 1.884000000000000041e-03 -1.677999999999999978e-02
3.417430000000000190e-01 4.937500000000000222e-01 4.879979999999999873e-01
-3.930629999999999957e-01 1.714940000000000075e-01 -1.340929999999999900e-01
-1.123010000000000064e+00 -1.837050000000000072e-01 -4.969080000000000163e-01
-1.171409999999999951e-01 -3.519880000000000231e-01 -4.668300000000000227e-02
-1.003570000000000018e-01 -1.228080000000000005e-01 -5.657100000000000323e-02
5.203599999999999892e-02 -4.176799999999999957e-02 2.415300000000000086e-02
7.702510000000000190e-01 -4.636440000000000006e-01 2.638739999999999974e-01
-3.303470000000000018e-01 1.991800000000000168e-02 -1.387110000000000010e-01
4.088499999999999773e-02 -3.533000000000000116e-03 2.199200000000000113e-02
-7.299369999999999470e-01 2.929499999999999882e-01 -2.584259999999999891e-01
-2.274819999999999898e-01 -1.798220000000000096e-01 -9.662800000000000555e-02
3.389579999999999815e-01 -1.579900000000000054e-02 1.360389999999999933e-01
6.030720000000000525e-01 -1.054520000000000041e-01 2.755449999999999844e-01
-1.472858999999999918e+00 -1.229001999999999928e+00 -1.427861999999999965e+00
9.428999999999999881e-03 5.473299999999999693e-02 -1.454199999999999937e-02
-2.011035000000000128e+00 -5.418960000000000443e-01 -4.520287999999999862e+00
-1.159183000000000074e+00 7.545100000000000418e-02 -5.050559999999999494e-01
-1.868200000000000069e-02 -2.635099999999999942e-02 -4.534999999999999969e-03
8.849310000000000231e-01 -2.703980000000000272e-01 3.969659999999999855e-01
6.581780000000000408e-01 4.125999999999999807e-02 2.924700000000000077e-01
2.517499999999999946e-02 -2.580500000000000155e-02 1.529900000000000010e-02
-8.354190000000000227e-01 -2.062343999999999955e+00 -1.213750000000000107e+00
-1.888499999999999901e-02 -1.002523000000000053e+00 -5.074760000000000382e-01
1.565640000000000087e-01 1.459620000000000084e-01 2.048919999999999908e-01
2.277740000000000042e-01 -6.203499999999999986e-02 9.045100000000000362e-02
-8.574180000000000135e-01 3.325029999999999930e-01 -2.915280000000000094e-01
1.468900000000000067e-02 -3.269199999999999884e-02 1.099900000000000010e-02
1.328100000000000114e-01 -3.201999999999999985e-03 6.079799999999999788e-02
-5.627879999999999550e-01 9.374749999999999472e-01 2.562989999999999990e-01
1.617652000000000090e+00 1.901789999999999869e-01 2.398782000000000192e+00
2.904070000000000262e-01 -6.393400000000000472e-02 1.296910000000000007e-01
-1.599917000000000034e+00 -4.350031000000000425e+00 -2.556725000000000136e+00
-1.110749999999999932e-01 3.565916000000000086e+00 1.455891000000000046e+00
6.658899999999999819e-01 -9.206100000000000394e-02 2.944869999999999988e-01
2.408084000000000113e+00 7.292650000000000521e-01 1.737076999999999982e+00
7.438240000000000407e-01 -4.819970000000000088e-01 1.582260000000000055e-01
1.152902000000000093e+00 -5.427290000000000170e-01 4.276619999999999866e-01
-1.260505999999999904e+00 -1.719529999999999947e-01 -7.989730000000000443e-01
-1.163290000000000018e-01 4.084999999999999742e-02 -3.629199999999999787e-02
-7.781299999999999883e-01 6.028000000000000025e-02 -3.356970000000000232e-01
1.056087999999999916e+00 -5.110909999999999620e-01 3.811640000000000028e-01
-3.322599999999999998e+00 -2.400783000000000111e+00 -4.520287999999999862e+00
6.185589999999999700e-01 -1.081659999999999983e-01 2.739099999999999868e-01
4.976140000000000008e-01 1.263799999999999993e-02 2.234440000000000037e-01
9.190160000000000551e-01 -7.615499999999999492e-01 2.262429999999999997e-01
8.583000000000000351e-03 -3.310400000000000148e-02 8.465000000000000302e-03
-2.878459999999999908e-01 5.538528000000000340e+00 8.017830000000000235e-01
-4.961960000000000259e-01 -1.317139999999999977e-01 -2.161079999999999945e-01
1.598495999999999917e+00 -5.683270000000000266e-01 2.029733999999999927e+00
2.146389999999999965e-01 -4.831900000000000084e-02 9.747100000000000208e-02
4.913480000000000070e-01 -6.457799999999999652e-02 2.166480000000000072e-01
-1.026860000000000106e+00 -1.012659999999999894e+00 -1.039911000000000030e+00
1.174006000000000105e+00 -2.806712000000000096e+00 1.507768999999999915e+00
1.060210000000000097e+00 -3.538229999999999986e-01 4.061600000000000210e-01
2.345800000000000107e-01 -4.233210000000000028e-01 8.341999999999999416e-02
3.644999999999999803e-03 -2.877700000000000050e-02 7.407000000000000389e-03
-8.685030000000000250e-01 -5.784199999999999758e-02 -3.796550000000000202e-01
6.783940000000000525e-01 3.468220000000000192e-01 3.335600000000000231e-01
1.607825999999999977e+00 -8.512389999999999679e-01 1.473421000000000092e+00
2.510911000000000115e+00 -3.972600000000000020e-01 1.257624000000000075e+00
3.830910000000000148e-01 7.336900000000000366e-02 1.845330000000000026e-01
-1.372199999999999982e-02 -2.828299999999999911e-02 -3.579999999999999741e-04
-1.206050000000000066e+00 -1.374219999999999886e-01 -5.336729999999999530e-01
-1.760952000000000073e+00 3.971669999999999923e-01 -8.850810000000000066e-01
3.335819999999999896e-01 -1.931499999999999884e-02 1.473210000000000075e-01
-1.767960999999999894e+00 6.512050000000000338e-01 -1.734833000000000069e+00
